0.8346 
0.8300 
0.8309 
0.8240 
0.8336 
0.8373 
0.8332 
0.8414 
0.8341 
0.8263 
0.8313 
0.8341 
0.8341 
0.8359 
0.8245 
0.8263 
0.8295 
0.8277 
0.8103 
0.8364 
0.8263 
0.8350 
0.8364 
0.8300 
0.8414 
0.8419 
0.8268 
0.8272 
0.8359 
0.8405 
0.8291 
0.8249 
0.8272 
0.8359 
0.8382 
0.8332 
0.8419 
0.8318 
0.8368 
0.8341 
0.8268 
0.8364 
0.8359 
0.8373 
0.8401 
0.8199 
0.8318 
0.8254 
0.8217 
0.8222 
0.8277 
0.8254 
0.8304 
0.8323 
0.8414 
0.8391 
0.8378 
0.8236 
0.8359 
0.8327 
0.8254 
0.8213 
0.8258 
0.8313 
0.8309 
0.8258 
0.8304 
0.8341 
0.8291 
0.8332 
0.8355 
0.8396 
0.8258 
0.8181 
0.8148 
0.8332 
0.8364 
0.8222 
0.8281 
0.8286 
0.8025 
0.8254 
0.8286 
0.8240 
0.8355 
0.8263 
0.8231 
0.8176 
0.8396 
0.8355 
0.8378 
0.8300 
0.8245 
0.8249 
0.8350 
0.8387 
0.8258 
0.8396 
0.8350 
0.8286 
0.8300 
0.8309 
0.8277 
0.8346 
0.8410 
0.8391 
0.8240 
0.8268 
0.8281 
0.8268 
0.8368 
0.8323 
0.8460 
0.8332 
0.8391 
0.8286 
0.8378 
0.8391 
0.8194 
0.8272 
0.8318 
0.8346 
0.8323 
0.8327 
0.8295 
0.8245 
0.8451 
0.8336 
0.8258 
0.8364 
0.8460 
0.8295 
0.8332 
0.8341 
0.8378 
0.8300 
0.8254 
0.8217 
0.8291 
0.8277 
0.8346 
0.8153 
0.8300 
0.8268 
0.8245 
0.8226 
0.8295 
0.8268 
0.8359 
0.8442 
0.8368 
0.8336 
0.8291 
0.8451 
0.8364 
0.8327 
0.8249 
0.8277 
0.8387 
0.8286 
0.8364 
0.8268 
0.8405 
0.8359 
0.8318 
0.8240 
0.8268 
0.8391 
0.8254 
0.8258 
0.8300 
0.8249 
0.8158 
0.8350 
0.8291 
0.8203 
0.8277 
0.8373 
0.8304 
0.8208 
0.8272 
0.8258 
0.8318 
0.8203 
0.8414 
0.8304 
0.8359 
0.8304 
0.8268 
0.8254 
0.8405 
0.8199 
0.8217 
0.8332 
0.8341 
0.8236 
0.8286 
0.8291 
0.8258 
0.8277 
0.8373 
0.8313 
0.8304 
0.8313 
0.8167 
0.8401 
0.8405 
0.8355 
0.8378 
0.8350 
0.8295 
0.8249 
0.8364 
0.8281 
0.8277 
0.8281 
0.8318 
0.8332 
0.8313 
0.8382 
0.8327 
0.8396 
0.8249 
0.8277 
0.8281 
0.8286 
0.8249 
0.8359 
0.8254 
0.8208 
0.8240 
0.8258 
0.8286 
0.8295 
0.8254 
0.8364 
0.8364 
0.8240 
0.8350 
0.8332 
0.8272 
0.8346 
0.8181 
0.8272 
0.8277 
0.8336 
0.8373 
0.8295 
0.8318 
0.8249 
0.8355 
0.8300 
0.8249 
0.8286 
0.8295 
0.8309 
0.8281 
0.8263 
0.8181 
0.8318 
0.8313 
0.8382 
0.8245 
0.8277 
0.8396 
0.8323 
0.8203 
0.8268 
0.8346 
0.8341 
0.8318 
0.8203 
0.8350 
0.8323 
0.8423 
0.8304 
0.8364 
0.8203 
0.8346 
0.8277 
0.8323 
0.8359 
0.8258 
0.8286 
0.8291 
0.8281 
0.8258 
0.8286 
0.8350 
0.8405 
0.8428 
0.8332 
0.8304 
0.8295 
0.8323 
0.8346 
0.8414 
0.8291 
0.8405 
0.8295 
0.8171 
0.8368 
0.8318 
0.8240 
0.8355 
0.8286 
0.8272 
0.8382 
0.8213 
0.8332 
0.8217 
0.8231 
0.8300 
0.8332 
0.8286 
0.8396 
0.8318 
0.8222 
0.8368 
0.8254 
0.8291 
0.8222 
0.8144 
0.8350 
0.8341 
0.8309 
0.8240 
0.8281 
0.8277 
0.8359 
0.8396 
0.8281 
0.8368 
0.8254 
0.8185 
0.8336 
0.8277 
0.8277 
0.8236 
0.8355 
0.8226 
0.8249 
0.8364 
0.8401 
0.8295 
0.8281 
0.8355 
0.8240 
0.8401 
0.8130 
0.8236 
0.8263 
0.8341 
0.8254 
0.8327 
0.8245 
0.8350 
0.8300 
0.8236 
0.8213 
0.8277 
0.8346 
0.8304 
0.8185 
0.8240 
0.8286 
0.8272 
0.8217 
0.8291 
0.8272 
0.8240 
0.8368 
0.8258 
0.8291 
0.8359 
0.8323 
0.8245 
0.8341 
0.8300 
0.8423 
0.8437 
0.8272 
0.8304 
0.8341 
0.8268 
0.8277 
0.8272 
0.8313 
0.8217 
0.8368 
0.8387 
0.8300 
0.8181 
0.8263 
0.8112 
0.8231 
0.8350 
0.8268 
0.8332 
0.8313 
0.8291 
0.8446 
0.8355 
0.8236 
0.8286 
0.8442 
0.8300 
0.8295 
0.8332 
0.8240 
0.8346 
0.8410 
0.8373 
0.8327 
0.8368 
0.8304 
0.8295 
0.8304 
0.8401 
0.8254 
0.8295 
0.8346 
0.8217 
0.8396 
0.8327 
0.8240 
0.8245 
0.8401 
0.8281 
0.8313 
0.8272 
0.8203 
0.8391 
0.8359 
0.8222 
0.8281 
0.8286 
0.8291 
0.8332 
0.8281 
0.8281 
0.8249 
0.8254 
0.8359 
0.8323 
0.8350 
0.8254 
0.8304 
0.8268 
0.8368 
0.8368 
0.8300 
0.8263 
0.8323 
0.8281 
0.8368 
0.8236 
0.8336 
0.8341 
0.8309 
0.8401 
0.8291 
0.8373 
0.8185 
0.8277 
0.8323 
0.8359 
0.8327 
0.8373 
0.8336 
0.8355 
0.8359 
0.8419 
0.8281 
0.8332 
0.8258 
0.8199 
0.8346 
0.8346 
0.8291 
0.8208 
0.8240 
0.8332 
0.8368 
0.8254 
0.8268 
0.8373 
0.8236 
0.8327 
0.8222 
0.8350 
0.8295 
0.8176 
0.8304 
0.8249 
0.8364 
0.8336 
0.8359 
0.8373 
0.8286 
0.8222 
0.8245 
0.8217 
0.8359 
0.8272 
0.8355 
0.8323 
0.8323 
0.8359 
0.8410 
0.8350 
0.8405 
0.8295 
0.8373 
0.8346 
0.8419 
0.8323 
0.8126 
0.8378 
0.8240 
0.8378 
0.8332 
0.8258 
0.8327 
0.8304 
0.8295 
0.8263 
0.8405 
0.8158 
0.8291 
0.8281 
0.8254 
0.8291 
0.8336 
0.8300 
0.8355 
0.8304 
0.8249 
0.8405 
0.8281 
0.8249 
0.8327 
0.8396 
0.8437 
0.8208 
0.8190 
0.8281 
0.8346 
0.8323 
0.8263 
0.8341 
0.8355 
0.8323 
0.8336 
0.8332 
0.8414 
0.8368 
0.8355 
0.8313 
0.8263 
0.8364 
0.8350 
0.8304 
0.8222 
0.8300 
0.8323 
0.8171 
0.8318 
0.8226 
0.8350 
0.8378 
0.8396 
0.8350 
0.8336 
0.8263 
0.8414 
0.8341 
0.8309 
0.8346 
0.8309 
0.8162 
0.8341 
0.8295 
0.8341 
0.8341 
0.8401 
0.8295 
0.8258 
0.8277 
0.8313 
0.8327 
0.8304 
0.8291 
0.8268 
0.8341 
0.8249 
0.8341 
0.8368 
0.8277 
0.8231 
0.8332 
0.8405 
0.8350 
0.8446 
0.8286 
0.8414 
0.8346 
0.8171 
0.8281 
0.8213 
0.8405 
0.8359 
0.8222 
0.8291 
0.8350 
0.8268 
0.8222 
0.8368 
0.8281 
0.8368 
0.8181 
0.8268 
0.8318 
0.8281 
0.8323 
0.8277 
0.8295 
0.8291 
0.8410 
0.8391 
0.8382 
0.8313 
0.8346 
0.8378 
0.8336 
0.8226 
0.8382 
0.8456 
0.8291 
0.8382 
0.8327 
0.8304 
0.8313 
0.8231 
0.8258 
0.8332 
0.8309 
0.8300 
0.8263 
0.8355 
0.8286 
0.8327 
0.8382 
0.8313 
0.8300 
0.8350 
0.8355 
0.8391 
0.8281 
0.8327 
0.8254 
0.8378 
0.8346 
0.8272 
0.8304 
0.8332 
0.8291 
0.8341 
0.8277 
0.8313 
0.8268 
0.8291 
0.8332 
0.8318 
0.8346 
0.8272 
0.8295 
0.8313 
0.8309 
0.8387 
0.8346 
0.8217 
0.8254 
0.8277 
0.8428 
0.8304 
0.8313 
0.8286 
0.8401 
0.8396 
0.8346 
0.8208 
0.8387 
0.8373 
0.8254 
0.8222 
0.8254 
0.8327 
0.8332 
0.8323 
0.8323 
0.8199 
0.8382 
0.8217 
0.8368 
0.8226 
0.8286 
0.8281 
0.8488 
0.8373 
0.8401 
0.8258 
0.8268 
0.8263 
0.8213 
0.8327 
0.8336 
0.8350 
0.8263 
0.8304 
0.8405 
0.8300 
0.8295 
0.8410 
0.8268 
0.8405 
0.8359 
0.8373 
0.8295 
0.8350 
0.8410 
0.8217 
0.8423 
0.8332 
0.8410 
0.8368 
0.8451 
0.8428 
0.8112 
0.8268 
0.8332 
0.8359 
0.8437 
0.8254 
0.8277 
0.8336 
0.8268 
0.8236 
0.8245 
0.8382 
0.8222 
0.8258 
0.8387 
0.8240 
0.8318 
0.8258 
0.8217 
0.8336 
0.8203 
0.8336 
0.8313 
0.8263 
0.8304 
0.8203 
0.8332 
0.8368 
0.8249 
0.8483 
0.8318 
0.8176 
0.8423 
0.8222 
0.8350 
0.8341 
0.8176 
0.8336 
0.8368 
0.8272 
0.8291 
0.8295 
0.8291 
0.8387 
0.8213 
0.8254 
0.8341 
0.8304 
0.8355 
0.8199 
0.8300 
0.8382 
0.8364 
0.8208 
0.8226 
0.8295 
0.8332 
0.8414 
0.8254 
0.8378 
0.8272 
0.8382 
0.8336 
0.8231 
0.8236 
0.8295 
0.8181 
0.8318 
0.8355 
0.8245 
0.8336 
0.8263 
0.8263 
0.8364 
0.8249 
0.8313 
0.8277 
0.8405 
0.8304 
0.8231 
0.8341 
0.8231 
0.8231 
0.8309 
0.8217 
0.8323 
0.8364 
0.8387 
0.8323 
0.8318 
0.8268 
0.8245 
0.8153 
0.8350 
0.8332 
0.8213 
0.8323 
0.8318 
0.8286 
0.8332 
0.8401 
0.8373 
0.8346 
0.8222 
0.8368 
0.8286 
0.8295 
0.8291 
0.8313 
0.8359 
0.8309 
0.8268 
0.8139 
0.8309 
0.8309 
0.8245 
0.8364 
0.8249 
0.8359 
0.8327 
0.8313 
0.8277 
0.8359 
0.8327 
0.8190 
0.8240 
0.8272 
0.8309 
0.8327 
0.8346 
0.8304 
0.8226 
0.8281 
0.8277 
0.8291 
0.8378 
0.8423 
0.8245 
0.8199 
0.8378 
0.8277 
0.8346 
0.8139 
0.8148 
0.8181 
0.8327 
0.8304 
0.8423 
0.8373 
0.8144 
0.8410 
0.8309 
0.8410 
0.8281 
0.8336 
0.8350 
0.8336 
0.8346 
0.8190 
0.8213 
0.8286 
0.8258 
0.8245 
0.8378 
0.8350 
0.8249 
0.8300 
0.8277 
0.8272 
0.8313 
0.8295 
0.8272 
0.8272 
0.8300 
0.8295 
0.8199 
0.8346 
0.8378 
0.8373 
0.8378 
0.8300 
0.8433 
0.8240 
0.8350 
0.8272 
0.8240 
0.8410 
0.8368 
0.8295 
0.8478 
0.8336 
0.8382 
0.8300 
0.8254 
0.8304 
0.8245 
0.8217 
0.8350 
0.8364 
0.8286 
0.8263 
0.8346 
0.8350 
0.8291 
0.8318 
0.8391 
0.8323 
0.8295 
0.8323 
0.8199 
0.8368 
0.8300 
0.8323 
0.8268 
0.8263 
0.8281 
0.8263 
0.8291 
0.8359 
0.8378 
0.8378 
0.8378 
0.8249 
0.8263 
0.8346 
0.8323 
0.8414 
0.8291 
0.8350 
0.8268 
0.8318 
0.8309 
0.8368 
0.8318 
0.8350 
0.8355 
0.8327 
0.8240 
0.8309 
0.8199 
0.8350 
0.8364 
0.8213 
0.8295 
0.8313 
0.8368 
0.8268 
0.8323 
0.8332 
0.8309 
0.8332 
0.8396 
0.8368 
0.8272 
0.8268 
0.8258 
0.8318 
0.8281 
0.8126 
0.8263 
0.8291 
0.8263 
