333 22 101 17 73 88 77 56 1415  
323 26 126 11 77 102 68 38 1411  
347 25 113 16 80 99 64 52 1386  
329 21 132 19 74 100 72 40 1395  
345 25 112 10 68 103 74 39 1406  
338 18 123 14 81 108 58 34 1408  
320 27 128 10 78 90 59 50 1420  
319 26 131 6 83 95 52 36 1434  
336 20 121 19 95 78 65 59 1389  
320 31 129 9 85 97 68 45 1398  
325 23 120 16 81 90 78 41 1408  
320 20 120 12 88 91 64 55 1412  
292 21 121 11 72 96 71 42 1456  
339 18 120 24 68 90 54 52 1417  
304 33 130 13 72 103 64 40 1423  
322 30 146 12 81 95 51 45 1400  
335 25 121 22 79 89 70 45 1396  
320 31 112 14 70 97 70 52 1416  
307 27 158 22 67 103 47 57 1394  
325 16 123 21 74 107 64 26 1426  
312 21 119 14 77 93 74 58 1414  
335 20 109 22 78 98 70 41 1409  
322 18 107 12 84 96 85 39 1419  
307 26 113 17 66 101 63 51 1438  
337 19 113 14 73 102 56 42 1426  
333 14 126 17 64 103 58 27 1440  
322 15 127 26 73 98 60 52 1409  
332 21 131 14 77 97 72 42 1396  
353 20 119 14 82 85 71 49 1389  
338 24 124 12 70 89 59 40 1426  
317 24 120 16 67 108 74 31 1425  
309 21 116 17 76 102 80 46 1415  
336 27 130 16 84 90 66 48 1385  
324 19 119 18 81 99 72 31 1419  
336 14 126 16 84 104 50 43 1409  
317 25 106 9 70 103 75 46 1431  
338 17 103 15 81 84 66 60 1418  
316 18 134 13 76 107 65 30 1423  
310 19 118 8 76 110 69 32 1440  
330 17 116 24 69 111 50 44 1421  
324 20 124 24 71 94 77 39 1409  
332 20 107 20 67 84 69 57 1426  
344 16 114 21 72 106 66 35 1408  
349 15 106 19 74 104 79 32 1404  
333 15 109 15 80 100 69 41 1420  
308 15 128 22 72 107 72 49 1409  
338 28 113 14 85 84 76 52 1392  
324 29 136 8 84 110 56 42 1393  
340 23 117 18 74 102 78 51 1379  
326 16 135 28 62 111 68 30 1406  
310 21 134 17 69 106 64 34 1427  
327 22 129 17 66 118 64 31 1408  
338 18 126 19 75 89 66 52 1399  
304 30 125 13 73 95 63 40 1439  
329 18 126 15 93 84 62 41 1414  
346 20 94 14 66 100 76 47 1419  
306 20 117 12 84 96 62 47 1438  
344 20 137 16 76 101 68 43 1377  
314 19 119 17 81 99 61 43 1429  
324 33 116 13 78 85 70 48 1415  
321 23 114 12 84 77 86 69 1396  
314 19 118 21 74 111 78 43 1404  
340 24 106 19 61 115 65 51 1401  
316 22 126 22 77 95 60 43 1421  
334 20 124 22 72 97 68 38 1407  
316 22 129 13 81 112 67 37 1405  
309 19 142 20 76 97 58 34 1427  
308 16 145 20 78 102 45 34 1434  
323 21 126 17 81 88 71 50 1405  
335 17 124 16 72 93 71 43 1411  
325 31 116 10 76 98 65 39 1422  
345 26 116 26 75 84 54 44 1412  
320 18 117 27 75 91 92 35 1407  
339 15 116 21 74 111 77 57 1372  
323 15 142 15 74 98 72 62 1381  
318 33 108 15 73 90 78 40 1427  
334 15 123 17 81 93 74 35 1410  
322 19 119 23 76 97 87 43 1396  
309 15 142 10 74 107 63 38 1424  
329 17 135 17 72 105 59 41 1407  
311 27 135 13 71 102 105 49 1369  
319 28 131 13 83 88 61 60 1399  
321 26 134 14 83 105 58 37 1404  
334 22 127 18 74 96 70 51 1390  
355 16 112 18 74 95 57 61 1394  
295 27 135 12 77 94 70 41 1431  
339 21 118 18 81 100 79 50 1376  
331 21 123 22 67 105 71 56 1386  
312 20 118 16 77 104 59 33 1443  
322 14 127 19 64 107 52 40 1437  
329 16 120 14 83 105 63 36 1416  
335 11 118 31 70 94 84 33 1406  
325 18 117 17 57 104 78 49 1417  
315 17 124 14 68 100 76 51 1417  
340 14 117 18 74 101 64 46 1408  
332 15 133 9 78 104 53 38 1420  
324 31 130 19 74 92 69 39 1404  
337 21 107 12 82 100 66 44 1413  
337 19 115 19 74 103 61 43 1411  
335 30 136 15 79 107 53 33 1394  
320 14 135 16 76 99 57 50 1415  
352 29 124 13 79 99 65 39 1382  
313 25 135 9 79 96 59 52 1414  
348 12 105 17 82 102 85 40 1391  
332 18 123 9 81 83 63 51 1422  
321 28 110 17 79 88 62 46 1431  
291 27 135 23 66 104 62 33 1441  
319 24 119 9 80 107 65 54 1405  
329 26 123 15 83 92 80 39 1395  
328 22 128 14 76 93 75 46 1400  
318 23 137 13 78 77 62 44 1430  
333 21 126 14 82 102 67 36 1401  
311 26 116 13 77 89 55 37 1458  
347 18 130 13 67 93 67 43 1404  
347 17 108 21 71 91 86 28 1413  
330 20 115 23 68 85 73 58 1410  
346 22 127 12 76 102 58 33 1406  
327 12 122 13 82 83 65 56 1422  
343 20 114 18 76 101 97 44 1369  
318 18 129 15 80 104 68 43 1407  
335 21 117 20 82 97 71 41 1398  
332 6 131 24 80 89 63 48 1409  
320 28 126 15 75 103 55 39 1421  
319 25 119 13 64 103 67 38 1434  
314 23 113 16 91 82 84 54 1405  
318 23 136 18 71 97 62 47 1410  
334 12 111 25 77 89 55 46 1433  
309 22 119 19 87 91 64 48 1423  
338 15 145 24 79 102 60 34 1385  
332 17 98 27 72 112 73 30 1421  
346 20 118 15 89 88 50 45 1411  
322 11 120 16 67 111 69 45 1421  
334 16 122 25 72 97 65 39 1412  
328 22 117 18 76 103 60 42 1416  
337 19 125 11 72 92 59 48 1419  
325 17 134 17 76 107 66 30 1410  
319 33 124 13 89 84 68 59 1393  
324 27 129 17 77 85 81 50 1392  
333 21 121 16 83 101 64 50 1393  
334 22 125 12 78 98 68 51 1394  
323 21 114 14 77 111 66 35 1421  
310 29 118 20 76 92 81 63 1393  
326 20 124 21 75 100 71 35 1410  
322 19 133 17 74 95 61 53 1408  
333 23 127 26 68 109 61 37 1398  
317 24 124 23 78 96 67 53 1400  
335 22 124 15 74 101 70 40 1401  
322 23 116 14 67 105 69 51 1415  
351 22 109 11 73 95 74 47 1400  
346 22 111 17 82 85 56 49 1414  
314 22 142 11 83 99 48 34 1429  
313 22 126 15 83 97 72 31 1423  
347 29 143 18 75 79 49 55 1387  
325 18 105 15 87 87 74 39 1432  
319 19 130 12 89 90 63 43 1417  
287 27 126 12 83 97 53 50 1447  
324 33 127 12 75 91 65 54 1401  
329 22 112 17 73 103 80 42 1404  
314 19 116 13 80 83 79 42 1436  
316 19 114 19 72 90 81 51 1420  
347 14 132 22 68 89 49 51 1410  
301 17 152 15 79 109 56 29 1424  
322 29 118 17 73 91 59 34 1439  
345 17 112 20 81 95 68 46 1398  
335 21 122 11 78 88 73 52 1402  
331 28 146 13 68 105 56 36 1399  
304 29 131 15 72 111 63 29 1428  
313 22 108 16 81 89 79 37 1437  
312 20 117 20 71 106 71 47 1418  
324 27 136 14 70 90 73 40 1408  
346 24 136 9 83 95 60 47 1382  
345 28 112 17 65 104 81 40 1390  
343 23 137 22 73 90 82 48 1364  
338 26 117 27 71 84 64 42 1413  
337 19 125 18 58 93 82 36 1414  
345 16 145 14 75 111 62 44 1370  
327 28 119 16 81 98 66 49 1398  
351 17 113 21 75 95 69 40 1401  
336 25 131 18 68 95 53 48 1408  
333 21 155 15 81 101 52 47 1377  
330 24 135 15 75 91 63 49 1400  
340 19 131 16 68 102 66 46 1394  
328 25 122 12 69 111 53 44 1418  
303 27 133 13 71 99 67 53 1416  
349 19 122 14 68 93 58 40 1419  
316 29 129 10 66 107 66 29 1430  
325 27 113 16 75 95 75 32 1424  
327 27 129 14 74 86 69 45 1411  
355 15 134 21 76 86 61 61 1373  
354 17 118 22 82 94 73 57 1365  
349 16 114 18 66 91 62 47 1419  
330 21 140 17 67 107 55 53 1392  
329 30 114 11 78 100 87 47 1386  
335 22 123 16 77 95 72 36 1406  
302 18 121 18 76 99 60 46 1442  
322 14 134 17 67 112 62 46 1408  
325 22 141 13 70 92 57 49 1413  
334 26 92 22 67 100 99 34 1408  
335 29 139 20 80 78 65 49 1387  
332 24 115 11 85 98 74 54 1389  
305 28 116 12 65 107 65 27 1457  
350 19 120 19 72 90 68 52 1392  
313 14 134 21 82 106 48 47 1417  
342 20 129 19 78 98 65 37 1394  
327 23 124 26 58 103 72 52 1397  
357 18 102 21 73 89 72 47 1403  
343 15 115 23 80 97 69 29 1411  
341 15 115 15 81 98 74 42 1401  
336 19 117 16 78 90 60 52 1414  
326 18 119 16 86 101 71 35 1410  
333 22 141 16 77 95 47 51 1400  
339 20 127 16 78 106 79 34 1383  
341 19 141 14 80 95 44 44 1404  
342 20 127 23 80 75 71 59 1385  
346 20 119 20 65 109 72 36 1395  
333 23 131 14 81 89 63 55 1393  
345 15 114 20 73 98 70 50 1397  
345 22 125 15 73 96 55 51 1400  
350 29 131 7 85 98 62 41 1379  
334 15 118 17 79 103 56 44 1416  
344 19 117 18 79 86 79 46 1394  
349 18 108 17 78 88 61 58 1405  
324 25 115 19 75 88 76 59 1401  
320 32 124 15 72 112 71 22 1414  
317 16 134 20 83 89 63 53 1407  
317 25 117 17 84 97 68 50 1407  
329 29 129 20 56 99 59 46 1415  
331 20 121 23 76 83 71 40 1417  
326 18 117 21 72 96 77 52 1403  
326 16 122 20 64 124 74 35 1401  
345 23 135 14 84 81 75 56 1369  
325 22 126 14 80 78 75 65 1397  
332 17 132 11 79 108 64 42 1397  
335 24 121 14 74 85 72 56 1401  
335 14 130 20 69 89 71 57 1397  
361 20 108 19 65 97 72 41 1399  
324 25 129 12 76 94 65 32 1425  
315 26 117 23 74 98 78 42 1409  
356 18 107 16 81 85 81 53 1385  
333 29 124 15 82 81 63 52 1403  
348 28 106 16 78 95 78 54 1379  
332 23 125 15 84 98 61 39 1405  
301 13 131 19 81 107 89 38 1403  
317 24 119 21 76 85 64 64 1412  
324 22 124 13 80 96 75 46 1402  
342 24 103 14 78 81 86 55 1399  
341 15 104 17 70 104 74 41 1416  
335 18 125 16 71 101 64 48 1404  
317 20 123 19 73 90 68 47 1425  
339 32 122 15 66 99 77 37 1395  
321 17 126 13 68 104 60 39 1434  
326 24 129 10 86 91 75 42 1399  
315 22 121 14 78 89 74 62 1407  
314 16 134 18 73 107 67 32 1421  
308 18 145 17 70 93 50 49 1432  
310 19 109 20 78 109 71 41 1425  
338 26 134 15 81 93 65 42 1388  
321 27 127 18 72 105 69 33 1410  
301 36 128 20 76 94 64 55 1408  
325 14 122 16 71 104 68 43 1419  
326 25 137 13 75 91 48 54 1413  
325 24 120 11 79 78 68 52 1425  
312 18 132 14 68 115 70 34 1419  
320 21 125 11 80 99 71 49 1406  
324 8 127 20 65 108 58 29 1443  
325 31 127 10 73 101 59 38 1418  
332 20 141 21 74 88 75 47 1384  
331 20 136 19 76 85 68 50 1397  
304 14 137 10 77 104 64 32 1440  
309 24 137 19 81 92 45 45 1430  
328 22 125 16 70 107 62 35 1417  
307 28 115 12 78 99 86 52 1405  
338 17 124 26 76 89 60 44 1408  
329 22 115 14 74 95 86 34 1413  
322 25 112 13 87 91 72 31 1429  
333 19 113 19 77 95 83 41 1402  
328 18 135 14 86 99 64 27 1411  
311 26 139 12 74 96 61 58 1405  
326 28 99 19 81 100 62 53 1414  
302 23 118 11 74 109 67 48 1430  
341 20 114 22 80 79 68 63 1395  
327 20 135 14 76 99 59 31 1421  
305 32 116 7 76 106 68 51 1421  
332 28 115 14 75 111 64 42 1401  
338 25 137 12 77 88 73 38 1394  
353 18 112 18 77 87 88 52 1377  
321 11 118 15 75 116 71 49 1406  
335 25 133 18 81 103 52 43 1392  
328 17 116 27 89 84 71 45 1405  
350 26 114 13 78 94 55 46 1406  
347 15 112 13 76 87 75 41 1416  
337 21 143 12 73 85 62 41 1408  
350 22 121 19 78 89 71 48 1384  
333 20 129 13 85 98 76 36 1392  
320 22 133 18 80 111 54 28 1416  
335 24 118 18 75 81 75 45 1411  
353 20 117 11 72 94 58 46 1411  
323 19 118 20 74 97 70 49 1412  
312 22 134 13 84 90 50 39 1438  
326 22 122 19 71 97 73 39 1413  
336 24 124 17 70 116 69 49 1377  
336 10 127 20 83 88 66 45 1407  
337 14 145 22 56 99 50 37 1422  
319 16 125 18 74 102 68 55 1405  
327 23 111 11 82 91 70 53 1414  
308 34 111 11 85 94 84 40 1415  
317 34 120 13 77 87 74 49 1411  
327 21 116 21 78 83 64 48 1424  
302 24 121 17 91 87 75 66 1399  
329 23 135 16 76 101 62 27 1413  
326 16 128 17 80 102 72 54 1387  
298 31 125 15 78 104 63 48 1420  
314 33 120 15 82 80 76 47 1415  
332 18 134 14 68 96 59 43 1418  
325 24 131 15 73 107 57 40 1410  
348 20 115 15 61 95 66 39 1423  
312 24 122 10 78 91 71 49 1425  
328 26 110 17 67 111 78 46 1399  
355 22 113 12 68 107 70 32 1403  
325 21 138 19 77 96 67 40 1399  
338 21 130 14 82 86 67 55 1389  
343 22 121 19 79 83 84 59 1372  
305 22 122 19 56 117 77 48 1416  
331 20 130 20 75 94 60 36 1416  
329 38 115 12 83 86 51 60 1408  
319 22 135 15 81 94 58 45 1413  
332 15 136 19 73 125 60 29 1393  
332 27 121 10 73 101 72 44 1402  
326 24 127 22 78 108 66 29 1402  
364 15 102 22 79 88 76 55 1381  
330 23 127 17 67 89 49 45 1435  
322 23 116 11 72 105 74 46 1413  
327 29 127 16 88 99 45 40 1411  
317 19 127 19 82 82 72 62 1402  
321 26 130 11 72 115 67 47 1393  
326 27 130 18 88 79 65 44 1405  
320 17 124 21 78 83 82 49 1408  
329 19 123 8 80 97 78 51 1397  
342 27 104 20 77 95 82 57 1378  
325 17 145 14 80 88 55 40 1418  
311 21 120 12 72 90 87 57 1412  
328 32 111 15 74 110 69 45 1398  
351 21 107 15 67 111 61 42 1407  
331 14 124 19 84 86 62 44 1418  
327 20 120 14 82 91 78 49 1401  
339 22 123 9 85 97 71 53 1383  
335 23 124 14 91 93 63 42 1397  
312 27 142 10 82 102 64 39 1404  
331 26 94 19 87 88 65 57 1415  
330 26 146 15 72 97 79 45 1372  
332 23 122 19 80 94 76 51 1385  
341 33 127 18 82 80 75 46 1380  
337 18 117 19 81 81 79 48 1402  
332 18 110 24 63 112 80 37 1406  
316 28 135 15 75 100 53 34 1426  
315 25 118 9 68 94 88 49 1416  
337 19 122 17 69 91 65 46 1416  
312 16 131 12 83 108 61 43 1416  
330 22 115 19 64 98 83 48 1403  
338 23 143 19 70 99 56 50 1384  
321 21 135 16 81 80 78 46 1404  
346 25 123 13 85 101 60 39 1390  
316 19 135 15 83 84 69 48 1413  
321 15 124 19 61 117 82 39 1404  
314 21 130 14 71 116 61 42 1413  
319 28 119 12 66 90 62 63 1423  
350 23 136 11 76 99 63 45 1379  
327 31 130 11 79 90 72 55 1387  
334 24 107 14 81 98 65 65 1394  
342 24 137 14 81 86 63 53 1382  
326 26 114 18 71 103 81 42 1401  
327 22 111 12 78 84 75 52 1421  
347 15 140 21 66 105 53 46 1389  
333 25 106 12 79 101 92 37 1397  
324 24 131 13 76 82 62 46 1424  
345 10 132 20 74 100 67 37 1397  
336 22 121 19 69 107 63 51 1394  
339 17 122 19 71 101 67 36 1410  
348 23 129 16 63 89 56 58 1400  
332 23 117 14 87 87 64 39 1419  
341 16 125 12 68 83 62 43 1432  
336 20 124 13 81 102 68 50 1388  
344 12 134 17 83 93 58 56 1385  
343 20 123 11 77 89 71 48 1400  
341 24 118 14 75 102 74 46 1388  
349 21 122 16 65 101 71 45 1392  
308 26 123 11 81 117 58 42 1416  
353 20 109 17 70 86 94 42 1391  
324 23 154 16 67 118 52 26 1402  
344 25 111 13 76 99 69 39 1406  
334 20 117 19 70 97 54 45 1426  
336 17 108 18 75 94 81 53 1400  
330 20 122 14 67 108 87 46 1388  
337 19 110 15 68 108 85 42 1398  
314 20 127 23 73 116 84 42 1383  
325 16 136 15 72 110 71 38 1399  
327 27 116 12 79 107 70 28 1416  
321 26 137 8 69 107 63 37 1414  
326 23 129 14 75 95 68 35 1417  
324 25 123 11 94 104 67 38 1396  
333 25 112 14 80 92 78 52 1396  
322 22 113 12 78 83 56 53 1443  
319 17 130 19 78 92 64 37 1426  
321 24 141 13 82 89 64 54 1394  
330 22 138 17 73 96 63 38 1405  
329 15 106 25 79 86 67 41 1434  
323 21 134 18 82 102 61 35 1406  
327 26 123 12 76 97 65 49 1407  
335 24 135 12 82 94 64 35 1401  
328 26 133 15 82 102 67 41 1388  
342 18 129 12 79 100 59 43 1400  
363 20 101 18 81 89 86 33 1391  
319 15 117 14 93 84 68 57 1415  
344 14 134 14 77 92 73 38 1396  
338 9 141 17 80 80 50 59 1408  
324 18 119 23 81 89 79 42 1407  
308 24 119 16 61 119 59 35 1441  
319 20 123 23 69 108 63 33 1424  
339 22 120 14 76 94 67 32 1418  
303 28 142 12 76 110 49 40 1422  
326 17 116 16 73 115 81 27 1411  
326 23 119 19 71 87 65 48 1424  
331 17 141 16 77 110 63 42 1385  
313 28 122 15 82 92 65 28 1437  
311 22 112 10 73 112 66 43 1433  
322 29 121 15 80 102 74 43 1396  
334 22 135 10 84 96 67 53 1381  
349 25 113 14 82 87 64 46 1402  
334 25 118 18 86 81 78 55 1387  
325 19 118 17 72 96 68 50 1417  
343 19 150 17 67 106 48 37 1395  
334 17 145 23 78 99 64 44 1378  
360 21 105 22 83 73 73 57 1388  
329 20 115 22 73 101 64 36 1422  
329 16 140 18 69 113 65 36 1396  
339 30 114 16 75 90 76 49 1393  
317 18 154 13 65 89 61 39 1426  
310 20 124 19 64 107 61 42 1435  
324 25 126 15 83 101 66 31 1411  
342 23 111 14 72 92 78 57 1393  
353 16 131 23 72 98 72 35 1382  
346 29 134 18 80 98 74 29 1374  
321 16 130 14 70 105 70 46 1410  
350 26 101 16 62 106 74 35 1412  
315 21 124 17 80 104 69 31 1421  
342 20 112 17 82 84 87 40 1398  
334 24 144 17 71 93 59 44 1396  
334 25 122 18 72 101 56 48 1406  
337 17 113 20 75 98 73 57 1392  
331 22 127 11 72 103 53 40 1423  
327 26 125 16 80 87 61 41 1419  
347 15 117 21 76 104 66 48 1388  
320 21 124 16 83 85 70 63 1400  
310 18 105 28 75 111 62 42 1431  
338 13 122 12 76 117 69 42 1393  
329 22 122 12 75 98 57 45 1422  
292 22 121 18 84 102 75 47 1421  
313 23 116 18 86 81 61 64 1420  
332 30 125 7 79 94 61 45 1409  
332 21 119 15 75 97 74 43 1406  
314 19 121 17 86 88 52 52 1433  
343 13 133 19 68 103 57 48 1398  
331 25 107 18 80 98 71 36 1416  
348 24 128 14 82 86 88 56 1356  
342 23 106 17 78 90 89 51 1386  
314 10 123 23 81 98 68 44 1421  
314 27 129 12 75 82 55 53 1435  
304 24 117 15 85 81 80 48 1428  
334 22 137 7 85 87 60 42 1408  
318 23 128 12 86 98 61 41 1415  
346 27 124 7 68 98 66 37 1409  
322 23 124 19 75 90 59 43 1427  
315 24 122 15 86 92 49 43 1436  
339 27 119 16 83 83 88 42 1385  
314 11 108 20 82 90 86 49 1422  
317 24 143 16 74 95 63 39 1411  
313 28 119 16 78 104 93 33 1398  
308 24 126 14 79 98 57 42 1434  
319 21 122 13 76 90 67 48 1426  
313 26 129 14 85 88 61 55 1411  
318 19 131 22 70 108 72 39 1403  
339 24 145 13 69 101 61 40 1390  
338 31 125 13 74 80 67 48 1406  
344 14 101 17 71 96 75 53 1411  
337 26 130 18 75 85 74 48 1389  
326 18 131 20 74 99 64 46 1404  
328 23 109 14 79 89 70 50 1420  
333 14 108 23 73 96 79 65 1391  
335 12 125 19 66 99 59 51 1416  
346 24 103 18 68 117 85 41 1380  
337 22 112 16 85 91 75 44 1400  
318 32 128 9 73 94 58 51 1419  
342 28 129 14 81 96 72 59 1361  
314 33 135 18 76 88 51 45 1422  
317 22 142 12 74 103 59 44 1409  
316 19 126 17 71 103 55 37 1438  
322 26 124 15 74 107 57 34 1423  
342 18 114 18 80 75 77 56 1402  
319 20 129 18 71 85 62 41 1437  
302 20 140 12 82 87 71 44 1424  
330 21 139 13 63 103 67 45 1401  
319 14 123 18 80 106 75 47 1400  
327 21 141 21 79 82 62 62 1387  
313 18 117 8 86 95 71 49 1425  
304 20 137 10 86 106 56 48 1415  
329 27 122 10 82 105 57 38 1412  
332 25 134 13 82 84 72 38 1402  
319 20 133 19 71 90 63 41 1426  
339 19 143 16 74 93 56 31 1411  
347 31 129 10 76 89 56 32 1412  
338 31 115 15 83 86 67 46 1401  
333 15 95 21 79 102 79 36 1422  
327 22 121 26 59 96 68 39 1424  
341 21 121 11 76 96 67 39 1410  
331 19 117 20 74 91 69 45 1416  
330 18 101 16 80 86 70 54 1427  
326 25 118 14 74 110 59 40 1416  
331 13 142 17 59 117 75 45 1383  
326 22 98 16 70 107 80 31 1432  
325 27 153 16 88 92 56 40 1385  
332 19 127 19 83 89 61 39 1413  
338 13 117 20 74 92 77 45 1406  
328 18 136 22 69 84 74 46 1405  
322 14 135 23 71 107 61 25 1424  
327 25 107 20 74 85 78 55 1411  
309 29 129 8 84 104 58 44 1417  
313 28 135 18 81 94 64 40 1409  
328 25 120 20 84 80 60 43 1422  
321 26 109 14 69 99 80 74 1390  
348 19 116 14 82 102 78 44 1379  
351 27 117 18 78 78 77 58 1378  
341 15 104 30 67 106 79 47 1393  
348 17 114 18 77 110 67 47 1384  
326 28 101 23 72 90 70 51 1421  
353 21 113 16 83 98 80 43 1375  
340 26 104 22 78 89 76 42 1405  
333 21 131 13 79 102 62 41 1400  
309 38 129 9 88 79 56 71 1403  
352 16 116 16 76 95 63 42 1406  
328 29 129 14 87 83 75 45 1392  
334 19 123 14 83 87 82 57 1383  
309 13 143 16 80 101 54 38 1428  
339 26 118 18 82 79 60 49 1411  
313 25 114 11 86 92 66 33 1442  
333 19 139 19 74 91 76 47 1384  
311 21 136 11 75 103 77 47 1401  
337 21 126 17 69 98 69 44 1401  
333 19 129 14 84 93 69 37 1404  
321 23 130 8 73 102 57 46 1422  
311 27 123 13 81 106 70 40 1411  
326 17 121 28 76 101 53 42 1418  
325 26 116 18 79 84 60 55 1419  
339 24 110 10 83 80 81 61 1394  
331 14 106 20 72 104 71 48 1416  
334 25 115 13 85 83 72 56 1399  
333 22 98 18 83 86 77 45 1420  
346 22 118 19 79 92 55 50 1401  
320 22 121 11 86 87 58 60 1417  
327 28 121 16 77 91 62 50 1410  
342 21 117 17 64 110 69 45 1397  
321 19 114 7 83 111 69 37 1421  
328 21 138 14 87 97 57 33 1407  
361 22 110 15 78 101 76 46 1373  
338 34 123 18 77 97 80 36 1379  
337 24 131 14 72 94 69 39 1402  
344 24 107 18 76 88 81 48 1396  
297 23 141 15 77 92 71 57 1409  
339 36 118 10 88 106 72 25 1388  
342 22 109 20 71 92 73 71 1382  
333 20 119 15 75 88 56 62 1414  
341 23 117 10 76 84 80 40 1411  
330 15 118 10 67 117 57 33 1435  
328 26 118 14 79 90 74 38 1415  
341 24 104 18 80 92 77 48 1398  
341 18 105 11 75 101 91 53 1387  
326 17 124 21 80 92 49 43 1430  
329 21 115 14 77 90 71 51 1414  
322 28 124 17 78 92 71 37 1413  
321 20 119 17 79 97 70 38 1421  
334 15 143 10 74 99 58 44 1405  
309 23 147 18 76 101 71 41 1396  
332 29 117 15 86 98 65 38 1402  
356 15 131 19 71 102 68 37 1383  
324 19 135 13 88 93 62 40 1408  
314 21 131 12 71 109 56 33 1435  
332 23 116 17 76 85 61 47 1425  
319 20 117 16 73 104 78 37 1418  
315 22 120 18 80 86 75 59 1407  
326 19 123 12 75 108 77 37 1405  
347 19 135 14 76 102 59 39 1391  
313 37 115 13 84 98 62 40 1420  
320 17 123 18 70 103 65 44 1422  
325 17 122 18 76 96 81 39 1408  
316 26 133 10 81 94 79 36 1407  
338 16 135 14 78 94 54 49 1404  
327 19 124 17 69 99 71 52 1404  
347 25 126 8 82 90 70 43 1391  
329 20 124 19 80 83 65 45 1417  
338 23 134 14 74 97 67 41 1394  
311 22 126 15 79 110 78 35 1406  
341 27 130 15 76 107 58 27 1401  
338 18 119 7 71 106 68 30 1425  
335 19 109 17 72 93 66 56 1415  
341 20 102 15 81 82 63 57 1421  
336 21 119 14 82 99 74 47 1390  
359 21 120 15 75 86 60 44 1402  
338 31 92 11 84 102 79 46 1399  
314 22 151 9 76 107 69 41 1393  
340 26 132 14 70 108 54 41 1397  
313 32 144 7 77 95 45 67 1402  
317 26 127 11 87 95 54 35 1430  
322 20 123 17 81 95 51 52 1421  
322 31 128 17 77 97 70 45 1395  
335 13 124 6 81 110 76 44 1393  
333 25 87 26 80 91 83 48 1409  
330 26 125 8 85 102 72 45 1389  
334 31 134 11 73 102 63 47 1387  
335 25 112 16 88 85 74 44 1403  
333 22 120 11 82 86 76 60 1392  
330 23 117 20 84 88 70 38 1412  
318 21 131 13 76 103 67 62 1391  
332 23 125 14 69 99 75 42 1403  
324 27 118 5 79 109 61 47 1412  
336 19 148 12 78 97 63 36 1393  
319 19 109 21 72 98 82 37 1425  
320 29 125 13 73 91 69 49 1413  
323 25 114 17 73 105 61 50 1414  
328 21 128 21 62 92 62 49 1419  
327 23 116 14 83 93 54 47 1425  
351 14 125 14 65 108 61 29 1415  
322 17 136 15 83 87 57 41 1424  
343 9 117 25 75 96 68 53 1396  
309 16 131 18 72 115 47 34 1440  
341 22 117 16 75 83 67 49 1412  
320 29 127 9 83 89 69 40 1416  
334 17 115 26 64 120 61 48 1397  
314 25 122 9 89 101 59 37 1426  
314 23 112 14 86 89 57 42 1445  
338 30 139 10 87 90 64 40 1384  
343 24 105 10 77 106 73 35 1409  
346 13 117 16 71 82 75 62 1400  
330 14 120 26 69 98 67 45 1413  
319 28 121 13 69 102 63 41 1426  
311 20 139 15 74 102 57 53 1411  
326 29 115 23 81 87 79 47 1395  
336 17 133 17 66 98 61 38 1416  
322 23 130 14 76 98 51 53 1415  
334 16 122 11 68 113 73 36 1409  
330 28 129 10 73 109 70 33 1400  
338 16 114 20 59 87 68 54 1426  
327 20 125 17 79 100 69 43 1402  
319 23 123 13 81 99 63 44 1417  
333 26 104 13 86 96 77 37 1410  
334 29 118 24 76 97 61 39 1404  
322 18 126 17 80 90 69 51 1409  
310 22 128 17 78 89 62 42 1434  
336 9 117 19 78 93 68 53 1409  
327 20 105 23 76 96 67 40 1428  
337 23 122 11 75 95 62 62 1395  
322 24 131 11 84 101 63 35 1411  
311 24 131 11 63 112 60 43 1427  
356 14 116 15 84 101 59 49 1388  
332 26 114 18 76 92 69 42 1413  
332 13 135 15 89 94 68 52 1384  
347 19 115 20 72 105 68 43 1393  
342 20 138 19 77 84 65 38 1399  
322 18 118 21 77 95 71 50 1410  
323 21 121 14 81 83 73 50 1416  
335 20 127 18 85 83 72 56 1386  
333 22 123 15 83 84 76 48 1398  
335 19 103 25 67 105 91 35 1402  
318 25 130 16 82 103 69 30 1409  
325 23 111 18 74 84 82 46 1419  
315 26 114 15 81 102 66 44 1419  
319 25 116 13 66 107 59 41 1436  
330 28 121 14 87 95 74 45 1388  
318 23 124 12 67 111 73 29 1425  
322 20 114 20 63 106 76 32 1429  
317 22 136 14 85 94 58 45 1411  
328 26 123 17 86 82 56 48 1416  
324 23 94 11 79 104 85 44 1418  
332 22 114 13 76 97 99 44 1385  
325 16 133 22 65 89 75 46 1411  
322 27 128 17 74 101 54 49 1410  
336 23 112 10 87 89 72 37 1416  
321 22 107 20 80 96 83 42 1411  
350 27 120 19 78 86 73 43 1386  
321 22 127 13 76 105 67 40 1411  
318 20 111 13 76 99 68 38 1439  
330 11 110 16 78 107 68 38 1424  
358 20 128 14 80 94 65 40 1383  
311 14 131 20 76 102 75 49 1404  
314 25 120 13 72 95 56 43 1444  
324 23 105 15 68 92 73 47 1435  
346 18 112 16 75 99 85 51 1380  
315 17 121 19 81 96 83 52 1398  
325 25 125 16 65 101 71 43 1411  
327 24 114 18 74 107 68 34 1416  
335 23 120 12 75 90 65 54 1408  
351 32 111 13 79 96 74 40 1386  
315 33 132 9 81 99 48 45 1420  
334 20 135 16 69 105 70 47 1386  
325 19 111 20 72 100 65 38 1432  
327 25 143 27 78 101 62 31 1388  
338 20 114 15 72 86 74 47 1416  
335 23 145 12 75 82 69 56 1385  
348 17 133 20 68 94 63 47 1392  
339 14 130 14 79 102 77 38 1389  
328 20 123 18 84 83 53 33 1440  
301 37 127 14 76 79 55 43 1450  
339 22 112 11 79 97 76 31 1415  
334 14 134 24 71 96 67 45 1397  
320 24 119 16 81 99 73 47 1403  
330 26 130 15 82 78 63 67 1391  
306 15 130 15 75 115 75 40 1411  
320 31 120 15 90 100 61 38 1407  
342 18 132 17 67 97 60 39 1410  
327 27 117 18 77 94 60 44 1418  
322 16 137 10 88 92 58 66 1393  
335 19 123 14 74 102 69 43 1403  
322 25 123 8 93 85 59 48 1419  
346 13 114 17 73 104 79 44 1392  
332 30 122 8 69 111 74 27 1409  
331 13 133 20 79 92 66 23 1425  
347 17 128 17 76 95 70 51 1381  
343 14 115 15 79 100 71 33 1412  
329 20 105 17 77 107 67 42 1418  
319 24 123 12 83 107 51 38 1425  
344 27 107 21 74 89 75 53 1392  
339 19 128 18 79 103 59 33 1404  
336 20 128 13 81 89 64 33 1418  
343 26 125 12 78 93 93 40 1372  
333 14 118 19 76 102 62 29 1429  
346 20 118 17 74 103 70 36 1398  
328 15 134 16 70 104 51 27 1437  
338 24 125 12 77 89 72 34 1411  
343 24 116 15 76 88 53 42 1425  
333 21 108 13 84 79 53 69 1422  
327 29 117 11 69 115 89 51 1374  
338 19 121 16 70 88 77 57 1396  
339 17 126 18 78 104 60 39 1401  
331 15 125 12 71 100 63 43 1422  
336 20 122 17 81 90 60 32 1424  
350 23 105 16 75 97 86 54 1376  
350 23 116 12 78 107 70 48 1378  
334 24 109 20 78 96 74 40 1407  
322 27 117 14 71 102 61 57 1411  
330 15 135 13 71 129 54 39 1396  
318 20 125 20 68 96 72 50 1413  
325 28 115 14 95 80 62 54 1409  
320 37 124 14 88 89 84 40 1386  
323 16 149 13 93 104 58 40 1386  
333 18 104 13 72 104 72 41 1425  
353 22 114 14 74 108 85 41 1371  
331 17 119 20 77 103 70 38 1407  
312 28 125 15 87 87 64 61 1403  
310 18 118 15 58 111 74 53 1425  
315 20 134 16 70 95 66 32 1434  
310 18 138 23 68 97 72 44 1412  
327 21 116 19 80 101 74 32 1412  
325 21 118 15 89 110 71 33 1400  
327 32 116 13 76 84 76 58 1400  
343 23 125 16 75 84 77 45 1394  
329 26 136 17 75 89 64 60 1386  
310 22 127 15 86 90 68 42 1422  
334 18 140 15 84 88 50 45 1408  
352 28 133 15 76 88 68 50 1372  
346 28 107 14 81 85 56 41 1424  
338 20 123 16 78 79 73 56 1399  
341 26 109 32 78 108 88 35 1365  
333 21 116 11 66 108 60 28 1439  
309 28 129 17 72 93 68 53 1413  
360 24 103 19 75 85 80 49 1387  
335 19 121 24 78 104 60 34 1407  
310 31 112 14 81 106 96 39 1393  
336 16 121 21 75 89 73 43 1408  
336 23 145 11 83 88 46 43 1407  
325 21 107 23 75 97 83 46 1405  
330 34 114 8 78 97 73 47 1401  
327 30 129 12 91 92 61 48 1392  
334 29 138 12 72 106 49 39 1403  
338 12 123 25 83 77 67 48 1409  
310 19 132 17 75 92 71 59 1407  
338 22 113 17 68 107 67 55 1395  
317 13 127 13 75 98 66 45 1428  
329 27 130 9 65 98 65 41 1418  
334 26 123 14 80 101 54 41 1409  
303 32 139 9 86 102 73 38 1400  
334 19 124 22 73 97 60 49 1404  
326 27 110 16 81 89 65 46 1422  
351 26 106 17 73 95 73 40 1401  
312 24 128 13 74 105 60 61 1405  
315 13 130 20 74 115 61 48 1406  
331 19 133 15 79 112 61 32 1400  
322 25 125 8 74 106 55 45 1422  
344 15 121 20 86 95 54 41 1406  
331 26 148 14 64 93 62 38 1406  
341 20 108 12 78 95 70 49 1409  
311 29 115 10 66 115 84 24 1428  
334 24 113 18 90 83 61 54 1405  
347 19 114 11 80 102 69 48 1392  
331 23 124 17 68 117 64 41 1397  
341 26 152 15 67 89 67 36 1389  
333 23 129 14 83 87 82 37 1394  
312 19 125 15 73 101 83 54 1400  
340 13 121 11 74 102 65 55 1401  
328 21 121 18 75 93 74 32 1420  
311 26 118 16 75 92 82 49 1413  
322 16 135 9 75 110 55 38 1422  
341 24 140 9 74 102 58 46 1388  
345 24 127 11 80 101 72 44 1378  
327 20 107 12 81 86 80 52 1417  
310 29 127 14 71 85 69 58 1419  
305 35 115 12 73 94 65 47 1436  
345 28 129 15 72 105 60 39 1389  
325 29 108 16 93 82 63 50 1416  
325 20 146 10 80 101 51 42 1407  
331 22 136 14 67 103 63 48 1398  
328 25 126 16 87 90 61 44 1405  
326 17 101 29 79 104 84 51 1391  
320 14 137 12 81 93 82 48 1395  
318 20 125 16 77 105 59 44 1418  
314 20 135 16 79 99 71 48 1400  
341 21 132 8 74 96 61 48 1401  
313 26 104 19 79 89 67 52 1433  
339 20 105 16 88 99 66 46 1403  
338 22 103 19 77 96 76 50 1401  
324 27 110 14 80 88 76 52 1411  
322 17 136 22 64 109 67 27 1418  
324 24 135 17 89 84 70 53 1386  
314 33 131 14 78 90 82 53 1387  
319 27 113 20 85 92 68 40 1418  
325 21 121 17 76 102 63 40 1417  
326 20 123 14 70 100 79 54 1396  
332 26 106 26 75 89 68 51 1409  
337 25 118 15 66 103 66 40 1412  
329 24 134 13 75 107 61 35 1404  
326 25 114 12 77 101 66 46 1415  
333 22 117 13 77 91 56 50 1423  
335 29 115 13 84 82 60 56 1408  
329 22 123 11 71 84 73 48 1421  
311 18 128 18 70 106 78 40 1413  
329 15 112 24 66 97 64 44 1431  
323 35 119 12 71 96 72 40 1414  
292 23 119 19 88 86 79 46 1430  
321 20 119 18 80 95 87 34 1408  
311 23 124 11 72 101 66 43 1431  
336 19 111 12 84 90 69 57 1404  
321 23 117 12 67 108 64 45 1425  
346 20 116 17 68 99 79 47 1390  
324 33 119 16 69 109 80 49 1383  
333 17 119 22 80 88 62 61 1400  
330 22 113 16 76 107 71 40 1407  
348 11 136 28 70 85 56 67 1381  
327 14 113 15 86 98 79 38 1412  
316 17 141 14 81 107 61 42 1403  
343 19 116 24 62 92 73 34 1419  
314 24 120 17 78 90 55 59 1425  
334 17 139 20 75 97 49 46 1405  
332 18 128 23 75 90 67 50 1399  
334 14 117 24 71 95 65 43 1419  
352 17 131 20 65 96 59 42 1400  
322 10 121 21 77 111 90 42 1388  
342 14 144 10 77 109 65 42 1379  
335 19 124 21 79 91 74 48 1391  
318 26 120 13 82 102 76 32 1413  
347 20 129 12 72 99 72 33 1398  
316 17 115 14 81 85 73 57 1424  
334 19 132 17 86 88 62 52 1392  
326 23 154 23 78 94 54 39 1391  
325 20 109 15 74 119 79 33 1408  
314 20 129 12 78 99 68 48 1414  
331 19 120 21 70 97 75 41 1408  
336 16 106 23 75 89 67 53 1417  
344 21 129 11 77 105 51 27 1417  
327 16 129 22 65 116 66 34 1407  
311 26 140 12 66 113 68 34 1412  
315 22 113 21 71 87 72 39 1442  
326 27 124 11 74 106 78 30 1406  
338 13 122 17 60 90 60 59 1423  
339 28 133 12 70 103 83 47 1367  
311 18 127 13 83 107 86 53 1384  
334 26 126 17 70 109 82 37 1381  
333 17 122 27 76 86 71 42 1408  
325 24 109 16 84 74 92 55 1403  
366 8 115 23 67 103 60 35 1405  
338 28 126 14 71 102 59 26 1418  
313 33 129 9 72 98 84 52 1392  
339 20 102 13 78 93 75 44 1418  
332 16 127 13 82 104 61 48 1399  
319 21 120 15 78 84 67 40 1438  
339 13 119 20 82 89 83 51 1386  
332 13 109 26 85 79 79 57 1402  
332 25 127 11 83 106 61 30 1407  
312 15 126 24 72 89 64 45 1435  
330 27 115 17 80 96 68 38 1411  
329 30 123 13 85 94 86 49 1373  
315 20 114 16 70 95 94 51 1407  
326 30 117 12 82 96 71 48 1400  
325 25 135 15 88 83 75 47 1389  
315 24 132 13 85 107 72 35 1399  
323 18 117 15 88 95 65 44 1417  
342 14 118 24 77 81 74 49 1403  
315 23 140 22 73 112 56 29 1412  
333 24 134 17 81 82 68 46 1397  
332 19 126 15 77 106 68 42 1397  
327 17 141 14 62 94 60 51 1416  
327 25 113 16 77 96 72 46 1410  
326 20 133 11 76 99 63 46 1408  
327 29 115 19 67 112 76 26 1411  
310 19 139 16 88 88 67 48 1407  
317 23 130 11 82 106 67 34 1412  
333 18 130 17 76 102 61 44 1401  
343 27 108 16 80 108 75 59 1366  
341 11 123 21 65 105 61 40 1415  
332 23 116 17 86 85 61 52 1410  
323 23 111 17 72 98 64 42 1432  
355 19 119 18 76 87 72 39 1397  
328 24 118 20 69 100 73 36 1414  
357 21 106 13 91 86 71 45 1392  
320 23 120 29 76 88 71 53 1402  
327 12 129 17 76 90 59 53 1419  
321 22 132 12 75 89 66 56 1409  
316 31 117 7 70 122 63 44 1412  
342 12 115 21 75 86 63 50 1418  
337 20 100 21 79 104 75 36 1410  
321 17 125 17 79 94 69 50 1410  
341 9 108 35 72 92 65 23 1437  
321 16 158 10 82 102 54 23 1416  
327 18 123 17 76 95 57 43 1426  
325 24 126 14 77 92 66 49 1409  
332 19 117 14 77 113 71 47 1392  
345 15 123 19 73 95 74 44 1394  
305 20 134 15 71 108 65 41 1423  
315 28 120 13 77 100 72 56 1401  
339 28 136 15 73 94 49 38 1410  
317 21 123 17 70 94 56 46 1438  
332 22 136 11 69 93 63 49 1407  
306 19 125 14 72 115 63 43 1425  
317 22 116 19 77 88 72 44 1427  
301 14 138 21 66 92 57 38 1455  
325 20 121 11 64 108 64 49 1420  
315 25 131 14 81 101 62 34 1419  
307 18 140 15 82 93 50 35 1442  
328 21 118 15 75 102 79 31 1413  
312 23 119 13 77 91 71 55 1421  
332 18 110 23 67 95 73 47 1417  
304 15 127 26 61 114 71 40 1424  
337 22 108 23 63 91 71 41 1426  
337 15 108 22 81 86 85 55 1393  
324 19 131 14 76 98 65 39 1416  
306 28 138 9 83 82 61 60 1415  
327 30 117 12 81 89 71 60 1395  
321 18 113 11 85 106 79 48 1401  
317 17 132 19 75 104 71 36 1411  
332 27 113 19 75 95 73 46 1402  
324 32 104 11 84 99 72 40 1416  
349 19 124 19 84 80 62 50 1395  
362 24 109 12 67 93 84 32 1399  
328 24 115 9 76 99 65 42 1424  
332 9 142 19 78 102 63 47 1390  
326 19 151 16 83 99 51 43 1394  
322 22 112 18 78 82 79 48 1421  
318 14 122 17 80 99 61 53 1418  
335 23 134 18 76 69 53 49 1425  
341 26 113 17 71 78 78 61 1397  
330 17 128 12 84 77 81 45 1408  
337 19 108 14 78 94 81 62 1389  
332 24 136 15 78 101 60 31 1405  
344 31 116 15 67 96 64 47 1402  
332 22 118 14 73 104 67 31 1421  
328 25 117 13 71 109 75 28 1416  
322 23 110 15 84 89 68 55 1416  
331 23 123 9 85 106 61 37 1407  
329 27 130 13 79 101 53 41 1409  
308 24 134 15 80 101 68 42 1410  
334 18 104 18 82 101 88 40 1397  
335 20 121 18 77 92 76 66 1377  
339 24 121 18 83 83 58 56 1400  
355 19 112 18 86 92 77 39 1384  
335 22 108 24 72 91 95 50 1385  
326 24 116 11 78 102 81 38 1406  
328 15 129 13 86 94 70 47 1400  
332 24 130 16 74 96 55 35 1420  
324 16 124 22 77 89 70 57 1403  
305 27 128 16 79 100 55 40 1432  
343 26 105 17 73 89 84 43 1402  
336 24 110 16 76 105 74 40 1401  
326 24 132 9 86 92 65 42 1406  
352 16 110 16 83 97 76 35 1397  
312 21 148 11 71 85 51 40 1443  
320 24 131 21 70 87 68 46 1415  
315 25 141 13 73 92 48 59 1416  
309 22 126 18 74 104 78 32 1419  
342 27 121 9 79 86 62 62 1394  
329 27 121 17 83 87 67 56 1395  
303 31 141 10 73 111 76 40 1397  
345 23 130 21 66 97 68 40 1392  
330 26 115 12 71 91 74 55 1408  
310 19 129 29 67 107 60 35 1426  
