0.754246885617214 0.44376899696048633 0.8978426395939086  
0.7366020524515393 0.46525679758308164 0.894169835234474  
0.7609649122807018 0.45454545454545453 0.8941935483870967  
0.7294900221729489 0.45121951219512196 0.8902361199744734  
0.757409440175631 0.4345047923322684 0.8955414012738853  
0.7604049493813273 0.4821428571428571 0.8971009875756609  
0.7407407407407407 0.4684684684684685 0.8967477107672878  
0.7479484173505275 0.5045592705167173 0.9013199245757384  
0.7491638795986622 0.5191256830601093 0.8958400515962593  
0.7297605473204105 0.4829545454545455 0.891866028708134  
0.7328072153325818 0.48795180722891573 0.895389507154213  
0.7476635514018692 0.4971751412429378 0.8953709575142675  
0.7227722772277227 0.4585987261146497 0.8982109808760025  
0.7583892617449665 0.42500000000000004 0.8996825396825398  
0.7169811320754718 0.4324324324324324 0.8941250392711279  
0.7293318233295583 0.47093023255813954 0.8925725215173732  
0.7378854625550662 0.46607669616519176 0.8957330766762912  
0.7381776239907728 0.4191616766467065 0.8953525134366107  
0.7073732718894009 0.39067055393586003 0.8842372343799556  
0.7437070938215103 0.4654088050314465 0.8991172761664565  
0.732394366197183 0.4529411764705883 0.8915510718789407  
0.7519640852974185 0.46290801186943614 0.8985969387755103  
0.7436489607390301 0.5045045045045045 0.8966824644549763  
0.737094837935174 0.4036697247706422 0.8976279650436955  
0.7694063926940639 0.45201238390092885 0.9011058451816746  
0.7559591373439273 0.4429065743944637 0.9016906700062618  
0.738532110091743 0.4332344213649852 0.8931854199683043  
0.7361419068736142 0.46951219512195125 0.8908742820676452  
0.7591397849462367 0.4939759036144578 0.8955512572533849  
0.7553072625698324 0.4590163934426229 0.9013906447534767  
0.7304147465437787 0.42811501597444085 0.8953817153628653  
0.7253521126760563 0.44970414201183434 0.8916194076874606  
0.7376509330406147 0.48137535816618915 0.8923969072164949  
0.7397260273972603 0.49240121580547114 0.8983855650522317  
0.765375854214123 0.4869565217391305 0.8971665074816938  
0.746760895170789 0.43343653250773995 0.8966165413533835  
0.7708095781071836 0.4792899408284023 0.9006033661479835  
0.7331786542923434 0.4749999999999999 0.8944060339409177  
0.7434052757793765 0.47352024922118385 0.8974758491741975  
0.7612456747404844 0.41317365269461076 0.8985140689219097  
0.7256438969764837 0.44514106583072094 0.8940355329949239  
0.7545454545454545 0.42539682539682544 0.8999684443041969  
0.7602209944751382 0.4472049689440994 0.897672935926044  
0.7611777535441658 0.46540880503144655 0.8974113135186961  
0.7620137299771167 0.48338368580060426 0.8990186767964546  
0.7221570926143025 0.4272997032640949 0.8878386893509767  
0.7453142227122381 0.48850574712643674 0.8954647796719203  
0.7388825541619157 0.47058823529411764 0.8900958466453675  
0.7423580786026199 0.4327485380116959 0.8879587894397939  
0.725250278086763 0.40129449838187703 0.891001267427123  
0.7242990654205607 0.43670886075949367 0.894110275689223  
0.7381489841986457 0.4125 0.8917036098796707  
0.7469613259668507 0.4573170731707317 0.8936442031299904  
0.7246722288438618 0.4506172839506173 0.8990940331146517  
0.7485779294653013 0.5406976744186046 0.9003502069404649  
0.7723214285714286 0.4217252396166134 0.8995245641838353  
0.7436208991494532 0.48979591836734687 0.8993120700437772  
0.7405812701829925 0.45783132530120485 0.8875281985175637  
0.7440758293838863 0.47647058823529415 0.8987421383647798  
0.7363636363636364 0.4656716417910447 0.8986979993648778  
0.7320410490307868 0.4813753581661891 0.8897386870618229  
0.726851851851852 0.4327485380116959 0.889170360987967  
0.7606263982102908 0.36858006042296076 0.8926409684612935  
0.7331786542923433 0.4583333333333333 0.8976626658243841  
0.7405764966740576 0.44859813084112155 0.8958930276981854  
0.7323290845886442 0.4682080924855492 0.8906497622820918  
0.7211201866977829 0.47204968944099385 0.8960753532182103  
0.7315914489311165 0.475609756097561 0.8979336255479023  
0.7332576617480137 0.47928994082840237 0.8934817170111288  
0.7461024498886415 0.46006389776357826 0.8950206152870283  
0.7454128440366973 0.46060606060606063 0.8994307400379506  
0.756578947368421 0.4545454545454546 0.9045483664317746  
0.7158836689038032 0.4672897196261682 0.8936170212765958  
0.7475192943770672 0.42045454545454547 0.8837359098228663  
0.7258426966292134 0.43786982248520706 0.8807397959183674  
0.7310344827586208 0.4506172839506173 0.9003154574132493  
0.7447045707915274 0.5031055900621118 0.8966613672496025  
0.7219730941704036 0.4550898203592814 0.8897386870618227  
0.7287735849056602 0.46540880503144655 0.890556597873671  
0.7426636568848759 0.4444444444444445 0.8922003804692454  
0.689578713968958 0.4264264264264264 0.8750399488654523  
0.7324913892078071 0.46760563380281694 0.8916507329509241  
0.734553775743707 0.4770114942528736 0.893698281349459  
0.7381215469613259 0.44179104477611936 0.8898847631241997  
0.777656078860898 0.43786982248520706 0.8955991005460971  
0.7074340527577938 0.4695121951219512 0.8938163647720174  
0.7417943107221006 0.46153846153846156 0.8880283962568569  
0.7363737486095663 0.39644970414201186 0.8864726574992005  
0.7455197132616488 0.4709480122324159 0.901875  
0.7523364485981309 0.41558441558441556 0.898125  
0.7554535017221584 0.49258160237388715 0.8973384030418251  
0.7330415754923414 0.45307443365695793 0.8952562878064312  
0.7386363636363635 0.37748344370860926 0.890634820867379  
0.7317073170731707 0.4276729559748428 0.889795918367347  
0.761478163493841 0.4525993883792048 0.8956743002544529  
0.759725400457666 0.48447204968944096 0.8964646464646464  
0.7224080267558527 0.44984802431610943 0.8948374760994263  
0.765909090909091 0.48093841642228735 0.899140948138721  
0.759009009009009 0.4457831325301205 0.8975826972010179  
0.7411504424778762 0.4606413994169096 0.8944497914661534  
0.74245939675174 0.45921450151057397 0.8924629454430778  
0.7529411764705882 0.4674556213017752 0.8942089938531219  
0.7330210772833724 0.4647058823529412 0.8921135646687698  
0.7606557377049181 0.48955223880597015 0.8933847141939628  
0.7571265678449259 0.5015479876160991 0.8988621997471554  
0.7473806752037252 0.46884272997032644 0.9034090909090909  
0.7020506634499396 0.41379310344827586 0.8961442786069651  
0.7461988304093566 0.4519774011299435 0.8906497622820919  
0.729490022172949 0.4911242603550296 0.8930857874519847  
0.7329608938547486 0.4648318042813456 0.8911521323997454  
0.7301951779563719 0.49840255591054317 0.8993710691823898  
0.7449664429530202 0.486646884272997 0.8943504628151931  
0.7475961538461539 0.48275862068965514 0.907563025210084  
0.7527114967462039 0.44518272425249167 0.8939828080229227  
0.7494600431965442 0.4749163879598662 0.900286715514495  
0.7407407407407407 0.422360248447205 0.8949539828625833  
0.7596048298572997 0.4735202492211838 0.8978288633461048  
0.7551963048498845 0.5 0.897160883280757  
0.7336898395721925 0.45373134328358206 0.8849385908209438  
0.7344110854503465 0.47058823529411764 0.8910702976567448  
0.7452725250278087 0.478134110787172 0.8955797565663036  
0.7477477477477477 0.4892966360856269 0.8948872657986663  
0.7407407407407407 0.44776119402985065 0.8979462875197473  
0.740139211136891 0.4169381107491857 0.8976525821596243  
0.726851851851852 0.5098039215686274 0.8940502704422526  
0.7268571428571429 0.43425076452599387 0.8918406072106262  
0.7669345579793341 0.4723926380368098 0.904957372908115  
0.7339667458432303 0.4915254237288136 0.898358585858586  
0.7347826086956523 0.47447447447447455 0.8903889424622308  
0.7554038680318544 0.4363636363636364 0.9007923930269414  
0.7731843575418995 0.5144508670520231 0.9036183157220621  
0.7488372093023256 0.4227129337539432 0.8917477251333543  
0.7455357142857142 0.4485981308411215 0.8973625675246267  
0.7514318442153495 0.45103857566765576 0.8979074191502853  
0.759009009009009 0.4585987261146497 0.8975332068311195  
0.7352941176470587 0.47058823529411764 0.8932530883750396  
0.728310502283105 0.48501362397820164 0.8926626081384172  
0.7184035476718406 0.4624624624624624 0.8897411313518696  
0.7499999999999999 0.4689265536723164 0.8923766816143498  
0.7463687150837989 0.46017699115044247 0.8907348242811501  
0.7502903600464577 0.45970149253731346 0.8970959595959597  
0.7142857142857142 0.4269662921348315 0.8872611464968154  
0.7342342342342343 0.460122699386503 0.8952380952380953  
0.7368421052631579 0.4457831325301205 0.8917036098796706  
0.7375415282392026 0.41087613293051356 0.8932907348242811  
0.7270642201834863 0.4431818181818181 0.89171974522293  
0.7436182019977804 0.4539877300613497 0.893210073318457  
0.7436489607390301 0.40978593272171254 0.8924629454430779  
0.7647058823529412 0.454828660436137 0.8959999999999999  
0.7706013363028954 0.48664688427299696 0.9038031319910516  
0.7379553466509988 0.4999999999999999 0.8984596038981452  
0.7270615563298489 0.5015105740181269 0.8972257250945775  
0.7438370846730976 0.45317220543806647 0.8948387096774194  
0.7540603248259862 0.5225225225225225 0.903755127800568  
0.740139211136891 0.5204678362573101 0.8968354430379747  
0.7247474747474747 0.47159090909090906 0.8987577639751554  
0.7322033898305084 0.4411764705882353 0.8926409684612934  
0.7401574803149606 0.44242424242424244 0.8928457869634341  
0.7345029239766082 0.5047318611987383 0.899749373433584  
0.7306358381502891 0.4458204334365325 0.8942065491183879  
0.7618002195389681 0.4358974358974359 0.8978032473734481  
0.7149643705463182 0.48170731707317077 0.8916718847839697  
0.7427912341407149 0.46056782334384855 0.9050314465408805  
0.7607497243660418 0.4764705882352942 0.8970163618864293  
0.7469342251950947 0.47560975609756095 0.8932781140490603  
0.7314917127071823 0.4276729559748428 0.8907991085641516  
0.7186761229314421 0.43902439024390244 0.8952978056426332  
0.7356051703877791 0.49693251533742333 0.9017885158456228  
0.7323943661971832 0.42388059701492536 0.8926660371419578  
0.7216035634743875 0.45016077170418006 0.8925515055467512  
0.751357220412595 0.4868035190615836 0.8910380399742103  
0.7435344827586207 0.4075235109717869 0.8918832210458775  
0.7221052631578948 0.44376899696048633 0.8842787682333874  
0.7428571428571429 0.4423676012461059 0.9020108522183211  
0.7342047930283224 0.41134751773049644 0.8938053097345133  
0.744336569579288 0.44776119402985076 0.8833010960670535  
0.740656851642129 0.45892351274787535 0.8938618925831201  
0.7613882863340564 0.4643962848297214 0.8983648605322218  
0.7474972191323694 0.42236024844720493 0.8959592745784283  
0.7326732673267327 0.4682080924855492 0.885815374718559  
0.7357859531772575 0.4559270516717326 0.8922880815806246  
0.7456140350877193 0.4263322884012539 0.8898819023300351  
0.7557603686635944 0.41818181818181815 0.8957675300063171  
0.7163120567375886 0.4251497005988024 0.8894472361809046  
0.7661909989023051 0.4503311258278146 0.9006664550936211  
0.7297921478060045 0.42996742671009774 0.8962707615167659  
0.7377979568671963 0.46875 0.9004110022130889  
0.7323628219484881 0.46249999999999997 0.8955887019993652  
0.7545164718384698 0.4537313432835821 0.8892487046632124  
0.7547974413646056 0.4632768361581921 0.888671875  
0.7687224669603524 0.4342105263157895 0.9003807106598986  
0.7390817469204927 0.4036144578313253 0.8869066581713921  
0.7311111111111112 0.45348837209302323 0.8884615384615385  
0.7419712070874862 0.476780185758514 0.8961121733588273  
0.7356881851400731 0.4564564564564565 0.8984423676012461  
0.7393800229621125 0.4148606811145511 0.8883280757097791  
0.7361268403171009 0.44303797468354433 0.8928909952606635  
0.7364939360529218 0.42405063291139244 0.8965297675899395  
0.7258938244853738 0.4761904761904762 0.8933977455716586  
0.7477477477477477 0.4761904761904762 0.890670086566207  
0.7340553549939833 0.4276315789473684 0.9024465778878911  
0.7559395248380131 0.4444444444444445 0.8940269749518304  
0.7425860023724792 0.46590909090909094 0.8942884190596403  
0.7459105779716466 0.4727272727272727 0.8944497914661533  
0.7274749721913237 0.36250000000000004 0.8883942766295707  
0.7702265372168285 0.45482866043613707 0.9005134788189988  
0.7555066079295154 0.49382716049382713 0.901021711366539  
0.7569367369589345 0.48795180722891573 0.89492175023954  
0.7601809954751131 0.46846846846846846 0.8986336193199873  
0.7442922374429224 0.5029239766081871 0.8963763509218056  
0.7466367713004485 0.4556213017751479 0.8934269304403318  
0.7369565217391304 0.46987951807228917 0.8888174807197944  
0.7577777777777778 0.4819277108433735 0.896551724137931  
0.7394594594594595 0.47477744807121663 0.8929722759509994  
0.7497291440953413 0.4126984126984127 0.8925143953934742  
0.7424749163879598 0.4723032069970846 0.8918053777208707  
0.759075907590759 0.44376899696048633 0.8937939859245041  
0.7607497243660417 0.44242424242424244 0.8954269267668692  
0.7534983853606028 0.49275362318840576 0.8925566343042072  
0.7643020594965675 0.46884272997032644 0.8981921979067555  
0.7470141150922911 0.4831804281345566 0.8947368421052633  
0.7738359201773837 0.4629080118694362 0.8992  
0.7338618346545867 0.4398826979472141 0.8923566878980892  
0.7256235827664399 0.44307692307692303 0.8957871396895787  
0.7312572087658593 0.4825581395348837 0.8924833491912465  
0.7363530778164925 0.47058823529411764 0.89446916719644  
0.735195530726257 0.36601307189542487 0.8947202023395511  
0.738015607580825 0.47798742138364775 0.8999682438869483  
0.7367231638418078 0.4350453172205438 0.8913595933926303  
0.7375565610859729 0.39628482972136225 0.8875514729173266  
0.736392742796158 0.4912280701754386 0.8875202593192868  
0.7328072153325819 0.471976401179941 0.8903760356915233  
0.7477477477477478 0.4702380952380953 0.8898089171974523  
0.7436182019977801 0.45259938837920494 0.8934948979591837  
0.7403314917127071 0.4339622641509434 0.889525628780643  
0.767268862911796 0.42345276872964177 0.8979460847240052  
0.7372013651877134 0.48253968253968255 0.8990536277602523  
0.7208237986270023 0.4391691394658754 0.8937519822391373  
0.7623126338329764 0.48502994011976047 0.8947028423772608  
0.7424749163879599 0.4809384164222874 0.8976327575175942  
0.7532467532467533 0.4469914040114613 0.8922678744742802  
0.7477477477477478 0.48979591836734687 0.8969039259495692  
0.7049180327868851 0.47787610619469023 0.8848943550930306  
0.7354988399071926 0.4393063583815029 0.8948035487959441  
0.7346938775510203 0.4747774480712166 0.8915739268680446  
0.7508232711306257 0.4727272727272727 0.8959333973743195  
0.7645739910313901 0.4416403785488959 0.897622820919176  
0.750279955207167 0.4369230769230769 0.8925619834710744  
0.7337962962962964 0.453416149068323 0.8967904342353682  
0.7337662337662337 0.419047619047619 0.8928  
0.7482517482517482 0.44012944983818775 0.8970910228339067  
0.7325842696629213 0.5073746312684365 0.8925039872408294  
0.7317073170731708 0.4548104956268222 0.890506329113924  
0.727694090382387 0.457680250783699 0.8931489629164048  
0.7281323877068557 0.441640378548896 0.894720399875039  
0.7389749702026222 0.45217391304347826 0.8962264150943395  
0.7379912663755459 0.4792899408284023 0.8926045016077171  
0.7270668176670442 0.4403669724770642 0.8941027266962587  
0.7082352941176471 0.42577030812324934 0.89198606271777  
0.7471264367816092 0.44514106583072105 0.8938582677165354  
0.7451428571428571 0.45045045045045046 0.8954372623574144  
0.7445589919816724 0.4891640866873065 0.899621212121212  
0.7272727272727273 0.42902208201892744 0.889934148635936  
0.7373271889400921 0.47058823529411764 0.8910012674271229  
0.7526132404181185 0.4406779661016949 0.8996259351620947  
0.7411630558722919 0.44785276073619634 0.8971844353052831  
0.7209554831704669 0.4567901234567901 0.8874639307470343  
0.7314917127071824 0.46625766871165647 0.891796999680817  
0.729891956782713 0.4904458598726115 0.895244016164128  
0.7330960854092526 0.4736842105263158 0.8996539792387543  
0.7446083995459705 0.4375 0.8959848245336706  
0.7181286549707602 0.4495677233429395 0.8886780518659076  
0.7486157253599115 0.4634146341463415 0.898819023300351  
0.7351955307262571 0.4728434504792332 0.8954372623574144  
0.7436489607390301 0.5209580838323353 0.9032869785082175  
0.74 0.46951219512195114 0.8941326530612246  
0.7395715896279595 0.5212121212121212 0.8967270416269463  
0.7232558139534884 0.43529411764705883 0.8881163084702908  
0.7581395348837209 0.44751381215469616 0.9000636537237428  
0.7339003645200486 0.4365781710914454 0.8931917551530294  
0.7527593818984548 0.4651162790697674 0.8959537572254336  
0.7414965986394558 0.4810126582278481 0.897662665824384  
0.7322929171668668 0.43678160919540227 0.8928683631793906  
0.7502824858757062 0.4347826086956522 0.8940650925335035  
0.7323943661971831 0.4858044164037855 0.8924455825864277  
0.7494692144373672 0.4680851063829788 0.8903976721629486  
0.7491248541423571 0.4398826979472141 0.8881869867340493  
0.7461024498886414 0.46153846153846156 0.8937399678972713  
0.7395715896279594 0.5071225071225072 0.8989123480486244  
0.7709251101321586 0.4656716417910448 0.900993271387376  
0.7634763476347636 0.49350649350649356 0.8999046711153479  
0.7390350877192983 0.47868852459016387 0.8948204639339052  
0.7502679528403001 0.467065868263473 0.8937681627381338  
0.7367256637168141 0.5044510385756678 0.8914505283381364  
0.7381776239907728 0.471976401179941 0.896770107663078  
0.7403314917127072 0.4716981132075472 0.8984399872652021  
0.7741228070175439 0.4571428571428572 0.8995855913292955  
0.7399770904925544 0.4444444444444444 0.8942368587713742  
0.7402135231316725 0.5060240963855422 0.9018501097522735  
0.7342342342342343 0.44514106583072105 0.8951536268609439  
0.7417218543046358 0.4046242774566474 0.884961439588689  
0.7508379888268157 0.5045592705167173 0.8961783439490446  
0.7447513812154697 0.3943661971830986 0.895748031496063  
0.7375722543352602 0.4365781710914454 0.8892405063291139  
0.7525891829689297 0.47953216374269003 0.8969235648588646  
0.719626168224299 0.4871060171919771 0.8958531180753403  
0.7245714285714285 0.45697329376854595 0.8953045685279187  
0.7465753424657534 0.4741641337386019 0.9015511237733459  
0.718192627824019 0.48404255319148937 0.8891007308547824  
0.7360178970917226 0.47648902821316613 0.8968581402729292  
0.7367231638418079 0.4584527220630372 0.8862619808306709  
0.7180722891566265 0.44067796610169496 0.8930817610062893  
0.7201834862385321 0.4837758112094396 0.89755788138281  
0.7469066366704161 0.44299674267100975 0.8952020202020202  
0.7411630558722919 0.43975903614457834 0.8938193343898574  
0.763157894736842 0.41924398625429554 0.9003479911420437  
0.7332549941245593 0.4727272727272727 0.8953817153628653  
0.7395715896279594 0.40119760479041916 0.8902322621699013  
0.7659115426105718 0.4401294498381877 0.8970588235294118  
0.7262569832402235 0.4666666666666667 0.8913666772857597  
0.7444933920704846 0.48235294117647054 0.8915275994865213  
0.7360515021459227 0.46334310850439886 0.8877385959236492  
0.7176470588235294 0.3522012578616352 0.886107634543179  
0.7421524663677129 0.46875 0.898477157360406  
0.7528604118993136 0.4585635359116022 0.9002557544757033  
0.7350230414746544 0.47928994082840237 0.8948701709943002  
0.7427293064876958 0.437125748502994 0.8883928571428571  
0.7427293064876958 0.4451219512195122 0.8924252068746023  
0.7317620650953984 0.4601769911504425 0.8947032546266752  
0.7720042417815484 0.46745562130177515 0.8958806357444048  
0.7534246575342466 0.4350649350649351 0.9025157232704404  
0.7419354838709676 0.43768996960486317 0.8923271234606883  
0.7508610792192881 0.4888888888888889 0.9007341206511331  
0.7278989667049369 0.47398843930635837 0.8910073085478233  
0.7328767123287672 0.4198250728862974 0.8858505564387917  
0.7309417040358744 0.5116279069767442 0.8983375959079285  
0.7239819004524888 0.4785276073619632 0.8928344958782499  
0.7426636568848759 0.47761194029850745 0.8889595927457844  
0.7459105779716466 0.4362606232294618 0.8907563025210083  
0.7377979568671963 0.5015673981191222 0.8963337547408344  
0.7215777262180975 0.4444444444444445 0.8886091881686595  
0.7429218573046432 0.4228571428571429 0.8930054295752156  
0.7748344370860927 0.4148606811145511 0.8976076555023924  
0.7514188422247445 0.5075528700906344 0.8997461928934012  
0.7381489841986457 0.48520710059171596 0.8923566878980892  
0.7508305647840531 0.4843304843304844 0.8893890675241157  
0.7494407158836688 0.5141242937853107 0.8966623876765084  
0.7197231833910035 0.4795321637426901 0.8900158478605389  
0.7644341801385681 0.47802197802197804 0.9029993618379067  
0.712742980561555 0.44036697247706424 0.8820315011250403  
0.7345132743362832 0.4610951008645533 0.8898168968840346  
0.7294117647058824 0.4809384164222873 0.8937823834196891  
0.7431091510474089 0.49390243902439024 0.896132949824225  
0.7410714285714287 0.3974763406940063 0.8924151063154554  
0.7323290845886442 0.4587155963302752 0.8985507246376813  
0.7241379310344828 0.4345047923322683 0.890286073561773  
0.7513935340022296 0.4437299035369775 0.897338403041825  
0.7393364928909953 0.4811594202898551 0.8919685039370079  
0.7341490545050056 0.40634920634920635 0.8907936507936508  
0.7371864776444929 0.42296072507552873 0.8883183568677793  
0.7197309417040358 0.4984615384615384 0.892278360343184  
0.7579408543263964 0.4885057471264368 0.895907186593619  
0.7264367816091954 0.5 0.8937381404174572  
0.7278911564625851 0.3910256410256411 0.8858044164037855  
0.7353629976580797 0.4238805970149254 0.8900787401574805  
0.7427240977881256 0.40615384615384614 0.8949685534591195  
0.7502679528403 0.4606060606060607 0.8893905191873589  
0.7282850779510022 0.4579710144927536 0.8888176866388977  
0.7608200455580865 0.44628099173553715 0.8927313480627601  
0.7418655097613883 0.4778761061946903 0.8907508862391234  
0.7317620650953984 0.42900302114803635 0.8917886696371737  
0.7482837528604119 0.47852760736196326 0.8982300884955752  
0.7518959913326111 0.41379310344827586 0.8898142216527867  
0.7391786903440621 0.4744744744744745 0.8926517571884983  
0.7380410022779043 0.4794952681388013 0.8987062164720732  
0.750816104461371 0.46984126984126984 0.8926517571884984  
0.7491638795986623 0.40949554896142437 0.8907348242811503  
0.7508305647840531 0.4507936507936508 0.8963763509218055  
0.7565217391304347 0.40384615384615385 0.8939974457215837  
0.7528344671201814 0.516320474777448 0.9023847376788553  
0.7603121516164995 0.46896551724137936 0.9014793830657853  
0.7491638795986622 0.4668587896253602 0.8897435897435897  
0.7568756875687568 0.4825581395348837 0.8903889424622308  
0.7530186608122943 0.47826086956521735 0.8942829766847652  
0.7478070175438596 0.44642857142857145 0.8908857509627729  
0.7521551724137931 0.41533546325878595 0.8914505283381365  
0.7386091127098321 0.45251396648044695 0.89281210592686  
0.7463002114164905 0.45901639344262296 0.8936716993254096  
0.7256438969764837 0.4227129337539432 0.8890298034242231  
0.7593818984547461 0.46341463414634143 0.8984025559105431  
0.7608200455580866 0.4361370716510903 0.9011058451816746  
0.75 0.45180722891566266 0.8928571428571429  
0.7308970099667774 0.4161490683229813 0.8843580758203249  
0.7464008859357696 0.42500000000000004 0.8901623686723973  
0.7120181405895691 0.4207492795389049 0.8822966507177034  
0.731981981981982 0.44582043343653244 0.8874088169996829  
0.7440273037542662 0.4759036144578313 0.8981921979067555  
0.732876712328767 0.43670886075949367 0.8915510718789409  
0.7358916478555304 0.473186119873817 0.896551724137931  
0.7414187643020594 0.5136612021857924 0.8937259923175417  
0.7441340782122904 0.4664723032069971 0.8931541906589892  
0.7603305785123967 0.47852760736196315 0.9044186775305548  
0.7350230414746545 0.48598130841121495 0.898267716535433  
0.7262443438914026 0.47674418604651164 0.889030612244898  
0.7333333333333334 0.45768025078369906 0.8934817170111288  
0.7554535017221585 0.4861538461538461 0.9053030303030303  
0.7340909090909091 0.48235294117647065 0.8944020356234097  
0.7431818181818182 0.4523809523809524 0.8939008894536213  
0.7403314917127072 0.49848024316109424 0.8952076677316294  
0.7313266443701226 0.47126436781609193 0.8900288554023725  
0.7583148558758315 0.47734138972809664 0.8942829766847652  
0.7634069400630914 0.5031055900621118 0.9000323519896475  
0.7488262910798122 0.5224719101123596 0.8967046894803549  
0.7453954496208018 0.49358974358974356 0.8922978587408118  
0.7569988801791714 0.4923076923076923 0.8951048951048951  
0.7305524239007892 0.4850299401197605 0.8953229398663697  
0.7386091127098322 0.3860759493670886 0.8967019290603608  
0.7358708189158016 0.42857142857142855 0.8970078740157481  
0.7524972253052165 0.48407643312101917 0.9006033661479835  
0.7240143369175628 0.4444444444444445 0.8929356357927787  
0.7392290249433106 0.454828660436137 0.8927554571338185  
0.7425968109339407 0.44514106583072105 0.8992737606567729  
0.7363737486095662 0.4542772861356932 0.8861164427383237  
0.7313084112149532 0.5015290519877675 0.9034894687205282  
0.7475961538461539 0.43843843843843844 0.8959049703032197  
0.7293318233295584 0.4584527220630372 0.8914431673052363  
0.7405764966740576 0.48137535816618915 0.8872470285897848  
0.7636761487964988 0.4880952380952381 0.9004495825305073  
0.7364939360529218 0.4900284900284901 0.8931101094655506  
0.7454128440366972 0.44171779141104295 0.8951358180669615  
0.7456521739130435 0.42811501597444085 0.8910891089108911  
0.7284623773173391 0.46017699115044247 0.8867438867438867  
0.7651434643995748 0.4896755162241888 0.9001297016861219  
0.7485779294653016 0.44923076923076927 0.9  
0.7335562987736901 0.42990654205607476 0.887476160203433  
0.7417943107221007 0.4477611940298507 0.8943820224719101  
0.7204545454545453 0.44982698961937717 0.8926447574334898  
0.7345971563981042 0.4050632911392405 0.8957553058676655  
0.7363636363636364 0.4911242603550295 0.8970120788302607  
0.7516483516483518 0.43636363636363634 0.8918053777208707  
0.7447257383966245 0.45569620253164556 0.8916129032258066  
0.730728616684266 0.4790419161676647 0.8913396042815439  
0.7362385321100918 0.4361370716510903 0.8893093661305581  
0.7633587786259541 0.40390879478827363 0.8993630573248408  
0.7317073170731707 0.4804804804804805 0.8965299684542587  
0.7434782608695651 0.5046153846153847 0.8964411670407182  
0.7324561403508771 0.44375000000000003 0.8914431673052362  
0.75140607424072 0.42857142857142855 0.8958266964001274  
0.7513935340022296 0.43859649122807015 0.89088  
0.7565714285714287 0.45 0.8980751025560114  
0.7414965986394558 0.4848484848484849 0.9003807106598984  
0.76013143483023 0.4470588235294118 0.8923175827708133  
0.7347876004592422 0.47293447293447294 0.8911521323997454  
0.7442977190876351 0.4297994269340974 0.8994343180389691  
0.757847533632287 0.4523809523809524 0.8883928571428571  
0.7554535017221584 0.45871559633027525 0.8982943777637398  
0.7121951219512196 0.47058823529411764 0.8917477251333542  
0.7417061611374408 0.48044692737430167 0.8981657179000633  
0.7485907553551296 0.47305389221556887 0.8965956092904869  
0.7435610302351624 0.4601226993865031 0.8941176470588236  
0.7502986857825567 0.49425287356321834 0.9015413652091853  
0.7555066079295155 0.4263322884012539 0.8912974179152056  
0.7497168742921857 0.47477744807121663 0.900763358778626  
0.7326315789473684 0.4767441860465117 0.8833876221498371  
0.7442872687704025 0.4629080118694362 0.891891891891892  
0.7370892018779341 0.4807121661721068 0.8951181102362205  
0.7379553466509988 0.46296296296296297 0.8999686422075887  
0.7203791469194313 0.5029585798816567 0.8975487115021998  
0.7472035794183445 0.5182926829268293 0.8962444302991726  
0.7395348837209302 0.4971098265895953 0.896136795440152  
0.7554585152838428 0.4459016393442623 0.8965956092904868  
0.7410817031070196 0.46153846153846156 0.9003154574132493  
0.7499999999999999 0.49710982658959535 0.9037130270610447  
0.7306034482758621 0.4970059880239521 0.8929722759509994  
0.7362250879249708 0.49101796407185627 0.8951841359773371  
0.7204545454545456 0.45962732919254656 0.8924731182795699  
0.709750566893424 0.46290801186943614 0.8890302066772655  
0.7359617682198328 0.4702380952380952 0.8987778125979317  
0.7409988385598142 0.4691358024691358 0.8971374646115131  
0.7313084112149532 0.481586402266289 0.8944532488114104  
0.7227272727272728 0.4268292682926829 0.8891001267427123  
0.7361563517915309 0.43670886075949367 0.8890310201471058  
0.7412280701754386 0.46249999999999997 0.8978288633461047  
0.7687150837988826 0.4409937888198758 0.8967270416269464  
0.7310195227765727 0.4587155963302752 0.8918138041733548  
0.7367231638418079 0.44712990936555896 0.891994917407878  
0.7522935779816513 0.47305389221556887 0.8993033565547814  
0.7483146067415729 0.42441860465116277 0.8888178913738018  
0.7570621468926554 0.4217252396166134 0.8945041061276059  
0.7505422993492407 0.4047619047619047 0.8886027044430135  
0.7497219132369298 0.4956268221574344 0.8968609865470852  
0.7369640787949016 0.43975903614457834 0.8955506468917639  
0.737864077669903 0.45125348189415043 0.8843404808317089  
0.7260115606936416 0.45238095238095244 0.8991463800189693  
0.7295742232451093 0.44984802431610943 0.8900821225521163  
0.7444051825677268 0.44654088050314467 0.8995933687832343  
0.74364896073903 0.4484848484848485 0.8983585858585859  
0.7508232711306257 0.48929663608562685 0.8969929622520794  
0.7358708189158016 0.4640522875816993 0.9006581009088059  
0.7131050767414403 0.5015290519877676 0.8927899686520376  
0.7333333333333334 0.40909090909090906 0.887832699619772  
0.7350230414746544 0.46376811594202894 0.8886067914947635  
0.7274749721913237 0.4593023255813954 0.8888176866388978  
0.7452380952380953 0.502923976608187 0.8956631049654306  
0.7316486161251504 0.48314606741573024 0.8907774630154234  
0.7528604118993135 0.47674418604651164 0.8976478067387158  
0.7312775330396476 0.5061728395061728 0.8952745849297574  
0.7308132875143183 0.4551282051282051 0.8971374646115131  
0.743421052631579 0.482084690553746 0.8972972972972973  
0.7543478260869565 0.4840764331210191 0.9022364217252395  
0.7477876106194691 0.48255813953488375 0.8992297817715019  
0.7602739726027398 0.4759036144578313 0.9011406844106464  
0.734006734006734 0.3920265780730897 0.8978562421185372  
0.7560975609756099 0.47648902821316613 0.8972319440025452  
0.7463359639233371 0.4582043343653251 0.8979074191502854  
0.7630057803468209 0.47904191616766467 0.90173775671406  
0.7511520737327189 0.43916913946587544 0.8964862298195632  
0.7282728272827282 0.38064516129032255 0.8794912559618442  
0.7511520737327189 0.44303797468354433 0.9006289308176102  
0.7206208425720622 0.5014245014245015 0.8903889424622307  
0.7460674157303371 0.5 0.8994271164863146  
0.7486157253599114 0.46540880503144655 0.8946866051543112  
0.7240618101545254 0.44805194805194803 0.892063492063492  
0.734321550741163 0.4565916398713826 0.8967254408060454  
0.7398190045248869 0.4444444444444444 0.8967270416269463  
0.7339667458432304 0.47592067988668557 0.8942884190596403  
0.7187141216991964 0.4736842105263158 0.8943192637258013  
0.7446083995459705 0.5 0.90371782650143  
0.7370838117106773 0.39316239316239315 0.8847867600254615  
0.7540628385698808 0.478134110787172 0.8902517753389283  
0.7460148777895856 0.46290801186943625 0.8930654569021388  
0.7494505494505496 0.4036144578313253 0.8923766816143498  
0.7631578947368421 0.4450867052023122 0.8911783644558918  
0.7459954233409611 0.42857142857142855 0.9010779961953076  
0.7542735042735044 0.4825581395348837 0.8916990920881972  
0.748898678414097 0.46567164179104475 0.900352451137456  
0.7458006718924972 0.47164179104477616 0.8928571428571428  
0.7270588235294119 0.4718498659517426 0.8933460681311685  
0.7693989071038251 0.4735202492211838 0.8989769820971867  
0.7264673311184939 0.5043478260869565 0.8934531450577663  
0.737306843267108 0.48396501457725943 0.8879614767255216  
0.7322274881516588 0.4878048780487805 0.894736842105263  
0.7533333333333333 0.48809523809523814 0.9021739130434784  
0.7434679334916865 0.5165165165165165 0.9043587331451867  
0.7247007616974973 0.45679012345679015 0.8868952258891382  
0.7174163783160323 0.45180722891566266 0.8853080568720378  
0.7431091510474089 0.4339622641509434 0.8926409684612933  
0.7424749163879598 0.5075528700906344 0.8954081632653061  
0.7465116279069767 0.4492307692307692 0.8946209499842718  
0.7274853801169591 0.46551724137931033 0.8927554571338184  
0.748564867967853 0.4470588235294118 0.8994608309546465  
0.7471264367816091 0.46334310850439886 0.9000951474785919  
0.7508305647840532 0.4868035190615836 0.8935897435897436  
0.7583046964490263 0.4363636363636364 0.8959190129705789  
0.7480403135498321 0.4899135446685879 0.8956466069142126  
0.7559591373439274 0.49258160237388726 0.9027336300063572  
0.7637969094922737 0.46334310850439886 0.8989412897016361  
0.7511737089201878 0.4886363636363636 0.8968354430379748  
0.742338251986379 0.4542772861356932 0.8969465648854962  
0.7533039647577093 0.39875389408099693 0.8912280701754386  
0.754406580493537 0.488235294117647 0.8956823195713837  
0.7404063205417607 0.5132743362831859 0.8964638419878942  
0.7640211640211639 0.45882352941176474 0.8918480025982461  
0.7261009667024704 0.4542772861356933 0.8914027149321266  
0.7390350877192983 0.4571428571428572 0.8938476251195411  
0.7494553376906319 0.46060606060606063 0.8960205391527599  
0.7037914691943128 0.45161290322580644 0.8864422774457377  
0.7417943107221007 0.49858356940509924 0.8963513077171456  
0.7533039647577092 0.4092219020172911 0.8890318430363461  
0.7602739726027398 0.44776119402985076 0.8969235648588646  
0.7478070175438596 0.4919093851132686 0.8978682787146038  
0.7674418604651163 0.4336569579288026 0.8982785602503911  
0.7387387387387386 0.48466257668711654 0.8984126984126984  
0.7535911602209944 0.4678362573099415 0.8970163618864293  
0.7519294377067255 0.45045045045045046 0.8879641485275287  
0.7555040556199305 0.4804804804804805 0.9027777777777779  
0.7485779294653016 0.46666666666666673 0.8963549920760698  
0.7285067873303167 0.4727272727272727 0.8971428571428571  
0.7396313364055299 0.47878787878787876 0.897662665824384  
0.7472035794183445 0.46835443037974683 0.8909321496512365  
0.7046750285062714 0.45373134328358206 0.8857868020304568  
0.7460674157303371 0.48863636363636365 0.8981422165278666  
0.7534391534391535 0.45079365079365086 0.8911082474226805  
0.7388825541619156 0.5161290322580645 0.8951048951048951  
0.7405660377358492 0.4479495268138801 0.8971553610503282  
0.753688989784336 0.4691358024691358 0.9021842355175689  
0.7341772151898733 0.4520123839009288 0.8940731399747792  
0.7283236994219654 0.463768115942029 0.8922003804692453  
0.738391845979615 0.46012269938650313 0.8906497622820918  
0.7535287730727469 0.4662576687116564 0.8925248636509464  
0.7338804220398593 0.4719101123595506 0.9001584786053882  
0.7415990730011588 0.43478260869565216 0.8946209499842718  
0.7319819819819819 0.47204968944099385 0.8928344958782499  
0.7181818181818183 0.4939024390243903 0.8916349809885932  
0.7553072625698323 0.4741641337386018 0.8942675159235669  
0.7389830508474575 0.4246153846153847 0.8902980342422321  
0.7518959913326111 0.496969696969697 0.8942462230793956  
0.7426636568848758 0.4892966360856269 0.8993970168200571  
0.7396061269146608 0.4582043343653251 0.8915893827950111  
0.7207415990730012 0.4647058823529412 0.8895919012970579  
0.7478070175438597 0.4634146341463415 0.8969270166453265  
0.7612612612612613 0.4686468646864687 0.8982035928143712  
0.7604994324631101 0.43768996960486317 0.897273303741281  
0.7732426303854877 0.4821428571428571 0.9033693579148124  
0.7466666666666667 0.47536231884057967 0.8913113177300417  
0.7687366167023555 0.4746835443037975 0.9004495825305072  
0.7604049493813273 0.4692737430167597 0.8976580044914981  
0.7144482366325369 0.459214501510574 0.8833227647431833  
0.750551876379691 0.425531914893617 0.8929370405880473  
0.7330210772833724 0.43380281690140843 0.8887480190174326  
0.744131455399061 0.5102639296187684 0.901923683380637  
0.7532163742690058 0.4682080924855491 0.8985140689219097  
0.7235955056179775 0.4476744186046512 0.8913738019169329  
0.7536557930258717 0.48358208955223886 0.8872611464968152  
0.7508455467869222 0.45714285714285713 0.9011832427246562  
0.7407407407407407 0.4843304843304843 0.8898142216527868  
0.7364939360529217 0.43323442136498513 0.889102564102564  
0.7469342251950947 0.508670520231214 0.8990708106376161  
0.7441340782122904 0.478134110787172 0.8905950095969289  
0.7415730337078651 0.49851632047477745 0.9002231431303793  
0.7327188940092166 0.433048433048433 0.8845786963434022  
0.7369589345172032 0.43670886075949367 0.8916428344455036  
0.7543655413271245 0.45664739884393063 0.8939537828426717  
0.7352297592997812 0.4875 0.8900958466453675  
0.7341772151898734 0.45141065830721006 0.8973551637279596  
0.730593607305936 0.4451219512195122 0.8943037974683545  
0.7485515643105446 0.4256559766763849 0.8955034832172262  
0.7387387387387389 0.4039087947882736 0.895550646891764  
0.759581881533101 0.48396501457725943 0.9018987341772152  
0.7663755458515286 0.4406779661016949 0.8975578813828101  
0.7410817031070196 0.5092024539877301 0.8987062164720732  
0.7580110497237569 0.45045045045045046 0.8931541906589892  
0.744578313253012 0.4403669724770642 0.8980355472404116  
0.7544247787610621 0.46875 0.8993630573248407  
0.7322654462242563 0.4984984984984985 0.8970541653468482  
0.7531003382187148 0.3775811209439528 0.8903760356915232  
0.7449584816132859 0.5085714285714286 0.8994008199306213  
0.7529976019184652 0.5058823529411764 0.9059561128526646  
0.735582154515778 0.5058139534883721 0.8926152853918091  
0.7639198218262806 0.46808510638297873 0.8983104877271278  
0.7579408543263965 0.45079365079365075 0.8928571428571429  
0.7440811724915444 0.42990654205607476 0.8954372623574144  
0.7392815758980301 0.42857142857142855 0.8971374646115131  
0.7291910902696366 0.4378698224852071 0.8893791364639143  
0.7260579064587973 0.46551724137931033 0.8948043617703656  
0.7466666666666666 0.4370860927152318 0.8956356736242884  
0.7470997679814385 0.44705882352941173 0.8950031625553447  
0.750561797752809 0.4358974358974359 0.8912080961416825  
0.7357859531772576 0.4478527607361963 0.8914358484559058  
0.756152125279642 0.4 0.898267716535433  
0.7389830508474576 0.4674556213017752 0.8927093282394142  
0.741860465116279 0.47507331378299117 0.8959848245336706  
0.7516930022573363 0.5 0.8998085513720485  
0.7422222222222222 0.4457478005865103 0.8991354466858789  
0.736842105263158 0.47619047619047616 0.8934686112872543  
0.7302709069493521 0.4785276073619632 0.8993414863593604  
0.7593220338983052 0.4727272727272728 0.8948872657986664  
0.7525891829689297 0.459214501510574 0.9026548672566371  
0.7556053811659191 0.43988269794721413 0.8910891089108911  
0.7376861397479955 0.49557522123893805 0.8953045685279186  
0.7334905660377359 0.39873417721518983 0.8918750000000001  
0.777292576419214 0.48414985590778103 0.8951950983553694  
0.7452300785634121 0.4606060606060607 0.899140948138721  
0.7418994413407821 0.5056818181818181 0.8880333654154635  
0.75764192139738 0.4350453172205438 0.8938081488610844  
0.7386609071274299 0.4888888888888888 0.8959333973743195  
0.738532110091743 0.45562130177514787 0.8941027266962588  
0.7382857142857143 0.49090909090909096 0.896486229819563  
0.7386990077177508 0.4899135446685879 0.8913183279742766  
0.7383592017738358 0.49552238805970145 0.8941477454429166  
0.7378854625550662 0.42138364779874216 0.8935627788400256  
0.7260273972602739 0.48520710059171596 0.8946031746031746  
0.7352941176470589 0.4639498432601881 0.8978171464726352  
0.7403055229142185 0.4641833810888253 0.8969658659924147  
0.7497062279670975 0.41509433962264153 0.898904538341158  
0.7357859531772575 0.4887640449438202 0.8923175827708132  
0.7327188940092166 0.4336569579288026 0.8942579228114215  
0.7368421052631579 0.4144736842105263 0.8970495919648462  
0.7337962962962963 0.4927536231884058 0.8944532488114103  
0.7471526195899773 0.4985507246376812 0.9016236867239733  
0.7526132404181185 0.46470588235294125 0.8966171356307303  
0.7280701754385965 0.46341463414634143 0.8866837387964148  
0.7254464285714286 0.429042904290429 0.8916271721958925  
0.7402298850574712 0.43274853801169594 0.8946700507614213  
0.7559055118110235 0.5225225225225224 0.9013367281985997  
0.7345537757437071 0.47058823529411764 0.8958730158730159  
0.7454739084132055 0.4712990936555891 0.8959276018099547  
0.7370838117106774 0.45783132530120485 0.8927554571338184  
0.75 0.4720496894409938 0.9010644959298685  
0.7630057803468208 0.47560975609756095 0.8981393882056133  
0.7592788971367974 0.4878048780487805 0.8942774005819593  
0.7215777262180973 0.4510385756676558 0.8872037914691943  
0.7458432304038004 0.45 0.9019362898188631  
0.7499999999999999 0.4345047923322684 0.9005334170065893  
0.7497291440953412 0.4491017964071856 0.8883167042162858  
0.7241379310344827 0.4682080924855492 0.8881829733163913  
0.7328072153325819 0.4126984126984127 0.8924731182795699  
0.7448747152619591 0.44712990936555885 0.8976228209191759  
0.7528089887640449 0.45592705167173253 0.895389507154213  
0.7532188841201716 0.46607669616519176 0.8962172647914646  
0.7394366197183099 0.46551724137931033 0.8975979772439949  
0.7348734873487348 0.4233128834355828 0.8859060402684564  
0.7514450867052024 0.4485981308411215 0.9011957205789806  
0.7178924259055983 0.45882352941176474 0.8917442981047222  
0.7519466073414905 0.4615384615384615 0.8981921979067554  
0.7290533188248096 0.4643962848297214 0.8872517616912237  
0.7491926803013994 0.43312101910828027 0.8920217878884973  
0.7426067907995618 0.48466257668711654 0.88896  
0.7540229885057472 0.5217391304347827 0.9079445145018916  
0.7209580838323353 0.4676923076923077 0.9051186017478152  
0.7541713014460513 0.4952978056426333 0.8995549904640813  
0.7364939360529217 0.4423676012461059 0.8909438775510204  
0.7339449541284403 0.4655172413793104 0.8924936386768448  
0.7382550335570469 0.4685714285714286 0.8916666666666666  
0.7225501770956316 0.44776119402985076 0.8868636077938403  
0.7381776239907728 0.49450549450549447 0.8981806575167571  
0.7508232711306256 0.4393442622950819 0.8958068614993646  
0.7465753424657534 0.456973293768546 0.9000317359568392  
0.7445086705202312 0.48888888888888893 0.887543803759159  
0.7486033519553073 0.4539877300613497 0.8927776010181354  
0.749708963911525 0.5284090909090909 0.9000951474785918  
0.7562841530054645 0.4506172839506173 0.8908799999999999  
0.7394209354120268 0.4394904458598726 0.8940355329949239  
0.7404921700223713 0.5163398692810457 0.9007585335018964  
0.7494600431965444 0.45783132530120485 0.8892466194462332  
0.7613762486126525 0.49375 0.8985046134266624  
0.7589388696655133 0.4529411764705882 0.8983211910041178  
0.7523584905660378 0.4783861671469741 0.899337330388135  
0.7494553376906318 0.43786982248520706 0.8957528957528956  
0.7516629711751662 0.4773413897280967 0.8968380709038646  
0.7491638795986624 0.5110410094637223 0.9003174603174603  
0.7282377919320593 0.47706422018348627 0.8865912762520194  
0.757679180887372 0.48101265822784806 0.9018617860523825  
0.7546346782988005 0.4567901234567901 0.8952929875120077  
0.7522935779816513 0.46357615894039733 0.9009404388714733  
0.7436743674367438 0.49201277955271566 0.8981540420114577  
0.767337807606264 0.47352024922118374 0.9050492219752303  
0.7735191637630662 0.48 0.9019980970504281  
0.7266666666666667 0.4011627906976744 0.8807692307692307  
0.7436743674367436 0.4375 0.8905901116427433  
0.7541713014460513 0.46706586826347307 0.8949217502395401  
0.7548460661345495 0.4551282051282051 0.8957480314960631  
0.7542087542087542 0.5046728971962617 0.9035532994923858  
0.7526881720430106 0.4411764705882353 0.8894634776987719  
0.7600434310532032 0.4508670520231214 0.8898934452696159  
0.7463687150837989 0.4642857142857143 0.898180657516757  
0.7462340672074159 0.4152046783625731 0.8933206710984489  
0.7525655644241733 0.4201183431952662 0.886630676405208  
0.7285223367697595 0.422360248447205 0.8917639633953929  
0.7479861910241656 0.5191256830601093 0.9006072227548738  
0.7119021134593994 0.49438202247191015 0.8916050176905759  
0.7324263038548753 0.5181058495821728 0.8876080691642652  
0.7628865979381442 0.45 0.8987701040681173  
0.7502656748140277 0.4444444444444444 0.8873786407766991  
0.7454954954954955 0.46385542168674704 0.8950381679389313  
0.7289719626168225 0.4767123287671233 0.8927776010181355  
0.7337278106508875 0.37060702875399365 0.8889582033686837  
0.7274826789838337 0.46204620462046203 0.8976525821596244  
0.7118254879448909 0.4276729559748428 0.8894488188976378  
0.7398190045248869 0.48048048048048053 0.8973625675246266  
0.7428571428571429 0.49859943977591037 0.8939974457215837  
0.7340067340067341 0.448377581120944 0.8934269304403318  
0.7400215749730313 0.4716981132075472 0.8938762423853799  
0.730299667036626 0.43859649122807015 0.888176866388978  
0.727699530516432 0.5043988269794721 0.8968779564806055  
0.749719416386083 0.5029940119760479 0.897100987575661  
0.7426160337552743 0.4564564564564565 0.8900421667207266  
0.7714604236343368 0.49090909090909096 0.9078737647433853  
0.7444933920704847 0.4770642201834862 0.8942154042825184  
0.727854855923159 0.4369747899159664 0.8892508143322476  
0.7620137299771167 0.44 0.9021943573667711  
0.7186046511627906 0.42985074626865666 0.8917639633953929  
0.7610993657505285 0.4587155963302753 0.8974441928178584  
0.7494407158836689 0.46290801186943625 0.8981806575167571  
0.7101947308132875 0.46022727272727276 0.887543803759159  
0.744186046511628 0.47021943573667707 0.8962444302991723  
0.7491638795986623 0.5015105740181268 0.8973214285714286  
0.7352941176470589 0.4451038575667656 0.8940502704422527  
0.7424071991001125 0.456140350877193 0.8943504628151931  
0.7381489841986456 0.5 0.8940269749518304  
0.7455357142857142 0.43636363636363634 0.8942001274697259  
0.7486157253599114 0.5060975609756098 0.899457389083945  
0.7217694994179279 0.44510385756676557 0.8882575757575757  
0.7553072625698324 0.4035608308605341 0.8908045977011494  
0.7432590855803048 0.4702194357366771 0.8947368421052632  
0.7401574803149606 0.4262295081967213 0.8946372239747634  
0.7548022598870057 0.4678362573099415 0.8983104877271278  
0.7054714784633294 0.48725212464589235 0.8883248730964466  
0.748040313549832 0.43843843843843844 0.8948374760994264  
0.7494252873563219 0.4764705882352941 0.901712111604312  
0.7597402597402597 0.45061728395061723 0.8992297817715019  
0.7349823321554771 0.42165242165242167 0.8881163084702908  
0.7377049180327867 0.4302325581395349 0.8881869867340492  
0.7438202247191011 0.47023809523809523 0.8922880815806247  
0.7514585764294048 0.44578313253012053 0.895748031496063  
0.7661469933184855 0.5014577259475218 0.9004162664105028  
0.7258771929824561 0.4280936454849498 0.891849032667301  
0.76457399103139 0.46987951807228917 0.8974522292993631  
0.7232558139534885 0.4258064516129032 0.8941765810895429  
0.755656108597285 0.5013927576601671 0.9003524511374559  
0.7651598676957 0.47058823529411764 0.8931665062560152  
0.7438202247191011 0.40718562874251496 0.8898089171974521  
0.7239915074309978 0.4466666666666666 0.8898142216527867  
0.7286652078774617 0.5076452599388378 0.8927313480627601  
0.7205542725173211 0.435820895522388 0.8852355358836548  
0.7640449438202248 0.4498480243161094 0.8909379968203497  
0.7370786516853933 0.4777070063694267 0.8987341772151898  
0.7199074074074074 0.45045045045045046 0.8923271234606884  
0.7497089639115251 0.46439628482972134 0.8937774984286612  
0.746987951807229 0.44984802431610943 0.8891736066623959  
0.7467532467532467 0.47058823529411764 0.8890322580645161  
0.7491408934707904 0.4879518072289157 0.8971193415637859  
0.7217694994179279 0.4329268292682927 0.8932955618508027  
0.7287933094384709 0.437125748502994 0.8994675853429377  
0.7483731019522776 0.43504531722054385 0.892960462873674  
0.7505773672055429 0.512396694214876 0.9033492822966508  
0.7411630558722919 0.4804804804804805 0.8922003804692453  
0.738015607580825 0.4174454828660436 0.8887476160203434  
0.7420814479638008 0.498567335243553 0.8974768444586394  
0.7383918459796148 0.44011142061281333 0.8910954516335683  
0.7231638418079096 0.4924012158054711 0.8857142857142858  
0.7429906542056075 0.45427728613569324 0.894919532975702  
0.72183908045977 0.46334310850439886 0.8880431335236283  
0.754424778761062 0.46105919003115264 0.8926409684612934  
0.7434679334916864 0.45930232558139533 0.9018250471994966  
0.7661016949152543 0.4929971988795518 0.8987828315182576  
0.7544642857142858 0.4516129032258065 0.8960665174288455  
0.7405714285714287 0.46920821114369504 0.8964421855146124  
0.7268623024830699 0.42244224422442245 0.8932283464566929  
0.7248322147651007 0.5000000000000001 0.8901734104046243  
0.7072072072072072 0.4508670520231214 0.8862619808306709  
0.7367205542725174 0.4871060171919771 0.9006033661479835  
0.7454128440366973 0.45783132530120485 0.8968354430379747  
0.7342342342342343 0.426829268292683 0.8869123252858958  
0.7460674157303372 0.43859649122807015 0.8997445721583652  
0.7505567928730513 0.419047619047619 0.8962234211361472  
0.7393258426966292 0.45592705167173253 0.8928457869634342  
0.7502876869965479 0.45562130177514787 0.8964206525182135  
0.7620137299771167 0.46666666666666673 0.9006329113924051  
0.7553551296505072 0.48275862068965514 0.8999680409076382  
0.741826381059752 0.46254071661237783 0.8965299684542586  
0.7199074074074074 0.4347826086956521 0.8892385147891757  
0.7537227949599083 0.4230769230769231 0.9002831078955646  
0.7307692307692307 0.4369230769230769 0.8963549920760697  
0.7087378640776698 0.5028571428571429 0.8965517241379312  
0.7246049661399548 0.4892966360856269 0.8936845445890192  
0.735224586288416 0.4472049689440994 0.8954943679599499  
0.7610419026047565 0.4855491329479769 0.8956937799043062  
0.7482517482517483 0.4161490683229813 0.8951005025125629  
0.7489177489177489 0.42633228840125387 0.8907401473886575  
0.7232142857142857 0.4 0.8856868395773295  
0.7516930022573364 0.45977011494252873 0.8945686900958466  
0.7482993197278912 0.45103857566765576 0.8947535771065183  
0.7508090614886732 0.4229607250755286 0.8892466194462332  
0.7474285714285716 0.5103857566765578 0.8959390862944162  
0.730635838150289 0.4736842105263159 0.888818498574596  
0.747276688453159 0.4232081911262799 0.9000951474785918  
0.7440758293838864 0.4508670520231214 0.8979206049149339  
0.748040313549832 0.45454545454545453 0.8946195479146768  
0.7377777777777778 0.45317220543806647 0.8930737312480052  
0.7522522522522522 0.4465408805031446 0.8986700443318555  
0.7561761546723952 0.4262295081967213 0.8951406649616368  
0.7268623024830698 0.45562130177514787 0.884076433121019  
0.7459105779716468 0.46808510638297873 0.8845413726747914  
0.7378854625550659 0.46884272997032644 0.8919525488938761  
0.7301951779563719 0.48664688427299707 0.8954372623574144  
0.7486515641855447 0.46753246753246747 0.8935762224352829  
0.7426556991774383 0.4835820895522388 0.8961611076148521  
0.7438752783964365 0.49425287356321834 0.8928800513149455  
0.7196467991169978 0.46567164179104475 0.8908101184758245  
0.7445589919816723 0.44179104477611947 0.8922686945500634  
0.7327887981330221 0.46567164179104475 0.8915510718789408  
0.738015607580825 0.44025157232704404 0.8942521435376309  
0.7601809954751131 0.45317220543806647 0.8999682438869482  
0.7644444444444445 0.48427672955974843 0.9008264462809917  
0.7373167981961669 0.40880503144654085 0.8907882241215573  
0.7165898617511521 0.41640378548895896 0.8883296634161686  
0.7342657342657342 0.4565916398713827 0.902660406885759  
0.7309417040358744 0.45962732919254656 0.8926984126984128  
0.7612612612612613 0.4013377926421405 0.895813660686182  
0.7259100642398287 0.42424242424242425 0.8819354838709678  
0.71824480369515 0.4649859943977591 0.8812480101878384  
0.7268770402611533 0.425531914893617 0.8863928112965339  
0.7375415282392026 0.4691358024691358 0.897672935926044  
0.7295173961840627 0.49851632047477745 0.8947704081632651  
0.7803837953091685 0.44224422442244227 0.8997758565481908  
0.7486157253599113 0.45512820512820507 0.9006033661479834  
0.7105561861520999 0.4285714285714286 0.8846520495710201  
0.7635135135135135 0.4785276073619632 0.9003174603174603  
0.753688989784336 0.4753623188405797 0.8916507329509241  
0.7409988385598142 0.49367088607594933 0.9024160652651397  
0.7426067907995618 0.48664688427299707 0.8901734104046243  
0.7452300785634118 0.49275362318840576 0.8964194373401535  
0.7477477477477477 0.49112426035502954 0.8967495219885279  
0.731535756154748 0.45425867507886436 0.8985597996242956  
0.7440811724915446 0.4733727810650888 0.8990124243389613  
0.7230769230769231 0.4775280898876405 0.8863783085861846  
0.7208237986270023 0.4347826086956522 0.8882575757575757  
0.7392290249433108 0.4685714285714286 0.8939974457215837  
0.7222222222222223 0.508670520231214 0.8909557408595253  
0.7233065442020666 0.48710601719197705 0.8899491094147582  
0.7502903600464577 0.5057471264367815 0.8982567353407289  
0.74835886214442 0.47826086956521735 0.8970588235294119  
0.7233065442020665 0.4397590361445783 0.8933881683011704  
0.7326732673267327 0.48942598187311176 0.8943661971830986  
0.7443946188340808 0.45833333333333337 0.8909438775510204  
0.7381489841986456 0.41333333333333333 0.8911264946507237  
0.7431818181818182 0.456973293768546 0.896091515729266  
0.7417519908987487 0.46341463414634143 0.8919860627177701  
0.7323628219484882 0.41875 0.8955887019993652  
0.7200929152148665 0.5072046109510085 0.8916349809885932  
0.7329479768786127 0.4852071005917159 0.8933881683011705  
0.7466367713004485 0.4564564564564565 0.8926409684612934  
0.7521929824561403 0.43243243243243246 0.8864373783257624  
0.7594654788418709 0.42345276872964166 0.8958531180753404  
0.753688989784336 0.492836676217765 0.8998085513720485  
0.7502903600464577 0.4444444444444445 0.9009122365523751  
0.7569296375266524 0.48253968253968255 0.8981035036965607  
0.7362514029180696 0.4339622641509434 0.8963549920760698  
0.7718918918918919 0.5244956772334294 0.9003880983182407  
0.7248018120045299 0.4405797101449275 0.8941326530612246  
0.7508610792192881 0.46913580246913583 0.895550646891764  
0.7345537757437072 0.4559270516717326 0.8914900347991142  
0.7435294117647059 0.40697674418604657 0.890851735015773  
0.764245810055866 0.4702194357366771 0.9003174603174603  
0.7573033707865169 0.4660766961651917 0.8995215311004785  
0.7379310344827587 0.47023809523809523 0.8929702343255225  
0.7586206896551724 0.4752475247524752 0.9089184060721064  
0.7295454545454545 0.5206349206349206 0.8936573051435784  
0.7525891829689297 0.4676923076923077 0.8996845425867508  
0.7386363636363638 0.4624624624624625 0.8943192637258013  
0.7502824858757063 0.4438040345821325 0.8888888888888888  
0.749185667752443 0.45768025078369906 0.8924455825864277  
0.7227488151658767 0.4355828220858895 0.8910457107075768  
0.7300115874855156 0.43874643874643876 0.8895238095238096  
0.7483443708609272 0.45482866043613707 0.8989480395282118  
0.745005875440658 0.44025157232704404 0.9001564945226916  
0.7410714285714286 0.44089456869009586 0.8919175911251982  
0.7346938775510204 0.4298507462686567 0.8917396745932415  
0.7346465816917728 0.4709480122324159 0.8991808443604284  
0.7235576923076923 0.4444444444444444 0.8995363214837713  
0.7505773672055427 0.40506329113924056 0.8925204274041484  
0.7308584686774942 0.48214285714285715 0.8963992419456729  
0.7335722819593787 0.5046153846153846 0.9006870705808869  
0.7379077615298087 0.47021943573667707 0.8954372623574144  
0.7341176470588234 0.45833333333333337 0.8942731277533039  
0.7477477477477478 0.4227129337539432 0.897119341563786  
0.7178276269185359 0.3848580441640379 0.89  
0.7505567928730512 0.4158415841584159 0.9016756244072084  
0.745575221238938 0.4764705882352941 0.892948717948718  
0.7388825541619156 0.4720496894409938 0.8947867298578199  
0.7216981132075472 0.48115942028985503 0.8924629454430778  
0.7398190045248869 0.45892351274787535 0.8922289734569875  
0.7439165701042874 0.48158640226628896 0.8900889453621348  
0.7262313860252004 0.4601226993865031 0.8916271721958925  
0.7410714285714286 0.44510385756676557 0.8955605237943148  
0.7474048442906575 0.48000000000000004 0.899904671115348  
0.7570498915401301 0.5 0.8982614294913072  
0.7597061909758658 0.4542372881355932 0.8979460847240052  
0.7548906789413119 0.4662576687116564 0.8987062164720732  
0.7402452619843924 0.46846846846846846 0.8870453095086153  
0.7334083239595051 0.4839650145772595 0.8901660280970626  
0.736 0.4785276073619632 0.8985140689219095  
0.748235294117647 0.4664723032069971 0.8943550930305897  
0.7461024498886414 0.48874598070739544 0.9033280507131537  
0.7445414847161572 0.43827160493827166 0.8943661971830986  
0.7349665924276171 0.5266457680250782 0.8948204639339052  
0.7522321428571429 0.45217391304347826 0.8895292987512008  
0.7385984427141268 0.4770642201834862 0.8954748247291268  
0.7527352297592997 0.41486068111455104 0.896706108090822  
0.7502824858757063 0.4605678233438486 0.898798228969007  
0.7404063205417608 0.4479495268138801 0.8959190129705789  
0.7488372093023257 0.48 0.8979074191502852  
0.7539863325740318 0.4927536231884058 0.8958930276981852  
0.7468785471055619 0.4647058823529412 0.8965956092904869  
0.7187864644107351 0.46783625730994155 0.8909952606635071  
0.7455357142857142 0.48093841642228735 0.8935081547809403  
0.7403314917127072 0.43999999999999995 0.885815374718559  
0.7541713014460513 0.478386167146974 0.8980115458627326  
0.7585470085470085 0.5058823529411764 0.8963730569948186  
0.7290533188248095 0.4350453172205438 0.8895311496467566  
0.7375565610859728 0.47129909365558914 0.8929818990155605  
0.7429218573046433 0.5043988269794721 0.89171974522293  
0.7469066366704162 0.46394984326018807 0.899873257287706  
0.7363636363636362 0.4556213017751479 0.8919262555626192  
0.7296650717703349 0.46334310850439886 0.8986507687480387  
0.747276688453159 0.454828660436137 0.8972800000000001  
0.75 0.45103857566765576 0.8949217502395402  
0.7392290249433107 0.5073746312684365 0.8946866051543112  
0.7635574837310195 0.503030303030303 0.8978149100257069  
0.7298245614035088 0.4749163879598662 0.8990654205607477  
0.7239819004524888 0.440251572327044 0.8950031625553447  
0.73512252042007 0.43582089552238806 0.8928121059268601  
0.7169373549883991 0.45679012345679015 0.8930144745122719  
0.7574750830564784 0.4619883040935673 0.8938762423853799  
0.7393258426966293 0.4702549575070821 0.8939442486382569  
0.7013888888888888 0.4319526627218935 0.8836179633143579  
0.740343347639485 0.4217252396166134 0.8925937800577108  
0.7440811724915445 0.43558282208588955 0.8936845445890194  
0.7234539089848308 0.41358024691358025 0.896010053408734  
