0.1427329044292323 
0.14578793357863037 
0.14532289755987188 
0.14308513119569538 
0.15765011861700307 
0.14450954797916324 
0.14594962819648064 
0.14802408602696612 
0.1456645549485501 
0.1360399657662169 
0.14253667591801633 
0.1483508393615799 
0.1476082089318013 
0.1399393760886118 
0.14436068299819327 
0.15451339875726672 
0.1438033622341281 
0.14490441563070874 
0.13616161553565884 
0.14409812615278786 
0.14897049307742216 
0.14553858786643026 
0.1464782856402154 
0.14380695203829055 
0.14976885489460642 
0.1378966137096218 
0.13959515968394867 
0.14174099279094843 
0.14964294388234417 
0.13961737537088828 
0.14414083216357845 
0.1371392791638285 
0.1442517919578247 
0.14687349315464965 
0.1423740929763802 
0.1454877036115021 
0.14519943265633606 
0.14807713873767353 
0.13929092642034646 
0.14481591668437355 
0.14750420384928187 
0.1478995103699414 
0.1500173148882336 
0.1445344144842747 
0.14473902870044567 
0.14380051954674863 
0.146453166388853 
0.14262672287770775 
0.14499316085199776 
0.1495532505307594 
0.14614881226146337 
0.14151438224342308 
0.14733359853686775 
0.15211860286905707 
0.14358953420721157 
0.14071136609499837 
0.14093420017321137 
0.14531614247321983 
0.1394959497956436 
0.1501453586431504 
0.13879003267038978 
0.14087268355856572 
0.1466383550877098 
0.146330538812828 
0.14540904574118335 
0.14155733383443228 
0.14212083472643983 
0.14752668204083552 
0.13953821902910213 
0.14581199789302426 
0.14767536130337297 
0.14779974692167497 
0.13995605625408183 
0.1427138945854775 
0.14645694919190932 
0.13588344322672116 
0.1483350166888312 
0.14907149362553837 
0.139975103344638 
0.1415911067879326 
0.14972947453983562 
0.14828354213609088 
0.14376711535605244 
0.14536672784725188 
0.14160277213336522 
0.15057745025411984 
0.14533336944762645 
0.1362681255579358 
0.14850256045886592 
0.14772788065430076 
0.1375424507233001 
0.14827328905074397 
0.1425941044513149 
0.1415983449099172 
0.14585870204282309 
0.1495007360068604 
0.14758872148022417 
0.1469291447967155 
0.1486074666224568 
0.14588812417711575 
0.14805801943135902 
0.1453976834650155 
0.143730720073816 
0.14822958391670488 
0.14292133557670988 
0.15065079436930665 
0.14699516541789084 
0.13822004561164253 
0.13941273611903202 
0.1421124755148833 
0.14145635893750735 
0.14122053433319923 
0.13846819392248452 
0.13925872654010799 
0.14141706054217157 
0.15157188340731562 
0.14261610500802344 
0.14764512682883738 
0.1471291492114239 
0.14512520620492467 
0.14439888410556048 
0.13899815374856003 
0.14270729821061934 
0.14680409834845412 
0.1470630672966893 
0.1407800041876676 
0.14330846868653546 
0.14704703964848984 
0.13968836300801865 
0.14364267376549888 
0.15174370662141662 
0.1401244737089288 
0.14471305574201176 
0.14009657252890467 
0.1444612227340062 
0.14691808072475937 
0.14526336284826177 
0.1437915617020821 
0.14463574187295963 
0.14800544396256624 
0.15246733784493854 
0.1481542751505836 
0.1501177804406493 
0.14882503538159017 
0.14449445184990986 
0.14761650440759336 
0.14617402439238053 
0.14928601784087997 
0.1424964364186298 
0.14579392192540191 
0.14850289826129595 
0.15030845813776642 
0.1458468116963642 
0.14175119371590936 
0.142362384637695 
0.14360200108917653 
0.14566746004477693 
0.142536826982954 
0.14796704292706736 
0.14349350114015785 
0.1444568282631579 
0.1413570318066496 
0.14481699074901092 
0.14964589218492047 
0.13719974895465695 
0.14024879664208292 
0.14069562596864252 
0.15099907415722383 
0.14048585642848332 
0.1472479340554182 
0.1403928422942775 
0.14287531862425706 
0.153684930033348 
0.14976460686131182 
0.15493397558948316 
0.1326546803832681 
0.144262536313174 
0.14334721133113282 
0.15177136181436085 
0.1394926538149458 
0.14959323917502976 
0.14020124233671458 
0.1456857880728721 
0.1442734771424754 
0.15153071909486704 
0.1433173547465416 
0.14702437050696454 
0.1423925092524955 
0.13850152633785354 
0.14841858595807705 
0.15001941804141034 
0.14057562398818818 
0.1391027934876177 
0.1425128516928008 
0.14627563444433606 
0.14298246594588945 
0.14221729992532867 
0.14519261614837842 
0.14143800631630726 
0.14276420786259256 
0.14225541500660746 
0.14810792058410108 
0.14590102106048997 
0.14078137015878955 
0.15257965205943957 
0.14638209694106066 
0.14200895584840745 
0.1420521448178081 
0.13945542426217505 
0.14464987385989456 
0.15303208689094433 
0.1449209734460725 
0.14811917321519105 
0.14284549804709462 
0.14093983108091715 
0.13885743150245966 
0.1421141946092233 
0.1438374674835892 
0.14898001645389103 
0.1429683956680615 
0.15227107778149981 
0.14976096560649402 
0.14817835558069042 
0.14588167757016884 
0.14504193152933967 
0.13917090708244362 
0.1400054242806091 
0.1453656173206694 
0.148417513965458 
0.14289069205994412 
0.14252593160333385 
0.15032419199926686 
0.13656849082893496 
0.1477417750027033 
0.14465472013091607 
0.145196675287842 
0.14828902082079373 
0.14425000669413438 
0.13925095031271925 
0.14705446813079728 
0.14945560335777072 
0.14036194670866314 
0.14320034826483155 
0.13945046828956909 
0.14365781184782092 
0.14679741343280084 
0.15020195241033685 
0.14974728286999567 
0.1380758356558855 
0.14639188025453592 
0.14357385372779843 
0.14258596547304886 
0.14273573458078873 
0.14731118041381877 
0.14451528006174763 
0.15057248396026798 
0.13746779399786757 
0.13403429714488788 
0.1446679864122921 
0.14343015058547304 
0.1429684838291422 
0.15029573978169097 
0.14781021449412943 
0.1444276115092244 
0.14309714966991013 
0.1490843604307157 
0.14186393365731118 
0.1417100720654698 
0.1391265099596894 
0.15054300951255004 
0.15049609098613606 
0.14928778437781914 
0.141872737853763 
0.1417580181862696 
0.1529468848204694 
0.1460541041454717 
0.14820726188285208 
0.14221999918418546 
0.14530961881214338 
0.15253486080817819 
0.14375402362288642 
0.13701530797698047 
0.14099801944445914 
0.14497588207498824 
0.15053173339663659 
0.14137147135454348 
0.14482952218003745 
0.13837104768762137 
0.14776125226031092 
0.15291513220843342 
0.15104607353851998 
0.14625867990316138 
0.14357438330027286 
0.1442701897525052 
0.1402151289188198 
0.14619359598628656 
0.14743140094409266 
0.14663298772250638 
0.14754997318649304 
0.15138655883466018 
0.1415614972808577 
0.14699270213929203 
0.14447374931183293 
0.13374217955124476 
0.14170891126673382 
0.14618543567956355 
0.14150677998077366 
0.14857913684158314 
0.14976160134473687 
0.13886978393332733 
0.14005743723361727 
0.13585822089183422 
0.14090871205983338 
0.13727960898450037 
0.13914246777393027 
0.1413877160218395 
0.13858668237241303 
0.14127175295683023 
0.14547686305227583 
0.14075692728741585 
0.14271072707881233 
0.13731607316176916 
0.1378973345247175 
0.14073718284180714 
0.14574896547608243 
0.1393203303336312 
0.1443507893485031 
0.14608374289414777 
0.1430699677072385 
0.14332598423243967 
0.1418906659191303 
0.1441607376947325 
0.1444354351800932 
0.1426635066369021 
0.14250114621713988 
0.14373157279986243 
0.14646700273567673 
0.1480765352914767 
0.1442857660658322 
0.14467923658581483 
0.14213802703558495 
0.1425599833294949 
0.14333771854550303 
0.14691540554087248 
0.14875798649148372 
0.14140140025882061 
0.13751637326552724 
0.14339867907120438 
0.14866893302598364 
0.14153826584548113 
0.14730419381231138 
0.14484579136951126 
0.148794801986144 
0.15202183380536755 
0.14741194048421757 
0.13996584476237897 
0.14370356149707555 
0.14564791736234686 
0.14816900898256924 
0.14028695111854078 
0.14081343578851246 
0.14495351413553584 
0.14781186240029137 
0.14470267543566906 
0.14743840881728446 
0.14268708828336363 
0.14317747726877283 
0.14096714187866233 
0.1479226251699754 
0.14027726937781373 
0.15023444381425186 
0.14634553761812344 
0.1493718620401261 
0.14197895830439683 
0.1452808962798044 
0.1448220086956892 
0.1509206737717429 
0.14453487417229707 
0.14975330787956762 
0.14434899733913367 
0.1472523930687227 
0.14199045684052092 
0.14685529614688544 
0.15048840805845246 
0.1495113531278863 
0.14431444301708943 
0.1458973700297348 
0.14443808139770195 
0.1391290257745652 
0.14774088105746488 
0.1442959778561724 
0.14878626397685887 
0.1467354560917223 
0.15162538162493597 
0.14524530333417104 
0.1395533950443106 
0.14475437503721428 
0.1480591534606976 
0.1396436297691763 
0.1451052918922866 
0.1457727159189619 
0.14572180466342374 
0.14328537784662132 
0.15174779419369924 
0.14333234632935446 
0.14415907761001062 
0.14877356863858435 
0.14211532490938422 
0.15217337751743815 
0.1414219477585941 
0.1467272038235205 
0.14506517098168892 
0.1429805390280132 
0.14393939942797163 
0.14273613248450734 
0.14300322690459105 
0.1478899294572851 
0.13970061907492642 
0.14860587404591302 
0.14223008146621044 
0.15178551745984029 
0.14269118201035105 
0.14327268495787226 
0.1393749894412126 
0.13871431367109394 
0.1508334165609251 
0.15127538608729146 
0.14694023020130384 
0.15061963145174204 
0.14234621722448265 
0.13537547875661526 
0.14101591877625405 
0.1436450741558048 
0.14296576657082205 
0.13939946663808042 
0.1457395527587982 
0.14509309357511593 
0.13916246126372864 
0.14551150757293052 
0.1498032859444886 
0.1507512870323233 
0.14880942106304812 
0.14727663194043705 
0.15436514913805105 
0.14634400675729298 
0.14690995136913884 
0.14262103272818913 
0.14570323370386784 
0.14541376597365566 
0.1463864223516864 
0.14503631572596376 
0.1506630859662481 
0.14687901088677127 
0.14272404523209475 
0.14934638274884382 
0.1492747330278934 
0.14679560709296802 
0.14082494666036377 
0.1495396906869652 
0.1436853495866041 
0.13480052574629178 
0.13947850477224952 
0.14997773204796833 
0.1447703266788023 
0.14443504545683175 
0.14185393010963282 
0.14818703283196574 
0.14497819609725435 
0.14384136590101793 
0.14688999093095442 
0.14633479634396737 
0.14165645988471318 
0.14675109372319775 
0.14566103086253146 
0.1423077558819727 
0.1492579348131303 
0.14334598106475877 
0.14367535661371617 
0.13878367411815531 
0.14696061425888873 
0.1483543467449688 
0.13980527420482308 
0.14743207264567168 
0.14377344025865252 
0.14595045276580976 
0.14963477905273498 
0.1514439540354205 
0.14654801959539082 
0.1478589044322977 
0.14733202608249896 
0.1477167109005137 
0.14646354414562118 
0.14414557458067423 
0.14608473113794157 
0.14586283016461613 
0.13759447387646973 
0.14383670321834172 
0.14056656517006025 
0.14274080506305237 
0.14370070215526543 
0.1388384858117471 
0.14774530508171552 
0.14612936704625104 
0.1408853315008936 
0.1501664269485364 
0.14648381741135444 
0.1432135665610243 
0.14250418779447735 
0.14693519462341822 
0.14304878822378334 
0.14942726254618569 
0.14344764734238336 
0.14368901637182163 
0.14614281808998827 
0.15237685512575294 
0.14553604713614063 
0.1495803385177601 
0.14091276610128095 
0.1419935182169981 
0.14517962968386336 
0.14398240591414793 
0.14461771157772538 
0.15070311769761083 
0.14496844563755407 
0.14164644958652556 
0.14625467128214142 
0.1447440243358563 
0.14758800204402822 
0.1456581604865404 
0.14757672066788663 
0.1414686452648795 
0.14215289050696558 
0.14208668376406658 
0.1430853121732296 
0.14929529222258298 
0.1473809583719788 
0.1402164338054404 
0.1415835985936447 
0.14364550441270738 
0.1438882114029383 
0.14227467237077446 
0.1361881980777545 
0.14652401317380165 
0.14737331521700076 
0.1400743522634005 
0.14478005004609576 
0.14544783644812795 
0.14774398505797742 
0.14131933694641297 
0.14205394156473905 
0.1419945531984026 
0.14832454497008887 
0.14295074400632268 
0.14364001824564032 
0.15048655849692727 
0.14184559741591343 
0.15053842434970943 
0.14309672334344314 
0.13863707380334347 
0.14316700056078543 
0.1392253883261836 
0.1367624999451308 
0.14504716996499994 
0.15017006716484252 
0.1397884688111218 
0.1447813335455188 
0.1433562242683055 
0.14385135576818167 
0.14996910194652682 
0.14503683504026396 
0.14611551093271313 
0.1424764538043012 
0.14343937331187895 
0.14367778229518935 
0.14947514004379314 
0.1369571620761334 
0.13814900263895724 
0.14276783509373256 
0.1550811269211626 
0.14124142364487954 
0.1408389049175064 
0.14950118048174535 
0.1520350877324491 
0.14463026782146482 
0.14637230838682933 
0.13970521951626289 
0.149143778710541 
0.14364164188175657 
0.14597407618767633 
0.14434608216404587 
0.13975172602671557 
0.14224875993892713 
0.14916367181800355 
0.13871277826875 
0.1386588614749172 
0.14272899465900388 
0.1449670747029707 
0.14849726343039427 
0.14251655586226783 
0.14295237696314836 
0.14731445012143976 
0.14424743434786536 
0.14429232512520268 
0.147005122574388 
0.15390397381287832 
0.14115509921115327 
0.1395963245049493 
0.1438269554871628 
0.14786790190606036 
0.14805755161079642 
0.14228978732152076 
0.14195424322615516 
0.14005511129867287 
0.14710297041829068 
0.1447632375033545 
0.14725013401187373 
0.1472287299706846 
0.15022350713070864 
0.14556449858905113 
0.14705604886902746 
0.14020908070380012 
0.13798312648948882 
0.13975179634632476 
0.14661077421246324 
0.14409284849962656 
0.1484626303813442 
0.14499265709083145 
0.147954435411435 
0.14402153717039892 
0.14033679765853024 
0.14675442194311283 
0.1432883723785611 
0.1468857060621609 
0.14769879966326852 
0.13848940962614625 
0.14913154839285003 
0.14565264003059333 
0.15379153672275178 
0.14507738924773422 
0.14634032092374047 
0.1421266523288188 
0.14976405366776016 
0.14701663401668819 
0.14248934988117734 
0.14472939430740747 
0.14489293984228585 
0.13565557531731362 
0.1449207447047124 
0.14469235156665713 
0.14429826973431578 
0.14510838350404395 
0.1505302144892108 
0.15018480904628367 
0.14669616664614515 
0.14383410763748078 
0.14786404972535694 
0.1453977882733945 
0.1486993895278003 
0.13786618465114417 
0.14681128478709382 
0.14274000124293196 
0.14178532412026215 
0.14892588314130942 
0.14538862543814 
0.14276912765715147 
0.14326169398031377 
0.1460165509903092 
0.15306165168415603 
0.13958180277457916 
0.15115265886032403 
0.14024645491769683 
0.14754871464378308 
0.14521506445891963 
0.14211607566974363 
0.14379098311891325 
0.14614221872821653 
0.1439482013407504 
0.1395188746847635 
0.14013995746124436 
0.1491892411884963 
0.14795740759599507 
0.14893891710830567 
0.14292347841975803 
0.14797464129062185 
0.14046508669559027 
0.14258322109891947 
0.1449960635569354 
0.14325674273821623 
0.14340481655506138 
0.14622797316250014 
0.144071445937584 
0.1502228743774513 
0.14245682017565434 
0.14740281272522973 
0.14897548788954118 
0.14406072048359758 
0.14417618034983196 
0.14526782431900434 
0.13614408423158236 
0.14660423245267232 
0.14489598231198558 
0.13470368513888129 
0.14073579601883357 
0.14401348390891067 
0.13439481559717711 
0.1391503960831571 
0.1461223290264715 
0.14179462573764587 
0.14600752137037643 
0.14423483745410076 
0.1459558353096918 
0.14258416153514664 
0.14561351100111286 
0.1417385427004668 
0.15030733038507432 
0.14321685532182427 
0.1492834832954916 
0.14164194517462242 
0.14348435279580748 
0.14937006698487262 
0.1422762040100852 
0.1480977147510201 
0.14314092345061985 
0.14368911420932562 
0.1445032789848861 
0.143823821987507 
0.13993293420185868 
0.13620829487995917 
0.14388575348524013 
0.1451941739292552 
0.14560715935670893 
0.14549122422919664 
0.15051579169548032 
0.14218483045531558 
0.1418849366423003 
0.14729116258444208 
0.14232353689127258 
0.1447075249849349 
0.1464052496568209 
0.14471682510162612 
0.14309145369311904 
0.13698279458213522 
0.14945669358988803 
0.14176331349814414 
0.14531760564078938 
0.15466760336102733 
0.14504489217025776 
0.15112277401160454 
0.14102641896792628 
0.14288026068573315 
0.1440306907055612 
0.1461638839047379 
0.1446398939977493 
0.1432622162060701 
0.1435487257974329 
0.14882617610568016 
0.1460522111712701 
0.15521344632131506 
0.1423824736498413 
0.14577390762830586 
0.14916780476057487 
0.14672419566265596 
0.141672988890834 
0.1492464664709613 
0.14558069747707858 
0.15057553064110452 
0.1436913068539848 
0.14506365547225136 
0.14701246727978584 
0.14790831615888317 
0.14179719357051376 
0.14235049771023195 
0.1482694160423755 
0.14868052449756697 
0.14652966626415517 
0.14940524726483143 
0.14815067539186413 
0.14066872293449917 
0.14272761151672872 
0.1426209066425259 
0.1457292497105573 
0.14713282781699288 
0.14232717859901828 
0.14600521337606237 
0.13963488124627785 
0.14507129106254116 
0.14593424354707643 
0.145808568685666 
0.1404526390771043 
0.14802618892980265 
0.1447669609765801 
0.13974255146494602 
0.1446001566479543 
0.14514300624312793 
0.14218233383963816 
0.14566763627291238 
0.1390991756033702 
0.1414247362416385 
0.14693642398281054 
0.15210676363246528 
0.14564134704306117 
0.14586137455047177 
0.137240516386736 
0.14739752498587852 
0.14884318388025594 
0.14985159519742272 
0.15071427748626992 
0.13996946427374002 
0.14403752833776862 
0.14265887710575567 
0.14283276954679244 
0.14080713731148287 
0.1495124534746825 
0.14521811228752893 
0.1393552718720306 
0.1464936808374095 
0.14532291789894208 
0.14834637179323099 
0.14324323996994578 
0.14757220858565298 
0.14581725420255648 
0.147917437727554 
0.14679746273667255 
0.1509141564166512 
0.14601284267802297 
0.14947675379819872 
0.14922669501396182 
0.14758398984448623 
0.13848961220010655 
0.14269283123714765 
0.14065097802614848 
0.1510955477699177 
0.14604171716828604 
0.15210071952435913 
0.14634199167169343 
0.14683923287385592 
0.14472001647498894 
0.14093174446757964 
0.1461260152363143 
0.14958341631114824 
0.14870451148313543 
0.14063689368348348 
0.14774327308456614 
0.14533678996861513 
0.14733756314441446 
0.14799814599127945 
0.14621935431591762 
0.14186317023898745 
0.14284608264374743 
0.14780168577789965 
0.14099082481063432 
0.14226946088413417 
0.14853434222468576 
0.14193303057210072 
0.14579550766344632 
0.14947552048957474 
0.14071369886801088 
0.14238946965252836 
0.14507633253440527 
0.14642522228674182 
0.14946185023869976 
0.14416230107857875 
0.13877877667886995 
0.14641981273050333 
0.14246355887634163 
0.14401843210774548 
0.14370255787959804 
0.14974980053968565 
0.14605837111371228 
0.1437045777952848 
0.14280500820595024 
0.14230892254056038 
0.14038112467971678 
0.14576675664390878 
0.1455901190748312 
0.1435313213703515 
0.14516879694695736 
0.1463046071819183 
0.1457088315962561 
0.14666297035051035 
0.14836064116953268 
0.147995437528164 
0.14484514103461388 
0.14919875867452298 
0.13932377190355463 
0.13518951281991295 
0.14706057143886225 
0.1447030266769956 
0.1480354089849094 
0.15183307800421778 
0.14211048269784243 
0.14189225441238584 
0.15059641413266522 
0.15089200662529217 
0.14603269506488997 
0.144932904458221 
0.15329935031651376 
0.15002854656695658 
0.14221054588623008 
0.14572647071710998 
0.14625310501806613 
0.14221797337717515 
0.15114369168401515 
0.14707229165184765 
0.1465838620943101 
0.14334642010709994 
0.14355384867978233 
0.14110566000876432 
0.14151471662806836 
0.13997167323861512 
0.14056974251374302 
0.14627360723526836 
0.1444113051456071 
0.146493443588112 
0.13696556397024084 
0.15002673788791265 
0.14529699673098398 
0.14577286984805132 
0.1469714848586355 
0.14970727773772768 
0.14263811960450265 
0.14335440890612544 
0.14190906298470052 
0.1450063760346872 
0.1487249525413665 
0.14103191062617637 
0.1438958036956215 
0.14726416894922367 
0.13873875635011693 
0.14177219133370664 
0.14556994951403232 
0.144559291251057 
0.14263574175677662 
0.1447876657571323 
0.14217114737343683 
0.14434895449768073 
0.1404235508545428 
0.14099170538307731 
0.14858306526253556 
0.13833678029549826 
0.14044156503200547 
0.146153378950272 
0.14237560852152528 
0.1475968754646344 
0.14642068006787876 
0.1499339272336805 
0.14240692546903472 
0.14995073690801378 
0.14242151175393922 
0.1488047809714716 
0.14033688146293113 
0.1411736131684042 
0.15168909130243965 
0.13999594311542654 
0.14582365684199508 
0.14209823037820724 
0.14572118187896335 
0.14881951146501113 
0.13986703464283012 
0.14529034708353356 
0.13966272899083892 
0.14546573902456073 
0.14507851948893774 
0.14530626966662105 
0.1433680354313668 
0.14755694769920993 
0.1459816880072446 
0.1436223055125636 
0.13978964855860287 
0.1446236003703432 
0.14664876414050163 
0.1408207903295356 
0.14821281068386216 
0.14796290172515775 
0.14204319613819774 
0.1432935862080474 
0.14946417668521314 
0.1460926522888519 
0.15257142669691176 
0.14716870225557732 
0.14399947299991 
0.14672055155375688 
0.1448410966154292 
0.15159772559369028 
0.1408446403407449 
0.15051149627358998 
0.14432666665829125 
0.1465227836281729 
0.15030546914656703 
0.14815929120439378 
0.1445144555422893 
0.14821186283630108 
0.1510231332757376 
0.1420501317076584 
0.14745863465251513 
0.14410695454786748 
0.14159809367660625 
0.1429370471038099 
0.15126952717162498 
0.14036441381658013 
