0.08675164765599123 
0.07938931901750815 
0.08177415820512296 
0.09411664102035669 
0.08733183195814256 
0.0840973376674209 
0.08852837109860141 
0.08756995991912395 
0.08141613158934075 
0.08792154462815989 
0.0819541812335787 
0.08493417492261433 
0.08231341177572139 
0.07990145695081023 
0.08055467165806261 
0.07936301931194403 
0.09080469243613856 
0.09003759653146165 
0.0889448432662242 
0.08400088289732871 
0.08668897033593292 
0.08929406151957409 
0.08129423319456931 
0.07917516310969143 
0.08565245299481873 
0.09022869253065018 
0.08384737075865607 
0.08562471069722233 
0.08332127950886696 
0.08536096008966779 
0.08480161285519412 
0.08570835921977638 
0.08976961747756325 
0.0801125274654898 
0.08431110533019409 
0.08063864387348897 
0.08633451998866654 
0.08317499852487238 
0.08396918365967188 
0.07985360842479303 
0.08241404891558428 
0.08756767748639173 
0.0847842426874981 
0.08347423069834413 
0.08547931544793898 
0.08720265031938661 
0.08241682259800055 
0.07601786266141271 
0.089965836495759 
0.08412234525558732 
0.08829406428944905 
0.0904951494703608 
0.08503575944321608 
0.08462742761811255 
0.0871776822825139 
0.0847903783879252 
0.08413886092437245 
0.08467826082190173 
0.08497470369224414 
0.08545504526250754 
0.08335975283723995 
0.08872702239985178 
0.08783749033580948 
0.08131648973774357 
0.0890960297329742 
0.08611178277714854 
0.08506533755348201 
0.08445247934781772 
0.08092820000584006 
0.09033057620484529 
0.08125117780341044 
0.07964936594102981 
0.08974916308162734 
0.08279720524391278 
0.0838610904611015 
0.08705654556969894 
0.08182927284629182 
0.08638427364740484 
0.0860795712829466 
0.08397736242911102 
0.08666894540036016 
0.08577558808662772 
0.08155002415473248 
0.07850752340325169 
0.08285593314328912 
0.08777898747276484 
0.07903032613253527 
0.08694938834161642 
0.0776114326849909 
0.08750305140088405 
0.0823066054573795 
0.0829085339092394 
0.09334255248852646 
0.08596951987854455 
0.08556431906933573 
0.08375844744663352 
0.08426744062823918 
0.08573480331064472 
0.09063178752172503 
0.07781940320400066 
0.08529949213116671 
0.08407431590986622 
0.08343529703628798 
0.08443662251065405 
0.08285276395844318 
0.08535932972891463 
0.0868183545777266 
0.0865369179669304 
0.09338660555802791 
0.08788787439460435 
0.08701517471562446 
0.09169129609270273 
0.08454292889240313 
0.08431615590172425 
0.08083094146079672 
0.08496020665929811 
0.08324731334907785 
0.08830520360144613 
0.082942618785246 
0.08953046112943337 
0.08690908758515195 
0.08447996400328822 
0.08539183335425612 
0.0900966963669641 
0.08193741476244895 
0.07934127017051838 
0.08664942015376717 
0.08811380912964223 
0.08712252407220065 
0.0805091806460359 
0.0825810428478397 
0.07977793037178829 
0.08738047078133422 
0.0866445726319449 
0.08671036076587868 
0.0826908524023677 
0.08397075458309258 
0.08239506538599968 
0.0902022211150166 
0.08520660417384406 
0.08171747979482732 
0.09235842132601618 
0.08553528995534378 
0.08368485399799772 
0.08537182588914313 
0.08120960566877795 
0.08189227715637176 
0.08650294104983754 
0.08426636232658778 
0.08621765307369982 
0.08392675636990998 
0.08657968259366101 
0.08373277505042594 
0.09143836229637045 
0.08419273184301039 
0.08747474404988684 
0.08067967286131095 
0.08927231268458502 
0.08198270669029038 
0.08407268894921972 
0.07897756656589841 
0.08570492144096459 
0.08687362929410657 
0.08601013315810122 
0.08779023698782541 
0.08378974258066743 
0.084206043094266 
0.0881564932381347 
0.08138979634697449 
0.08844442919979101 
0.08455218541451023 
0.08312095627499153 
0.0858789204458127 
0.08573490468885496 
0.07827915854235304 
0.08630338983039562 
0.08210663812391904 
0.08409512194240944 
0.08274223021245414 
0.08418315170685553 
0.08504251230216947 
0.08622482097964324 
0.08406707275672427 
0.09094264310246801 
0.08636803197886418 
0.0879971928529398 
0.08472718610515503 
0.0907947647667008 
0.08478662851613339 
0.08218349402628972 
0.08883222728247922 
0.08907290946081727 
0.08705615871044155 
0.08974417981430739 
0.09086252433809422 
0.08525480879308293 
0.08228337255805263 
0.08490951948239049 
0.08479638202078126 
0.08414414625422391 
0.08446965738119916 
0.0872119850755869 
0.08184955780128358 
0.0800914655245184 
0.08492700801094145 
0.08487392290726045 
0.09212310617444541 
0.08649749572977657 
0.08521660852589119 
0.0863396395527531 
0.0798569292732042 
0.08317712837738003 
0.0834353552094896 
0.0951504937779809 
0.08751738542959987 
0.08512224293907819 
0.08219586922298232 
0.0829828171321057 
0.08355144824219472 
0.08629009664218466 
0.08474562772060298 
0.07925113479263401 
0.08381202295111617 
0.08394388100073875 
0.08721860416552171 
0.08802144749951375 
0.08311344698831613 
0.0812853386791402 
0.08779612150695702 
0.09462062087848183 
0.08938052883950472 
0.08122285022748953 
0.08442113913394542 
0.08307415929377547 
0.08102672577986457 
0.08027119167419816 
0.08236140918475551 
0.08708365093144065 
0.0887562908662273 
0.08595850906765391 
0.07975132135724891 
0.08486922625668077 
0.08824113719092741 
0.08753183802985144 
0.08484601842365805 
0.0912597231499452 
0.0823656798097438 
0.08071992172346927 
0.08367369881673009 
0.08398572252924728 
0.07705823144377104 
0.08277816705517475 
0.08702663822169117 
0.08696374604157299 
0.07992712767270405 
0.0812616109618669 
0.08658763443618692 
0.08343171387899248 
0.08756119763171571 
0.08120365208027955 
0.08609425985674063 
0.08488381623516487 
0.08300276434663353 
0.08591657352619392 
0.08061701348872104 
0.08729982121094478 
0.08531330730948163 
0.08622987004469662 
0.08789835704494066 
0.08225430636718198 
0.08775427199001641 
0.08633296015769848 
0.08489709413855442 
0.08533438428143365 
0.08488674055185517 
0.08435860483903496 
0.08313826008440668 
0.08292503941487614 
0.08495110022540436 
0.08094110132684938 
0.08637278435791092 
0.08098684968208304 
0.08426787849720102 
0.08465566902031486 
0.08109072271233486 
0.0855979017885401 
0.08422356695247694 
0.08885569472387304 
0.08886601490543397 
0.08604722887523919 
0.08743193713526391 
0.08352223671143817 
0.08734747027914018 
0.08195809424333765 
0.08025610483137709 
0.08958218360496352 
0.08715640803841704 
0.08466264305080981 
0.0839919135740569 
0.08846235042360345 
0.08580217475629633 
0.08609065420634303 
0.08417519095506985 
0.08579670159195335 
0.08724335949064435 
0.09012532050356507 
0.0796321468045517 
0.0846398843115091 
0.08116763339559803 
0.08242609081064273 
0.0888156169044798 
0.08961293118831165 
0.08616870129026467 
0.08865566401928691 
0.08482321848445197 
0.08250408814820022 
0.08004379451096759 
0.08294947292029436 
0.07751603218408903 
0.08317229904436142 
0.0808202970288763 
0.07953701995393 
0.08797652315604305 
0.0825815674777231 
0.08174158205024332 
0.09096663641732503 
0.08516454082084299 
0.08192641102766726 
0.08092847018826803 
0.08668768121504378 
0.08554605760191844 
0.08389644810730583 
0.0845865112584667 
0.08189012797243174 
0.08072682463729787 
0.08294470429925516 
0.08630721621084742 
0.08407115463474495 
0.0902536972142276 
0.08627926183936378 
0.08364068784879936 
0.08619654241903343 
0.08043502556619218 
0.09079861386695813 
0.08407649745832177 
0.08511797165400045 
0.0841241772509919 
0.08899328204661272 
0.08553749750015366 
0.09167630378664436 
0.08241337934120502 
0.0861768115250337 
0.08872399957992327 
0.08514325140562548 
0.08599096675987201 
0.08406773896420984 
0.08851565711772784 
0.08469827379056982 
0.08556316643699934 
0.08961236153008603 
0.08857238788713889 
0.08647867005064962 
0.0822679724189503 
0.08168460959637971 
0.0849870785919681 
0.08764451947045632 
0.08341411556837372 
0.08144339982940653 
0.08348026459799206 
0.08636895958815198 
0.08544614391239508 
0.08580856753867025 
0.08531055949916465 
0.08144070693742199 
0.0851546052458509 
0.08033520609671738 
0.08365989566979551 
0.08475524045534745 
0.08344956806838653 
0.08545818145440309 
0.08535773362315685 
0.08543364080374878 
0.08618292858247961 
0.08420021273167912 
0.08688241814771505 
0.08869966837569435 
0.07951911904185019 
0.0832224091423282 
0.08304811996235234 
0.08708736593543032 
0.08564069050037958 
0.07865709368358566 
0.08747893208998324 
0.08508867822203697 
0.08117360358152462 
0.08856228439310702 
0.0842525498142952 
0.08804448485950583 
0.08708965258892876 
0.08482403567026897 
0.08610727971869546 
0.08487654487802153 
0.08645949950452071 
0.0836354964735385 
0.08499356563648042 
0.08468965746406132 
0.08223230118021899 
0.08588263608228926 
0.08372904965599662 
0.08758487520795098 
0.08329584342975371 
0.08894498447002593 
0.08360553081488603 
0.08374609888396511 
0.08702044981768947 
0.08153107459792656 
0.07756606096478746 
0.08888131119333698 
0.08499432411342939 
0.08748927659301524 
0.08286125516210113 
0.08458811076841209 
0.08588207870274091 
0.08561998726294047 
0.08442743631156154 
0.07919457778206763 
0.0824947425041305 
0.08896349974849896 
0.08560834361730359 
0.08761837883253192 
0.08835147172318072 
0.08050989291344035 
0.07900034535384436 
0.08487315612015477 
0.08767457147414508 
0.08866016583651364 
0.08355442368647073 
0.08985836718857318 
0.08149969440148944 
0.08533921633078126 
0.08593725659846589 
0.0829893407775132 
0.08671938045636471 
0.08493631605485168 
0.0812814524346118 
0.08714490534115356 
0.09116817666807554 
0.08461849924140737 
0.08653069718211806 
0.08445625980236354 
0.08245218114380845 
0.08466585998008797 
0.08373323459846978 
0.08717809655125588 
0.08802424879769259 
0.08618790634732015 
0.08383109663220813 
0.08619025532541227 
0.08476747116645114 
0.08226485342132524 
0.08830114325679098 
0.08737694534480721 
0.08294670270523485 
0.08914479959910145 
0.08280017657488686 
0.08812507631685555 
0.08331913977565743 
0.08815817847555514 
0.08284928565854 
0.08217279005495183 
0.08629394830404205 
0.08763923579308942 
0.08627286034805524 
0.08707491997924727 
0.08111535477398428 
0.0787603381503768 
0.08368213706282067 
0.08029938415768136 
0.08338403301017511 
0.08576133712245475 
0.08443283489986665 
0.08219825833431244 
0.08160023468619194 
0.08641578901330642 
0.08622761445274613 
0.08269997980836732 
0.08708823862134861 
0.08494355172281097 
0.08548409490731963 
0.08634454637421794 
0.08652242492266211 
0.08318682000191589 
0.0867154423660136 
0.08775468940284685 
0.08610700047941691 
0.08431643897774689 
0.08582053102285951 
0.0880881022737375 
0.08652544272788368 
0.08890576690064045 
0.08645864340144067 
0.08568166308164628 
0.0832512615097047 
0.08472558199853639 
0.08351914102374475 
0.08758665415148469 
0.08744082212334264 
0.0855198747339197 
0.08407283568939712 
0.08245070621679645 
0.0836203412412988 
0.08695869531386198 
0.08079251490240696 
0.08469742388879954 
0.07898608401666574 
0.0916300443648876 
0.08168499182244929 
0.08334564619101358 
0.08492620724540535 
0.08590108527345157 
0.09382830802652982 
0.08465253741168241 
0.08331291258124303 
0.08461586639695674 
0.09131575043716211 
0.089853138182841 
0.08372547429401284 
0.0820469352766474 
0.08731173021860052 
0.08384245148499 
0.08837202978072521 
0.0813256298505546 
0.08125043079909187 
0.08950618415073869 
0.08288207490596336 
0.08764692965629949 
0.09082264414889292 
0.0829880528095613 
0.08484424124839592 
0.08768907856768053 
0.083130923740754 
0.08401572360060049 
0.08448031510295227 
0.08276763694612509 
0.08752025588594951 
0.08768742761020404 
0.08412287547485736 
0.08380899304759003 
0.08241911649671473 
0.0843620366411044 
0.08497222392809976 
0.08520737695291827 
0.08482162706836295 
0.08493950192917082 
0.08423908479684476 
0.08594755533522769 
0.08653663548528089 
0.08796927283629236 
0.08693978490108989 
0.0800644812026999 
0.08694537799185399 
0.08893069743689469 
0.08817829576393227 
0.08412147347485813 
0.08517353215466415 
0.08652279477159834 
0.08313744743717179 
0.08270168779875033 
0.0849225778836527 
0.08612749312308599 
0.08325671735480297 
0.08330043674843657 
0.08639412248159566 
0.08523129982433063 
0.08843910326097291 
0.08697387640566501 
0.08570885421707591 
0.08215228602445988 
0.08570557896573695 
0.08750175531151581 
0.08356874946545823 
0.08394635740494083 
0.09066165822309705 
0.08202620460618146 
0.08465184002262709 
0.08408135439170807 
0.08476568304488089 
0.08675095413949707 
0.08639937997704678 
0.0866595861783279 
0.08140811709647859 
0.08167543135906123 
0.08197109787368116 
0.08517595469540219 
0.08110772474589853 
0.08756966328752419 
0.08727351805595145 
0.08641065865752097 
0.080078833742758 
0.08963213766125558 
0.08745275357355264 
0.08498219408732434 
0.08398531411027377 
0.0897170111504576 
0.09061688094361224 
0.08526927054756273 
0.09072933338295201 
0.08512592509302953 
0.0823540031662991 
0.08639929459407328 
0.08457844017479897 
0.08491278101903844 
0.08251289496255158 
0.08570448458104507 
0.09370482675939035 
0.08109806461532612 
0.08771824254482558 
0.08928285383080606 
0.08711939371336228 
0.08959201360888694 
0.0888054147721576 
0.0863406374569621 
0.08214837146021871 
0.08858689815800438 
0.08332097505021743 
0.08424486476009296 
0.08450130755678256 
0.0832855506034142 
0.08211017102068499 
0.08725680905341718 
0.08192486518344291 
0.08492075945602925 
0.08729615044993023 
0.08946229750976753 
0.08966060469727885 
0.08982500959438357 
0.08497822744681816 
0.08228386194409841 
0.08035083736286813 
0.08535582423092691 
0.08291300394789225 
0.08232825538791363 
0.07970450398324871 
0.08249883262947412 
0.0844950495401288 
0.0854371272938204 
0.08339309753096247 
0.08373939028166934 
0.08341619870939192 
0.07943415411549165 
0.08880641694881312 
0.08263211079650123 
0.0863532226451161 
0.08613719758681224 
0.08517418302731738 
0.0818608955780237 
0.08366923969966329 
0.08341852516370654 
0.08448421572380803 
0.08304397746483685 
0.08393053720074792 
0.0809645776492351 
0.08749970733585903 
0.08210905814246723 
0.0857125037012201 
0.08681183525420777 
0.08040725296263385 
0.08716014541450783 
0.0866304418035351 
0.08270572337053267 
0.07996758552378841 
0.08319834114555809 
0.09080957118306801 
0.0830214960976338 
0.08661493255324493 
0.08322282936331597 
0.0803624753351979 
0.08180576656014318 
0.08279618356937063 
0.08331130474754436 
0.08148999116293938 
0.08902354977015016 
0.08384936141219888 
0.08572815289580046 
0.08617576317218817 
0.09032161495950987 
0.08718413915462149 
0.0854984906766071 
0.090925433361177 
0.08584794362543398 
0.08752056347642279 
0.086457851668614 
0.07850221420371546 
0.0827874280357738 
0.08312457689303558 
0.08509670958240637 
0.08361590675219634 
0.08396120361683604 
0.08584748808200729 
0.08215192185704716 
0.08654856646545962 
0.08498323243956248 
0.088705361400844 
0.08308862408491141 
0.08341055296496856 
0.08639972515766405 
0.08605372571762707 
0.08643134871018897 
0.08109028961810251 
0.08498773900567307 
0.08383457593404163 
0.08999187602537509 
0.0874718189452977 
0.08941005621879863 
0.0864858665074828 
0.08230921667020244 
0.09059845200026825 
0.08469800687979051 
0.08412992618297485 
0.08163841205467436 
0.08609548138468837 
0.08867676876308496 
0.08596562122394534 
0.08431933371925467 
0.08283589895399834 
0.08832161417788748 
0.08725261830526748 
0.08076448507810854 
0.08811707773478307 
0.08497202340438513 
0.08581790675772759 
0.08952971038651593 
0.0860430269941082 
0.08656801459102718 
0.08060086237613824 
0.08079292791479534 
0.08620967647271147 
0.08260157795779421 
0.08550492905670365 
0.08920037839655952 
0.08032782568434062 
0.08582441866288293 
0.08217461553685464 
0.08407266520417998 
0.08259384105176695 
0.08588923204012414 
0.0868035411009095 
0.08252076300858706 
0.08839560877363031 
0.08882355678709679 
0.08064518840177091 
0.08387451541219411 
0.082083887351993 
0.08522943262422054 
0.0822092490679465 
0.08839028469514794 
0.08131114786572215 
0.08824899553548465 
0.08775203067395622 
0.08654279912815015 
0.0842015815980495 
0.0864032682978075 
0.08696916112517303 
0.07929963255452188 
0.08249860023651227 
0.08526651840033078 
0.08330632060015476 
0.08040439081293747 
0.08678081138864835 
0.08713442330336024 
0.08492746461780587 
0.09116044926853877 
0.08574434735862527 
0.08689580396004923 
0.08707175553640396 
0.08784065963992281 
0.08506226404429625 
0.08949718258092983 
0.08644798311324686 
0.08547307538727769 
0.08377754436457595 
0.08784453660397422 
0.07999787272430799 
0.08237802501645573 
0.08229025047956647 
0.08301839960173009 
0.07966224613219552 
0.0825605791073315 
0.08610445989533798 
0.08948196849282113 
0.08335096082332924 
0.08052909388035127 
0.0864724381515854 
0.08948621527726645 
0.08360371789614349 
0.08198121012560318 
0.08152851572207084 
0.08987750036729367 
0.08290734015108102 
0.07704555311901472 
0.07817630458425949 
0.08266198327178145 
0.08389522444585079 
0.08489002593712973 
0.08636176273379269 
0.08455246201503022 
0.0834345461418029 
0.08185641844209565 
0.08758269586118557 
0.08480184442611712 
0.08614343810382828 
0.08346312441578072 
0.08159773780599039 
0.08296775566141265 
0.08836129337695586 
0.0828889511764952 
0.08557031933766189 
0.08221146707126671 
0.08041694026557941 
0.08437080805269362 
0.08699781829049079 
0.0819337445596092 
0.08184793548916307 
0.08420214155359053 
0.0860066552225547 
0.08220274339101914 
0.08335674304849273 
0.08151167473909159 
0.09079016187466701 
0.08485661232318711 
0.08487912715498495 
0.07754386790457772 
0.08382137009052475 
0.07936492118411614 
0.08068187351244249 
0.08488407630367059 
0.08484038189662199 
0.0838875480701728 
0.08488520601360149 
0.08132041216356849 
0.07813304855940197 
0.08353464781712261 
0.08456130169282365 
0.07827329353545111 
0.085819451754522 
0.08396813693982358 
0.08528390966553347 
0.08514517432501781 
0.08346153713465812 
0.08855615337180256 
0.08635531959055787 
0.08581173282359594 
0.0834350608441094 
0.088170762826039 
0.08594750536282532 
0.08199541509898246 
0.08080634757334082 
0.08405119884729574 
0.08203960605363406 
0.08181162085439418 
0.08496387237144984 
0.08942935234552234 
0.08246731289024957 
0.08953585300834782 
0.0839436586299848 
0.0803990622864074 
0.08693267480579611 
0.07902142017322927 
0.08353242745044252 
0.09037408383604957 
0.0850165281252848 
0.09040658654287734 
0.08628565609443198 
0.08713390741240166 
0.08590165660133922 
0.07999142942090066 
0.08588213697232452 
0.08349265725119305 
0.08282950338855789 
0.08153699406138037 
0.087721687430521 
0.08527443037721545 
0.08386744896456333 
0.07848642394038334 
0.08681281661635004 
0.09132121337215694 
0.08114150513456737 
0.07590978162984813 
0.08503249817075667 
0.08805929398110376 
0.08533677442997108 
0.08402064485384717 
0.0900919117841596 
0.079961108267823 
0.08525599462873035 
0.08065356418315975 
0.08179994693400068 
0.08482347038112571 
0.08804453529444467 
0.07964177522182093 
0.08752254341750344 
0.08435196382493666 
0.08504355455062329 
0.0839817325807485 
0.08543451377568026 
0.08538702890776195 
0.08451746069546828 
0.07768055713389083 
0.08225982956676135 
0.08319869405473097 
0.0876004152885501 
0.08707267954459494 
0.08413366818907073 
0.08714745827854134 
0.08300289552170145 
0.08291354691245219 
0.08387583609074106 
0.08339000151343283 
0.08454320301271025 
0.08495479383605359 
0.0856664879406315 
0.08642565543265189 
0.0857724618783084 
0.08807464705537196 
0.08893924869728573 
0.08739012689939792 
0.08377707837753041 
0.08901269796764812 
0.08649854253605008 
0.08358176276871639 
0.08476580171282014 
0.08931856650541659 
0.08969884412451747 
0.08705823465447578 
0.08648785609891316 
0.08401806488764658 
0.08685281185653898 
0.08539804920896484 
0.07988239068691945 
0.08360091362010076 
0.08255014000206483 
0.08801744030569868 
0.08987966503878067 
0.0826413861302458 
0.08562825436122717 
0.07699310258492408 
0.08604189361486692 
0.08641682782375121 
0.08537207688896654 
0.08577093392061601 
0.08608072108748216 
0.08887480265332984 
0.08713709385645473 
0.08785429815871253 
0.08150758315933138 
0.08596969246785978 
0.08917996542448169 
0.0886833362768961 
0.08756603815928093 
0.0836180788440362 
0.08654267603316299 
0.08553518381143552 
0.082104984637144 
0.08512162844836192 
0.08225123151859612 
0.0893709994774434 
0.08618129703768204 
0.08251232518916468 
0.0918516613149239 
0.08948114498361016 
0.08344148204636187 
0.08806257364979501 
0.08417105632269765 
0.08422892211148722 
0.08902096114941926 
0.08465576404564946 
0.08612100549707168 
0.08774592610299853 
0.08668837004181326 
0.07992672027552414 
0.08494519124914786 
0.0866540643434813 
0.08375107437922606 
0.0839235825351239 
0.08430920190477269 
0.07842035279792127 
0.08528376368651983 
0.08521113055748492 
0.08503760757641253 
0.0837921195764732 
0.08802642177078998 
0.07792692980168368 
0.08018549091206924 
0.08892579082745027 
0.08066730566015486 
0.08487861114219439 
0.08591499432098816 
0.087749952970527 
0.0829840066163601 
0.08276016709389492 
