0.13909749720516174 
0.1408719129120548 
0.13526434419705288 
0.12858659510968953 
0.13170250165903777 
0.1342799423371351 
0.13972942153311882 
0.13254059232164225 
0.14387775327085803 
0.1404743117450504 
0.1431702764769418 
0.13729162010409182 
0.13533563037186552 
0.13945628433304308 
0.13990457121225983 
0.13720869828252064 
0.13953190741653734 
0.13538747708522267 
0.14547430722405724 
0.13331642001175073 
0.12944763562474967 
0.13606837743384695 
0.14104719071458685 
0.13292960389829364 
0.13246198852993227 
0.14351521163081415 
0.14421792453135 
0.13946429909557784 
0.1327942384799719 
0.13977700493116993 
0.13913016239693962 
0.13389370861206387 
0.13685439167240276 
0.14274732736463538 
0.13757377505126045 
0.14208011509511617 
0.1352328491974985 
0.14483554982091493 
0.14419971477456994 
0.1404146032132482 
0.13359732523919998 
0.13355462772682697 
0.12862057331058838 
0.13178656241937162 
0.13499579860412203 
0.13658396068978557 
0.13684799341972334 
0.13485826762235675 
0.1395237318856848 
0.13845923185371145 
0.13380732455420066 
0.14180980655806089 
0.13859933467385402 
0.1343226636334029 
0.1345409574104503 
0.1356762384137021 
0.1334430994873352 
0.13322809737817 
0.13990858894292632 
0.14270720893481875 
0.13516721840618648 
0.13920911092075558 
0.12955315088158334 
0.1396806941726197 
0.13341657052766284 
0.1384956246021297 
0.1331001721103425 
0.14294891184820271 
0.13743232308281836 
0.13842916121557428 
0.13375088020458137 
0.14556232245230233 
0.14410298627097715 
0.13349345707685975 
0.1342601834424467 
0.13087673305000572 
0.14426948672711498 
0.13540865330007654 
0.14333878672137784 
0.13611782737405775 
0.1323192874635937 
0.1392725488681196 
0.13569273215065678 
0.13490812600914384 
0.14381854811549813 
0.13771170961975943 
0.13169001150661472 
0.1440925136843095 
0.13956717978779581 
0.1374940236427213 
0.14696428416193402 
0.13451120738352237 
0.13652036320900396 
0.13380227277973342 
0.12858228710773914 
0.13213530696370043 
0.13645694353383553 
0.14331802219211595 
0.13280815255485107 
0.1334503004246768 
0.13597746266576027 
0.15075464136442973 
0.12616950458120424 
0.14090234240879068 
0.13985966328770708 
0.13162967962515498 
0.1316218529390989 
0.13846861919303383 
0.13535257628063138 
0.13424846643880559 
0.13378475809146356 
0.13680506017859714 
0.13950685469566368 
0.1479607224691925 
0.1450982573480017 
0.13807831376356652 
0.1350230875237133 
0.14723515072872623 
0.13058722764240338 
0.14905539547071103 
0.13244927088430494 
0.13778285488849032 
0.1388671078911411 
0.1330361494185341 
0.13741882235910208 
0.14515024315024885 
0.13700261983941533 
0.13785094698335873 
0.14073996656687618 
0.13658151631651116 
0.13667949738786314 
0.1454992210572964 
0.1371967108286682 
0.13689331056663478 
0.13546014472954787 
0.14112863424400232 
0.13738389750408353 
0.13815458987384 
0.13720182370090817 
0.13560292251753817 
0.13681705053010565 
0.13023777565445993 
0.1399321452253198 
0.13413959064468667 
0.14473143430312851 
0.13269862651441722 
0.1359250378760184 
0.13681950302373613 
0.12918819517735639 
0.13718621559586833 
0.1402103880782116 
0.12631871022600505 
0.13784337134454602 
0.14538246814659606 
0.1355688459274588 
0.13355043312413406 
0.14268087324213988 
0.12991738982754536 
0.13752163430391934 
0.13685910446723282 
0.1429004263552915 
0.13307930212912247 
0.14240639156195312 
0.13483069129929337 
0.13608378132553903 
0.12874464148269 
0.13494308357492035 
0.13294582842690217 
0.1410496664035026 
0.132943626043542 
0.13468584897890673 
0.13958450582940088 
0.14726214968290788 
0.13694899417624937 
0.13581970432330537 
0.14210142338745352 
0.1424610660376156 
0.13961947100849434 
0.1432338212437573 
0.14814071632936138 
0.1446250265091161 
0.1323319771935623 
0.13766780458338765 
0.14325029375560705 
0.1279838993610868 
0.13552030416982425 
0.13678217939032777 
0.1296386723495913 
0.13914304456969687 
0.1477966711639178 
0.13755109330066653 
0.15254978259375399 
0.14187550822841616 
0.14228250964590328 
0.13882438541162337 
0.12739483602922252 
0.1370638094793997 
0.13950446833392 
0.13736926710589972 
0.1386358980125293 
0.13820446679640339 
0.13801359041840217 
0.13530811805318657 
0.13587743547805903 
0.1281753677043125 
0.1307260052734558 
0.14760727109083946 
0.13530526850577493 
0.13892332025345425 
0.12763907480529746 
0.1296985369719417 
0.1318570383994285 
0.13910454919054882 
0.1411096161630746 
0.14627044859933333 
0.1430493938240546 
0.13929271991364373 
0.1380355705233914 
0.13232481434318027 
0.1336978862717783 
0.12913500203336223 
0.14325092730034822 
0.13894235308477154 
0.14040550462609375 
0.13702329826183196 
0.1367547816926595 
0.13486305850664074 
0.1329623818360336 
0.1296259191378197 
0.13649926311691937 
0.13375468921476583 
0.14102947498349558 
0.13925184628460707 
0.140505347041324 
0.15103797064780472 
0.14092268523958137 
0.1465133019338395 
0.13544637019452263 
0.13782807811645917 
0.12540263959358564 
0.14080623663353808 
0.14304480317742238 
0.1361208795396319 
0.13464228039463438 
0.1471036565204691 
0.1253974305997378 
0.13720384354708834 
0.13719639356011737 
0.1447177572703422 
0.13763998273829015 
0.14727937645069894 
0.13414046470830943 
0.1369521817057643 
0.14261356883814277 
0.12920397766083694 
0.13517251009934608 
0.13477030457055514 
0.1392177942986661 
0.12908908093221386 
0.13592209532858135 
0.1354410382751874 
0.12816840267187907 
0.13847876383752575 
0.14098124550908203 
0.13699634354764903 
0.13612734773845198 
0.133083162490766 
0.14068136294550995 
0.13933809386555496 
0.1371111491899472 
0.1283806311417007 
0.12720465763913363 
0.14445960817329426 
0.13275710498376336 
0.13521505051198054 
0.14608254102588827 
0.137008210930661 
0.13726157569611816 
0.13634607337788027 
0.13807620788403252 
0.13451247625863755 
0.1434664465165161 
0.1442917918453539 
0.13295734824662653 
0.13012538346386565 
0.13729599760697558 
0.13866909200152167 
0.13777616691988429 
0.13084985970458438 
0.13432659706107766 
0.13832257045484753 
0.13458370996280267 
0.13760292470897872 
0.14422097922889626 
0.13859475149555384 
0.13816383414692346 
0.1295225185654184 
0.13854066701848597 
0.13559877732458359 
0.12823322938136866 
0.13446001131954735 
0.1354864601539274 
0.13764640378192505 
0.13822124356249674 
0.14419776321511488 
0.1413577282758243 
0.13603992051807864 
0.14622492424894137 
0.1353408962118375 
0.1436222666438176 
0.13686784600751156 
0.13627744265994915 
0.1395554619501449 
0.1393105235589677 
0.14207227778200127 
0.1394041926625655 
0.14171221718118676 
0.136668603454985 
0.13627209119894 
0.14434893421662945 
0.1343739386300049 
0.1411226062681392 
0.1423050370476279 
0.14354313504812144 
0.13503799870277394 
0.13324384142747384 
0.1370252986804674 
0.14342733015711193 
0.14657898490491583 
0.13839830608428652 
0.1372816244716705 
0.13250111253273855 
0.13909417334557875 
0.13182096335485888 
0.13667347957030507 
0.14350658633823696 
0.13162662647896117 
0.13061685899532924 
0.13524321915549414 
0.13670531437364544 
0.1419083773892658 
0.13494460960270113 
0.14258974063611793 
0.13261210210963387 
0.14283118803915773 
0.13428449430294015 
0.14562952540583776 
0.1421125431988378 
0.14308561858878296 
0.13503173420520964 
0.12854250394142522 
0.13225565537058553 
0.1308245866782673 
0.1379653477793364 
0.13909082298312406 
0.13194570247445608 
0.13269838697632907 
0.1406214123639317 
0.1391266263347043 
0.1371910606870799 
0.13776653611685435 
0.1369977835330995 
0.1375714056022229 
0.13974293123401574 
0.12908423507964056 
0.13847728083895647 
0.1469053044991332 
0.13192252631674806 
0.12786655993727944 
0.14205373355169787 
0.13034950420705443 
0.14073108298484188 
0.14360095068440715 
0.14037084067573255 
0.13528735774519812 
0.13632344350054015 
0.13478494562468718 
0.14432400863535177 
0.14918599825050466 
0.13472352603185603 
0.13942588732071917 
0.14210092651912523 
0.1389437164615839 
0.13512955937293375 
0.1358661522934803 
0.13641996209621698 
0.14253875735050864 
0.14085825189794438 
0.15184590952727697 
0.1395564403151123 
0.14516614572366784 
0.14384647119005223 
0.13860017246865258 
0.13091281923168027 
0.13969523307363427 
0.1475724850716504 
0.12912956082991442 
0.12037398404679751 
0.14366122087967487 
0.1346283310958457 
0.13692808348917213 
0.12801837272167715 
0.13392208973839037 
0.13653194937082205 
0.1434277535194908 
0.13847231332520862 
0.12775857121445694 
0.14144403254853374 
0.13060859349849727 
0.13195753914420225 
0.14294560459093972 
0.14018072341950077 
0.13700565088503272 
0.1405083392175819 
0.13590020501263766 
0.14344376038931345 
0.13689698230934036 
0.1399528478168325 
0.13316435616290598 
0.13351733487537587 
0.13624776110855666 
0.13089494918067682 
0.1367707077685054 
0.1419525830853476 
0.1411136850197501 
0.13971954121061456 
0.1346995606424382 
0.13275225973550037 
0.13270694227698684 
0.13742591797302367 
0.14185588332535057 
0.13519683403992452 
0.14121403980454716 
0.13813392192257137 
0.14078096939531803 
0.13429568023212451 
0.13929315764749964 
0.1373075143422474 
0.13448903360576317 
0.13665477793099146 
0.13385861202055022 
0.1364539143700575 
0.14554256878134592 
0.1359699434864304 
0.1490421868106903 
0.1396593519027362 
0.14500969793290563 
0.1421336056820463 
0.1361589763394016 
0.14423289993456306 
0.13592165618284033 
0.13221740745744473 
0.13929779652071192 
0.14155304089184528 
0.14149859062957731 
0.1300307147617684 
0.1378891698152972 
0.1366820443216148 
0.13556464340440413 
0.14528385104162067 
0.1388416999228484 
0.1386887172128595 
0.13416975121574132 
0.13221699817123803 
0.14521724757624446 
0.14276989137384086 
0.13906669612024644 
0.14399496213822602 
0.1376107683028441 
0.13839642891167966 
0.13659639814718402 
0.13999875482573884 
0.13397465619331114 
0.13601260242189195 
0.14145114844836404 
0.13754674821821206 
0.13341320123933575 
0.13414325276755823 
0.13719578250987702 
0.1363905495546421 
0.13081507033117704 
0.13610390987556312 
0.13623037942797175 
0.13630858286670935 
0.1317244848464494 
0.14065776813898206 
0.13897371067612804 
0.1326718165964728 
0.12760320745076725 
0.13748630206295923 
0.13939786177121904 
0.13572697199207692 
0.1357850709145745 
0.13662575503666355 
0.13365094705439015 
0.14744224816830778 
0.13734157575030012 
0.13861273931888107 
0.14123997808205016 
0.138567112141852 
0.13382455585043632 
0.13285707733670932 
0.1441016320161333 
0.13545285725526302 
0.13681116785042566 
0.13922936262077612 
0.13707586958270465 
0.13728317643841137 
0.13797700591605616 
0.14224300879015564 
0.13539179756376396 
0.12988978801342912 
0.13432438073580585 
0.14083142685190903 
0.1312697978683584 
0.14171006081223844 
0.13357716197556582 
0.13276134108281348 
0.13675077445361575 
0.13176287719489269 
0.13524470230286526 
0.1378551008379177 
0.14649631638372937 
0.14210889552405864 
0.1437486953862735 
0.13627618647343365 
0.12961220514375354 
0.13947274529694903 
0.1295143935867009 
0.13753669548915912 
0.13717127092678472 
0.1450198726262394 
0.14132200722052496 
0.1373938253984359 
0.13102442748200333 
0.1375592484557266 
0.14040093001204457 
0.1364157187431611 
0.13687547494898222 
0.14360497896830157 
0.1413211729285171 
0.1380450633514912 
0.13235394924363722 
0.13330069543697315 
0.13358436132686105 
0.12923613690192898 
0.1411750802642759 
0.1320264260268599 
0.1373855630484874 
0.1319629515320444 
0.1365272970089622 
0.12815106872382484 
0.13541317244916623 
0.13256641632022378 
0.12344230160488381 
0.13977476333357905 
0.14215476892027898 
0.1366022157614051 
0.1347889090908057 
0.14036305750187358 
0.13625351923969292 
0.13983122150209323 
0.1337695304929178 
0.1221105799145347 
0.13785355565803467 
0.13160895844782786 
0.14721231422968442 
0.13810500379974533 
0.13650897530037762 
0.14404466811094807 
0.1379808997430562 
0.1314091874230978 
0.14286794852658855 
0.1444064768690139 
0.13213778928390535 
0.15094487848442348 
0.13521968522389624 
0.1381835474104981 
0.1325241390376384 
0.13846596676986356 
0.13852762328591348 
0.1358769919451263 
0.13544023006507636 
0.13761881964881317 
0.1368833076142483 
0.14085994693019427 
0.1359129408790216 
0.1361978598543587 
0.12781778717146208 
0.1342032384791594 
0.1367606294467487 
0.14737147792523742 
0.13024237512447404 
0.1323577813972894 
0.13967677203847173 
0.13858130052418963 
0.13532114557790748 
0.14226982543336864 
0.13551944015096115 
0.1403068414768383 
0.13832738837970424 
0.14120921070137807 
0.13806408538173123 
0.13613042519632346 
0.14580160914889628 
0.13923914219832978 
0.1389837584523294 
0.1488991990317602 
0.14018753728186595 
0.13206802843652707 
0.1396146215013275 
0.14169024022697907 
0.14153468401048658 
0.14532656296020355 
0.13350200776994636 
0.13518596646477177 
0.142298309397171 
0.12927859352746263 
0.1377641751271888 
0.12933102527730295 
0.13179615779689483 
0.14326913935230273 
0.14272820740869568 
0.12344151211832405 
0.13611481139020656 
0.13529949876133507 
0.13605832879818902 
0.14532250768672608 
0.1455836601319296 
0.1366742856360829 
0.1413286422816838 
0.14153864078523495 
0.13561822662190995 
0.13178970140237678 
0.1401363124053283 
0.12933455360342802 
0.14315280577171785 
0.12715195001732493 
0.13639325682705347 
0.13779132563377436 
0.13152734026031612 
0.13269630164784454 
0.13560566278042954 
0.14849910068241498 
0.1310396120690198 
0.13922888795932922 
0.13758292626039506 
0.14164959825333132 
0.13553531169163754 
0.13829061173486748 
0.13568865425358242 
0.13365624407158833 
0.13184709309718623 
0.13059875054306297 
0.14113748847828375 
0.14073203006751228 
0.15089176091786063 
0.13248673184519116 
0.1329287942880991 
0.13614488519547782 
0.13791050170820607 
0.13921321444955076 
0.12967872569437341 
0.13578475646133417 
0.13198428756931976 
0.14381235210870022 
0.13608525605664012 
0.14028461208116427 
0.1354311675346469 
0.13089765134480447 
0.14497729034419762 
0.1410329608654489 
0.13652959242597199 
0.14690178721101166 
0.1381525077130703 
0.1362488253928023 
0.14783246422529037 
0.14544001386006705 
0.14667518915583416 
0.13799984168130844 
0.12832480375479507 
0.13808848221733866 
0.14099894074282915 
0.13476627427878424 
0.13758971804976708 
0.14567161985679966 
0.12963848531648064 
0.14338693838370864 
0.13383146557686956 
0.13769619176793024 
0.13460792294201152 
0.13396691356269355 
0.13650476787486715 
0.12710418521140013 
0.13771872019818718 
0.12972264331642366 
0.1351278264654039 
0.13782645436138086 
0.14125358638229749 
0.1400922438486848 
0.13597114786842487 
0.1498456655599096 
0.1347380535682436 
0.13250622848972274 
0.14175243581608968 
0.13647437228838571 
0.14395985894880453 
0.14202880701298504 
0.13942897590289963 
0.1420990957129869 
0.13224292045755004 
0.1424656655527398 
0.14340497492017684 
0.12837330479743564 
0.1319162365395559 
0.1405475791737163 
0.14634894171406843 
0.14057016623245766 
0.14132219888101777 
0.12668036292320115 
0.1419971561573203 
0.13573799130186992 
0.13405479687629043 
0.1393297365445018 
0.13674781966262217 
0.1364694690242228 
0.13602717133300335 
0.13988988332402028 
0.14441700968165566 
0.13337966256527176 
0.13128709281289638 
0.14230356261765112 
0.14526367183956523 
0.14269477352932233 
0.13630026395415645 
0.13444608123758264 
0.14263490220177025 
0.13006971456783034 
0.13562566638761822 
0.135946620515436 
0.13518496073947378 
0.1377856351687814 
0.1231691472946992 
0.1383096728785019 
0.14454597736990754 
0.13478561399517494 
0.13004367016790042 
0.14140078289604247 
0.1417830897017198 
0.14286536616958806 
0.12252155864123884 
0.14094930495060679 
0.14387043983320652 
0.1412887196030542 
0.13905971385738258 
0.14223231940490158 
0.13776512867177573 
0.13443030027792194 
0.14336130773735706 
0.13259247627960324 
0.1364664444908778 
0.1407564009219287 
0.13308466896155713 
0.13400686591389532 
0.1393054408874981 
0.13213647596743283 
0.1413019515321055 
0.1400453365739929 
0.13607082668572207 
0.13460533021844945 
0.1410364902734335 
0.14021274147826623 
0.13298468793791915 
0.13994249360810526 
0.13187061538002806 
0.13443559053683077 
0.1415668985631813 
0.1461260099433406 
0.13514048888149896 
0.13774192732701965 
0.13913388179088748 
0.14230413933419017 
0.13925764850011663 
0.13001551288353216 
0.13275744196014136 
0.14244113542022144 
0.13342413288927096 
0.14324519103347708 
0.1551962390077699 
0.14284680331716407 
0.12815535813076248 
0.14918573636093216 
0.13995294817854895 
0.13521699829010644 
0.13989005146997513 
0.13459185817608701 
0.14413049644538775 
0.13399223031484075 
0.12986661127187094 
0.13798901314273698 
0.1363943721901408 
0.13807538205830966 
0.14998413531810126 
0.13528113568797898 
0.13686415824830406 
0.1254197574626303 
0.13579567114635535 
0.14100738106694585 
0.13219908417042261 
0.1375680229760015 
0.13331504510618306 
0.14398453980967488 
0.13553229278559248 
0.1357465788251925 
0.13086330869943744 
0.1352294071745615 
0.1269460248536425 
0.13301499667737743 
0.13958760110305155 
0.13803019382403095 
0.1402718111316484 
0.13466390248656743 
0.1349290766294774 
0.13346981179101428 
0.1399445966652273 
0.12211594797066884 
0.1362588377882731 
0.1316105224800396 
0.13588586923559123 
0.1358759651915153 
0.13547648850827032 
0.14364788075857482 
0.13242393560350652 
0.13207834045458022 
0.13421645628280424 
0.14287539515668946 
0.14071178778087978 
0.13506079905770307 
0.1290793626012024 
0.14698921031110038 
0.13081405289591666 
0.13475353942665308 
0.13789422036957946 
0.1405525224999419 
0.130267881008672 
0.13251753583636164 
0.138647112243796 
0.13562538194475668 
0.15009714516550868 
0.14033315244135786 
0.1431560868711344 
0.13509693873148243 
0.1321257054086328 
0.14069432734553153 
0.12930245941558596 
0.1395419413439649 
0.1372612985221963 
0.14172185999510267 
0.139330026666122 
0.1413378099201752 
0.13527707927617885 
0.13156336658536233 
0.13811788881684542 
0.12486119704387777 
0.13791485780162557 
0.13435189754797647 
0.13935442488784094 
0.1424967035958659 
0.13648156266899916 
0.13421613371902058 
0.1357786431358254 
0.14887311855671945 
0.14010599013164202 
0.1469825531329737 
0.13588287470396726 
0.14637580708278272 
0.1313926564254639 
0.13349049702192348 
0.13379924780759495 
0.13281274054634779 
0.13709849130171226 
0.14033522998308987 
0.14968373587294181 
0.13744148854748772 
0.13955881683595023 
0.13606209150065127 
0.13369908338053563 
0.14421998229979854 
0.1343062004253608 
0.13383857657637616 
0.13698209888457494 
0.1369153238313849 
0.1286065135196986 
0.1322975898907326 
0.13856748265766555 
0.12697078435757486 
0.13653106555921665 
0.12700560497650587 
0.1399314173431042 
0.14340944143264683 
0.13333526841447868 
0.14060780187168875 
0.1310601996534532 
0.13938917675348123 
0.1297890836971404 
0.14125684651814768 
0.13147536731039117 
0.14431637303896686 
0.13337931884614923 
0.14338671634133807 
0.13609237892578066 
0.13062864126701842 
0.1429799049778593 
0.1314593893784714 
0.14792616632214461 
0.1320696215926918 
0.1335681193761305 
0.13433970854704444 
0.1367390501832584 
0.1399179049428831 
0.1375100969145992 
0.1479103416511102 
0.13275071881969283 
0.13731663273585035 
0.13212470764976428 
0.12959155245541717 
0.13283847032202417 
0.13608828420041988 
0.13846481669111507 
0.13545383781659032 
0.13523044233319131 
0.136538596079146 
0.13616311750070673 
0.13447118530209165 
0.13367841350297688 
0.13287559629438783 
0.136158715256479 
0.13431005340535834 
0.13837756882401667 
0.14654357810812704 
0.15295496108378182 
0.13246362657188288 
0.14298039823245504 
0.14133436448832978 
0.14485980174139068 
0.14054457318487124 
0.1355327145055893 
0.12847227248946871 
0.13326965804541865 
0.13654967039324456 
0.14273448553773427 
0.14208020098862847 
0.12816227379354733 
0.14233605930691304 
0.1382336781322673 
0.14283660291424266 
0.1347392896307449 
0.1334123183218409 
0.13210783533038364 
0.12911055508558797 
0.14398073260451885 
0.137400388158269 
0.14234915859472813 
0.1436729565235577 
0.13928132533617557 
0.13539203397489555 
0.13911786361794257 
0.13770777313626212 
0.1461814221751399 
0.13394610223975312 
0.13787128865035556 
0.13889223689870756 
0.13727126890543415 
0.13497476184148918 
0.12891586391880855 
0.13898370059502832 
0.13660019832377432 
0.13353256208689737 
0.13284700987229447 
0.1294753349983406 
0.13399167724923325 
0.13135438575374395 
0.1357788376572333 
0.1386289027035606 
0.13749254568221725 
0.13561005976678042 
0.1330218746064779 
0.13314795952470532 
0.1376683990856478 
0.13367103276084785 
0.13781954625811016 
0.13691023332469907 
0.1397291234702613 
0.13150303025687043 
0.13947318044226398 
0.1301095541113824 
0.13727415741035284 
0.1331726261751375 
0.12547039588020548 
0.1360721796943097 
