0.16114997521954796 
0.15707829356914005 
0.1561455610563958 
0.1524517991217823 
0.15537692703387848 
0.1555447752693079 
0.153949581804058 
0.15834984450272377 
0.15351865837189616 
0.15380134162640696 
0.15428869907389067 
0.1573482594179179 
0.15754373733207291 
0.1521137034394253 
0.1549622987942468 
0.15214824112422137 
0.1507162102703769 
0.14142675443500483 
0.14902521908693944 
0.1536362316816678 
0.15570175362331332 
0.15355424985291402 
0.15117035200763976 
0.15953905415285913 
0.16167490726241882 
0.14674881020441422 
0.14776146764583184 
0.15390729200417086 
0.1561693420159374 
0.14329824400127616 
0.1424157116653073 
0.15348094598560977 
0.1488424665426283 
0.14919096556746392 
0.15493705220534687 
0.15141871395021259 
0.15165607314176063 
0.14236269542320923 
0.15262275651865934 
0.15468355149443086 
0.14872214590920843 
0.14779194205318433 
0.15265321834803908 
0.1464437578701997 
0.15954720619041401 
0.15296561863666658 
0.15573156726019124 
0.15255980264122113 
0.1428403121170852 
0.15215199089431755 
0.15781117378196774 
0.14848746466042567 
0.15133928296525212 
0.1434595026163654 
0.15341663881576295 
0.1537204358152471 
0.15457835613805251 
0.15502367175762866 
0.15599138407607926 
0.15205164391929912 
0.1550776872729643 
0.14284006412514916 
0.1536374656724652 
0.1457792234387749 
0.1448627700178723 
0.161278619175491 
0.15663714223762695 
0.1566807969297068 
0.15590213150325866 
0.14851991005019105 
0.15488613815511895 
0.16090378025238014 
0.15436772742465107 
0.1525806918859034 
0.14481353469355931 
0.1515777382148127 
0.16135988646454824 
0.14813999085580662 
0.15774447274287612 
0.15147665543171193 
0.1576706544377908 
0.15049272434777533 
0.15423135167185717 
0.15168939759867897 
0.15223696050698976 
0.15705741755746785 
0.14689241318188145 
0.1549814219409498 
0.14831575200087144 
0.15043067171279512 
0.15785123233344484 
0.1521062570905106 
0.155937461163221 
0.14891597120537278 
0.15580593467380402 
0.14900350550753755 
0.15836590050140742 
0.15121932200763508 
0.15321496269862625 
0.15802539349756559 
0.15667946355581105 
0.1476890562832718 
0.153671120161633 
0.13955506865348025 
0.159652134963633 
0.16347110792590064 
0.15432819678573084 
0.15864236999273085 
0.1464830355988207 
0.14793000212433638 
0.1546578183902657 
0.16294310053349073 
0.14729160966635244 
0.1451247866659899 
0.14682148970765857 
0.15424755036013157 
0.15772698238846813 
0.1512398146838464 
0.15501071646802414 
0.1558908962326173 
0.15333088377701914 
0.1507876211382332 
0.1516639498714158 
0.14796773330799287 
0.1574421097203441 
0.15412066198380273 
0.1555287048287805 
0.15108759489308957 
0.14946409994979148 
0.14278095991085465 
0.14953320728946784 
0.1508223371177593 
0.14370123719717884 
0.15431867402938884 
0.1596300174812408 
0.15151269274742318 
0.14617070074809596 
0.1523909252611974 
0.15512424629860722 
0.15345646593581982 
0.1545716379146939 
0.14879529518283408 
0.15226017089147167 
0.15529049945296824 
0.15270166515086808 
0.15830959585745455 
0.15344131422483331 
0.1540003113272504 
0.14971393255593743 
0.15169866311196667 
0.1525515185523978 
0.1509643282139386 
0.15599863397944966 
0.14951201727645355 
0.1562433347737729 
0.15400375660001128 
0.14853316181518508 
0.1548834089826499 
0.15201132397893113 
0.1534401886647368 
0.14526005924898125 
0.14966346567174116 
0.15612043200078482 
0.15109216850392979 
0.1626638072980921 
0.16028797587443744 
0.14872689978771797 
0.14806616383139035 
0.1596352989205497 
0.1526023505110074 
0.15357897184500463 
0.1522860394996985 
0.1543405707335898 
0.15253680115385512 
0.14895778062082551 
0.1453537358698871 
0.14879823701674802 
0.15050738154337023 
0.15267452569589646 
0.1498652781714665 
0.1586351379837987 
0.1587866710039101 
0.15357902579031543 
0.14407225475075844 
0.15471415238847394 
0.14899292584646473 
0.15020326729673653 
0.15649884709146855 
0.1475477011938713 
0.14743514123089418 
0.15177102929478475 
0.1377684781959661 
0.15042079669642283 
0.14626791179177914 
0.15376587657755356 
0.16146931541533963 
0.1546754519726839 
0.14734132905740466 
0.15905616744004733 
0.1543687101772731 
0.1583948361477837 
0.14900975929185525 
0.1452200371036816 
0.14249132868606243 
0.15037821049035835 
0.15532806163773993 
0.14877527019046086 
0.1507456318178291 
0.1532455411136495 
0.15739750734789498 
0.15777163665263935 
0.15462128230257288 
0.15065162738551974 
0.14640873806336752 
0.15163317258163186 
0.14724146022275134 
0.15313868103242684 
0.1567790829106636 
0.15850939588405977 
0.15385385967264348 
0.14607901733122342 
0.15667165826720555 
0.1557449792146093 
0.1526657102631212 
0.14968757554846487 
0.15429582454545593 
0.14934336764815698 
0.15842065569059366 
0.15046924672660333 
0.1500701822736953 
0.15526662793371576 
0.15020590243939105 
0.15541785434079206 
0.15413475541587093 
0.14508360880915172 
0.15437597301000752 
0.15266753670283045 
0.14102856307098893 
0.15167697351287565 
0.14834181086614612 
0.15113828608858362 
0.150389081192581 
0.15568569632237808 
0.15305147106182487 
0.14909432791282543 
0.1615047173451011 
0.15139996454019286 
0.1563222856399284 
0.1496342294036756 
0.15568145291060742 
0.16038333860610754 
0.1500550853122117 
0.14242282205770623 
0.14526707038192793 
0.15277602840322702 
0.17034726131091465 
0.1462953014713919 
0.15114912440599204 
0.14795167181272817 
0.15099534700253525 
0.15162021896979758 
0.155216160993376 
0.15145868423018505 
0.15504257692988424 
0.15717530154376017 
0.14489401680212838 
0.1548821803474045 
0.14166542094764828 
0.15022409607309456 
0.14585417393210248 
0.15659812963004313 
0.15309648521439653 
0.14243107218594958 
0.15555257962122113 
0.15161286985577593 
0.14401778503828142 
0.14852751953875676 
0.14745021714333703 
0.15517802214295912 
0.14988792839882298 
0.1523832980361069 
0.1469709879580392 
0.1616234435981135 
0.15027605661961185 
0.15533976417435 
0.14566836733856078 
0.14253454319309974 
0.15326260877751358 
0.15193804411559061 
0.1536155852876891 
0.14803026213398687 
0.15217731109519306 
0.14876406846650894 
0.15113617658943126 
0.15247852016425278 
0.15036023138956497 
0.1574420735538158 
0.1450743818670444 
0.15190312359999805 
0.15497084987754772 
0.1500040447390757 
0.14144025432630844 
0.1487048154139427 
0.15029609131532778 
0.15407886473159244 
0.1496380976316847 
0.15915893709343867 
0.1474229337078767 
0.15705469540936787 
0.1526029825294173 
0.14095037715145578 
0.15232368298634977 
0.151363704766385 
0.1507056805378082 
0.14081879688881996 
0.15082670683447738 
0.14925403306018098 
0.1460300239620307 
0.14773991555904786 
0.1547994660324307 
0.15225433548584827 
0.1500137521595378 
0.15075754875414585 
0.14502046508658453 
0.1482263456311821 
0.14948382823393472 
0.15564529608583363 
0.14816505209671627 
0.15300249389068837 
0.1496474315818583 
0.15772542786378296 
0.15310325769565825 
0.14795699616679633 
0.15272493284154734 
0.15082668369888239 
0.15241720753594587 
0.14699235874111077 
0.1517187960496757 
0.15280091425302736 
0.14353780934706378 
0.15116516737757674 
0.16136560171956504 
0.1512958871580705 
0.15332649383306857 
0.14828332201991618 
0.1501934084908047 
0.150229555888521 
0.15431818850778622 
0.1534419831630934 
0.14799527036821872 
0.15816726821335217 
0.1598296522064809 
0.15196309104661032 
0.15526906935026127 
0.14843548449200922 
0.14723539835709387 
0.1583581311044269 
0.15685882679326768 
0.14824354648913543 
0.15859306157229658 
0.15018579878432295 
0.15052097804414427 
0.14831026578739637 
0.14955546228695735 
0.16215516044692987 
0.14470121858873666 
0.15461560673993496 
0.15967887829797303 
0.14975056669549958 
0.14379907700578787 
0.1441483586683868 
0.1616943972483512 
0.15220744495435695 
0.16305588342667834 
0.15039172951621466 
0.14619099334338828 
0.15191635000969983 
0.15079430488883172 
0.14209841854552033 
0.15351173062445336 
0.14982572569684746 
0.15431778691006445 
0.14575678403725095 
0.14627016463251927 
0.1496487854204856 
0.1679067034854569 
0.14520724420243925 
0.15767597246564238 
0.14922660635672802 
0.15378162093288722 
0.16126270513155333 
0.14826958481382946 
0.14842706966457703 
0.15518181504911532 
0.15793880611511704 
0.1415555749134107 
0.15951180390165065 
0.15740896100362164 
0.15275736220103606 
0.16009197804517125 
0.15160257513697134 
0.15709833530249975 
0.1580111920035466 
0.1421214189771196 
0.13949388097784046 
0.1476956149518179 
0.1564770351238984 
0.15112758329561232 
0.1581044907601598 
0.14670693180455743 
0.156137270815715 
0.14915264636631134 
0.15142765905301095 
0.1461070450165908 
0.14875177187854666 
0.16384759068246224 
0.16108498545487726 
0.1427169170838964 
0.16049953775671724 
0.16279006065216547 
0.15475347339358383 
0.15083160395653047 
0.1453818201590859 
0.14700422491741472 
0.141385975810479 
0.15841369325703905 
0.15182643159923165 
0.15805436419463845 
0.14542456957478844 
0.1491575535294036 
0.16214117297848774 
0.14402957282257733 
0.15578556255112208 
0.15640635385135518 
0.15192247092998848 
0.16178409948918915 
0.14955341697683847 
0.15446982963142683 
0.1591992675034014 
0.14821658601385612 
0.16498187563521244 
0.16327913193024252 
0.14910895848718184 
0.15463192214905505 
0.15333480783651854 
0.14502424262835217 
0.1460139409767538 
0.150517615330179 
0.15236301005395256 
0.15364551020544437 
0.15216800257507831 
0.1522850503314741 
0.15082690974578633 
0.1565456690226717 
0.1496239165818667 
0.15114449524426046 
0.16311023151985907 
0.14971231901188714 
0.14892228843315225 
0.1506983537364865 
0.14502532568988868 
0.14905038113165522 
0.15633228907748423 
0.15043361440023428 
0.1526430347383112 
0.1442432015598714 
0.15254751062457356 
0.14416240498539395 
0.15445508811793768 
0.1567426570638943 
0.15252541341721973 
0.15538412604495144 
0.14931554447462328 
0.1482985020110724 
0.15510393951956106 
0.15293461686264614 
0.1567819740952995 
0.15842522943840784 
0.16151964532843924 
0.1459428409501305 
0.14977192526418037 
0.14987286755706702 
0.14979497212292386 
0.1466911770007982 
0.1462780636610607 
0.14766184042071 
0.14925238153772002 
0.1374421108892932 
0.15617535142085884 
0.15099884988518908 
0.15129905482095007 
0.14981103812887792 
0.1497796429948916 
0.1538204350410956 
0.14918841367737537 
0.14487627010590612 
0.15220276994969725 
0.1492207201197192 
0.15055559517311942 
0.15057798130249836 
0.14816397367572018 
0.15129269381757424 
0.14297059714439989 
0.1558421037267677 
0.15627281970835696 
0.15911414282575861 
0.14732375631275496 
0.15325224958121864 
0.15534288143755842 
0.15953641985352113 
0.15376615194839596 
0.1528842547792429 
0.1578380021375264 
0.15880660706670413 
0.15870251720271447 
0.14974407697681277 
0.1527076805252103 
0.14284192297290013 
0.1519101470275896 
0.1545162024372386 
0.15260232538390486 
0.15392847550895813 
0.15175317970412514 
0.15284270402563016 
0.14169816814020889 
0.1491441015656716 
0.15860779479726483 
0.15781926931829335 
0.15356909959293052 
0.14982009221850917 
0.1530713875648437 
0.14075079877079918 
0.150951939885245 
0.14346561984749634 
0.14641190195718096 
0.15316151911969897 
0.1427098604356894 
0.15917392624947999 
0.1510213520814587 
0.1479695635775645 
0.15326370152701058 
0.1524054699738786 
0.14962380009647097 
0.14979367246915354 
0.1477691745393497 
0.15242022793640767 
0.14755538628426731 
0.1501819044787901 
0.1513485262834626 
0.1534301185601678 
0.15713025441989287 
0.15532797507637452 
0.15328876773586692 
0.14622768371486172 
0.15500730997784926 
0.14519617957482428 
0.1501659024102383 
0.15269658186121088 
0.14888027066634033 
0.15574369744018007 
0.15999622108878903 
0.14763740999960903 
0.15520194789663472 
0.15336699640738108 
0.1687051235361641 
0.14840947522727466 
0.14895373140431717 
0.1532331369024237 
0.14625907459449647 
0.14568810304402438 
0.15344237009174277 
0.1633251179404249 
0.15921365100726856 
0.16039483984106542 
0.15273398281576514 
0.15406459964871388 
0.15207863967751195 
0.15421360820173907 
0.1548772752962792 
0.15051263877593574 
0.14283733279131475 
0.1607500109718033 
0.14868011484921542 
0.15203981234557987 
0.15099695340290503 
0.14536701238564673 
0.15081577337502564 
0.1536289957849915 
0.15699630018686023 
0.15354839634482553 
0.16381728184076066 
0.14991577734655265 
0.15958298131925594 
0.15215149734737937 
0.1539689982280734 
0.14679627893855338 
0.16068637989722856 
0.1471446084639707 
0.1535213918260453 
0.14596523503587777 
0.15432938731178358 
0.14521578660291856 
0.14823843475959755 
0.16619049581525047 
0.14156404833694106 
0.1496069970413665 
0.1465915736447046 
0.1440268354301751 
0.1463688687154235 
0.15118342642222712 
0.14940054253073223 
0.14690800090757608 
0.15074802430419904 
0.14939339266582827 
0.14931468600007694 
0.1516300363777955 
0.14510807535771414 
0.15526924586946628 
0.14579381231155145 
0.15794223032147822 
0.15596888066754422 
0.1538696913925705 
0.1652751676523545 
0.15717787208307168 
0.15800517322203314 
0.1597085600762003 
0.15153835594472906 
0.14992155310013314 
0.15440600527988338 
0.15651640844459483 
0.1601974735659416 
0.13466250252026904 
0.15607988722060662 
0.15669528328591248 
0.13853493080943335 
0.15759066909468133 
0.13999767407526473 
0.15709456634115948 
0.15124914800129383 
0.15784727696050196 
0.15505372048902222 
0.15994086682918535 
0.16891621055611242 
0.14031371742401924 
0.15007836477415773 
0.1538674708198401 
0.1496755375727275 
0.1485104035107096 
0.15464165348195258 
0.15351551530688445 
0.14879283405161436 
0.1560065848082217 
0.1555455373324272 
0.15304268765528092 
0.14797810240757497 
0.15541040255108235 
0.15064017296658738 
0.15096232181722674 
0.1509302807483575 
0.14470138537713323 
0.14719652623549748 
0.1608342897514042 
0.1500263112663273 
0.15169208969913017 
0.1557110949776062 
0.15123349198067687 
0.15650767357558656 
0.1526561757395512 
0.1485347548176612 
0.1508793388029838 
0.14555404534509253 
0.14867304000228163 
0.14530336832107368 
0.15501102911374837 
0.15160154875606965 
0.14860860743665583 
0.15343897285899655 
0.15037221168653375 
0.14932392925176924 
0.14571980088337805 
0.1533505542454624 
0.15516180826100673 
0.155484576593799 
0.1508256304726668 
0.15339462608369817 
0.15784915890308096 
0.15132667262444724 
0.14742237478351397 
0.1576506393026935 
0.15009768374825197 
0.1561729556229088 
0.1495299349886539 
0.16046695242289244 
0.15751038776320486 
0.14819526019226106 
0.15125769630745556 
0.15482347190743886 
0.14968971439026507 
0.1472373841591147 
0.15034872966883273 
0.1487974266053652 
0.15004853098241303 
0.16091429557046774 
0.1496603631903087 
0.15081302768825303 
0.15126067171803373 
0.15177519360141542 
0.15694192056220183 
0.15804230697335925 
0.15720989363537347 
0.1564010245835556 
0.14368339451615036 
0.14701947416490208 
0.1470974540199029 
0.15469321755675813 
0.15888692886361092 
0.15474848800424928 
0.14972392241073837 
0.1517499689223605 
0.16392449863655892 
0.149900389707072 
0.14383400676574717 
0.15724358784587908 
0.15828266044377085 
0.15095127551986354 
0.1620191849433696 
0.14441656767153357 
0.15185621402454483 
0.1547222108982137 
0.1532314605482272 
0.16294747881867483 
0.147862577722409 
0.14115644483014522 
0.15812644824364375 
0.15290069426399674 
0.15842515468306592 
0.15155101912893815 
0.1559790056972239 
0.14599958282063458 
0.14345284457745552 
0.15386960674416325 
0.15300304114160718 
0.1632858831672743 
0.151862717157216 
0.16095351136902739 
0.14788509871070038 
0.14794312639700555 
0.14921203792911472 
0.1444874695011095 
0.15293849243487154 
0.15623495175356084 
0.14988269357235545 
0.14759458276396914 
0.1457848323414494 
0.15300157982924223 
0.15683689705818152 
0.15590592476076892 
0.1562755643899457 
0.1560436261370805 
0.15588712325538848 
0.15149527609442523 
0.14757052877201784 
0.1568429998001309 
0.152691236225572 
0.1517695321998508 
0.14872602019783973 
0.14900342394249064 
0.15952983780048907 
0.14780955640936327 
0.15702882212696462 
0.15511782186940226 
0.14661548453473386 
0.1446824044913686 
0.1490814881434062 
0.15601286676272041 
0.154303565985277 
0.15095008418573672 
0.14502898298269384 
0.1541110146333066 
0.15136928996720858 
0.15439262542995963 
0.14406108195796766 
0.15738924609001193 
0.15573079244593957 
0.15632664209937078 
0.1552120662496393 
0.15801313065121586 
0.1475302064703103 
0.1446649202922512 
0.14945893843543973 
0.15415212449034307 
0.14741074104093338 
0.15370729599865351 
0.1452439511189963 
0.15361862909187218 
0.14962723694277605 
0.1509149350708859 
0.14728760334396607 
0.15440453327028658 
0.15524676265365023 
0.1576349996201665 
0.14933752261089525 
0.1655686838182003 
0.15337620825384796 
0.1484745548777191 
0.1639001712505046 
0.155637969193878 
0.15050341240102288 
0.1493062933307668 
0.15710008375739926 
0.1512946594680994 
0.14850656671964568 
0.15310806555141476 
0.14787853938539627 
0.16122421242963722 
0.1472157464784693 
0.1570357723731633 
0.14374667622030196 
0.15210554975412463 
0.1501265435344782 
0.14723552011373373 
0.15809379319799588 
0.15287478493064668 
0.16562730450848415 
0.15204096112068594 
0.1473786074517754 
0.1490954623330719 
0.15859596512952706 
0.16189589390697934 
0.14711168804698077 
0.15275373199361103 
0.1506807449357277 
0.1478118013550807 
0.14345638465616006 
0.14460994101732325 
0.1546726192974244 
0.15266519266200318 
0.16694601664709321 
0.15866540170400853 
0.14796674660178552 
0.1559745538929908 
0.15665083416867234 
0.15247494061136244 
0.15710157566695143 
0.1537310827547667 
0.14909969708428053 
0.16006468843228247 
0.15407140624908697 
0.164119839304114 
0.1543058419283493 
0.1501518795620183 
0.1515554786768252 
0.1579534054370444 
0.14022664876484156 
0.15643621268256705 
0.14583282211954482 
0.14519684144601944 
0.151723528186861 
0.15101313869081223 
0.14996784914997038 
0.15999319164815426 
0.1474055428947714 
0.14606501713153536 
0.15384131988847252 
0.15250070354749654 
0.15212758922487424 
0.15497620277144014 
0.152035892213915 
0.15434451224399187 
0.1499252816304223 
0.15787889412170986 
0.1545942772510291 
0.14563574780134705 
0.14286602150458985 
0.14833928365130875 
0.15188653667908605 
0.1483575467062735 
0.1552224986893899 
0.15588114343221962 
0.15485749822108427 
0.15166329298273123 
0.1485733628648883 
0.14951791591166935 
0.15792314930353343 
0.1499101283639732 
0.13515914372382545 
0.15855810895778572 
0.15780579843668865 
0.15766054884909167 
0.15556680218541322 
0.15686841330084678 
0.15301432356590386 
0.16299606420186974 
0.15910420524418512 
0.15472750972090932 
0.15131279006991305 
0.1499947810848169 
0.14780411567240695 
0.14914004203029607 
0.1515088085028237 
0.1542337013277748 
0.14264859730691035 
0.14929493130713783 
0.14767414566129844 
0.14714402089943562 
0.14757331733510712 
0.14660655414256413 
0.15380778487703248 
0.1610488692338362 
0.15711539740637 
0.14634799381109503 
0.1553112181110644 
0.1422545226590086 
0.15069554328851217 
0.15225816056425065 
0.1611443792154761 
0.14797995570200045 
0.15633321697805438 
0.14856171766337992 
0.14469937872336106 
0.14976451596286955 
0.15258101180387798 
0.14512243119286633 
0.15609359199493814 
0.15806302078368614 
0.1558192985794167 
0.15189562016425992 
0.16203906130626983 
0.15875626703434972 
0.1519392592442874 
0.1541681680471239 
0.15114036320592736 
0.14272064883021693 
0.14571901258232817 
0.1501623799931232 
0.14815585917567461 
0.14512806665419767 
0.15346693289356922 
0.16277939495984856 
0.1549079635109937 
0.13726105584099957 
0.15546787476750218 
0.15118777200120753 
0.1533816577158956 
0.14580366068617273 
0.14773458338885556 
0.14865215952669997 
0.13724980082109756 
0.15928603217467557 
0.14669184340243827 
0.154263326687703 
0.14716492947544618 
0.15395461813415917 
0.14996627241325428 
0.15936824438414368 
0.15800408110189929 
0.1575076084603617 
0.15448827842509935 
0.14885782337755013 
0.1514421661380424 
0.1470062256519643 
0.1443452795445338 
0.1514732549235095 
0.14795942417617017 
0.15259664125346534 
0.1494646028841598 
0.15167754638654732 
0.15466481901608503 
0.14414077102589642 
0.1573795413917199 
0.16137449226614886 
0.15120103967582146 
0.15012664987060378 
0.16151482596275965 
0.15517235742858648 
0.1481137319272738 
0.1434109229525061 
0.14926141338593177 
0.152287755710457 
0.1557145154260468 
0.1532991862097116 
0.15132286232252698 
0.15582998274869994 
0.1594536177470897 
0.15951245903193767 
0.15122583176366775 
0.1527940488442606 
0.1490875828394711 
0.14311771526902972 
0.1542021125412945 
0.1455576514248698 
0.154237069865468 
0.15628305452405758 
0.1542426450882688 
0.1496264801781252 
0.14521604374105435 
0.1455654893385411 
0.14780332537807145 
0.1612626675900747 
0.1444778129604796 
