0.19786975908329235 
0.19871836042982602 
0.20643314346165156 
0.20239913619398883 
0.19587701368359897 
0.2160522061945938 
0.19991972571146271 
0.20288796360923803 
0.20146089343947932 
0.2066499643700632 
0.20557000072738618 
0.20098500381439946 
0.20009123314265959 
0.2102870339715099 
0.19781265291377204 
0.19975531008540431 
0.18869336466396502 
0.20566931364102564 
0.20230774975879612 
0.20649715810223226 
0.20035687172620917 
0.19782924391842474 
0.20584812958563212 
0.1981815303592368 
0.1934157892599874 
0.2031077068346082 
0.2012739678675174 
0.20369275797240244 
0.20131703003997947 
0.21331837679666876 
0.2085842564185381 
0.20646386477909434 
0.20210901074670418 
0.2123559039557396 
0.20198367902228054 
0.21146713696089786 
0.2128958657522566 
0.209328690503992 
0.2065196484822975 
0.20711735039961487 
0.21250322876358396 
0.20020811201579602 
0.1989089795967824 
0.20920954135144876 
0.20274414287184697 
0.20796936033995259 
0.2049936566883182 
0.2119762947962613 
0.2103592792759019 
0.2072946644224015 
0.19707392783813443 
0.2098194739871014 
0.19427805889551872 
0.2092954804612018 
0.20017208154737165 
0.21114268551149593 
0.21078270765875376 
0.210679549110291 
0.1970036966717493 
0.20235024231743304 
0.20707535118221526 
0.21143459622422672 
0.19868709745773905 
0.21242266049997555 
0.21527475509187133 
0.18699795429542568 
0.19921826138139878 
0.20551658817245838 
0.2014181471399657 
0.2018072488670949 
0.21010264934089262 
0.20428143147778782 
0.20394455265459063 
0.21250595143162618 
0.21147233461779075 
0.206875934349901 
0.1959663079596198 
0.2090237244896778 
0.19759542563782506 
0.21570665783302312 
0.19531972568239178 
0.1991297184626632 
0.2024732634221696 
0.21510229690209146 
0.19789315530457394 
0.19537439325376324 
0.2152084377657526 
0.20763200346108757 
0.2140936307809066 
0.20443226649135895 
0.20350004620328396 
0.20704438470028666 
0.1944239105954637 
0.2107929507009584 
0.20581612005320699 
0.20907313115003912 
0.1886961370387569 
0.1976530865622581 
0.1948775676384536 
0.20905355840583253 
0.19952140703065044 
0.20626454931781305 
0.2026177745428031 
0.22072010032669104 
0.20033973107907976 
0.1916476107994708 
0.19924181102802502 
0.20282878156543963 
0.21643439744257786 
0.2072991304109987 
0.20332591856114704 
0.19468895823016305 
0.20807159288159255 
0.21078236520537105 
0.20766648261565443 
0.195947047148315 
0.20090174926831045 
0.18919045874005996 
0.20247375183809255 
0.19156347903647453 
0.19781290424090603 
0.20446110278869603 
0.2006529570222029 
0.2046485489539319 
0.19964053365012147 
0.20521740918852008 
0.19513221894628457 
0.20287239780608585 
0.19178797114824003 
0.2202687701467102 
0.20046608797086643 
0.20799327958635228 
0.2116672944147724 
0.20232378336162532 
0.19196683933045505 
0.20303183247713555 
0.21654356453011656 
0.2059881987977319 
0.19501788255530536 
0.20553821101175923 
0.20028675105092913 
0.19554314929105554 
0.19785762799517786 
0.19632158794965202 
0.20305128190852492 
0.199997195896906 
0.19702685027315286 
0.19415246489216734 
0.21431262396466946 
0.19980542380301783 
0.20048630068957393 
0.21205294302055547 
0.2003703680881983 
0.19688030054505404 
0.20881808635332832 
0.20744341989376788 
0.21338988915684529 
0.19131909198921207 
0.21017810613071322 
0.20145602194140066 
0.21158137994226275 
0.21645314116185047 
0.19545491111361646 
0.20234842554079646 
0.19518604496727326 
0.20280501535561546 
0.21788489471460978 
0.20300135141789366 
0.20187737211234608 
0.1939871417442993 
0.21137506992809194 
0.19744108825075998 
0.19033830509842384 
0.2043107566322023 
0.20418501238204875 
0.2129974648044853 
0.20253978977663367 
0.20304133211029443 
0.19403420424284223 
0.20440905914482485 
0.19301915142281514 
0.20348365421325654 
0.20260604407569363 
0.2048515082341428 
0.20011368862913415 
0.2010042180181691 
0.20818998691306523 
0.2068633062129082 
0.2197394640134191 
0.21153276314190841 
0.20109893586347222 
0.19946543240526962 
0.20598686707723107 
0.2016096192976865 
0.18991497662649215 
0.20744959509962776 
0.19686050887846931 
0.20859107440662025 
0.19669024790037834 
0.2040647068609806 
0.19771405863160887 
0.20465165358443738 
0.2232486278281377 
0.21547004233810466 
0.2000353944629866 
0.2047010254164707 
0.19723745783681493 
0.2089356188973323 
0.20385817229566824 
0.19472807033110495 
0.20455752602908753 
0.21065520511808214 
0.20185002615285677 
0.1994431396704603 
0.19675733190531566 
0.21075574438618877 
0.2069346360790043 
0.20255422864214115 
0.19792674784812456 
0.20017546484702695 
0.20544151752828926 
0.1919301666053269 
0.1983522425125105 
0.19974902963493218 
0.20378396716223365 
0.20446390911086007 
0.20826838320167665 
0.2122221773827038 
0.20596974916842947 
0.19637406587091227 
0.20695928179707734 
0.20864342907837183 
0.20354482120802325 
0.20243918584950796 
0.2023057383966364 
0.2054282052204638 
0.20438893245306958 
0.21416570522954906 
0.1994782243200829 
0.21014584962717126 
0.20020046034919908 
0.2055071075730889 
0.19956688574635106 
0.20847394380767242 
0.19036854250213378 
0.19576663101210545 
0.20374070242132172 
0.2072914625858994 
0.21034429794801995 
0.2064923150797293 
0.20843375908332212 
0.207045653032517 
0.2057681780907036 
0.21356552015640318 
0.20488966708903814 
0.19116411867208302 
0.21080968519275825 
0.21892149073701028 
0.21069640809608917 
0.21816997961040122 
0.20083090912086518 
0.20433346743951905 
0.19829815368274953 
0.19611208966374125 
0.21557819748899706 
0.20635212262463828 
0.203249817925452 
0.2144965375132105 
0.204195316137396 
0.20662036393073785 
0.2056248420237059 
0.21027162517032302 
0.21374635008433504 
0.20346769484532023 
0.20436199000655952 
0.20925484397520414 
0.2067646203082195 
0.213049014743616 
0.209569948248851 
0.19224948251693938 
0.20997577251113222 
0.21307296403557602 
0.20663039427192142 
0.20473097076874944 
0.2046038767191985 
0.1946162049188334 
0.211862032402287 
0.20840158225889022 
0.19932338389465867 
0.19694158368034065 
0.1982946522622252 
0.20266706941307247 
0.20905721504595845 
0.20863776281041851 
0.21117104828154717 
0.20387462230734413 
0.19798830064320844 
0.2115234898900167 
0.2086782440482655 
0.2080241434360991 
0.20736803138800347 
0.2151220644875176 
0.2136921076942317 
0.21631005047400909 
0.20335602223724591 
0.19532550621901926 
0.21020757944823779 
0.19848985230278385 
0.1977875203048468 
0.21275476197393392 
0.2100550626217952 
0.19758138010018553 
0.20900719178347268 
0.20976693335033497 
0.21442724515951173 
0.20362316820056645 
0.21128523691231024 
0.21294997209380778 
0.20689491229821716 
0.1997933962669411 
0.20549329223063326 
0.21176571294102023 
0.2022703432948805 
0.2186614226741704 
0.20974211190099473 
0.21259298316915495 
0.2043421972231972 
0.20739165549228009 
0.2032476955631044 
0.19917606581257116 
0.20635381867665128 
0.21072488956782381 
0.19333703216339043 
0.20635491560271815 
0.21171799887630618 
0.20314946709881135 
0.20642793393270845 
0.2019758701876685 
0.20064683625632693 
0.20072232789132016 
0.1940054709719556 
0.19220916310975286 
0.19812322202995694 
0.19896442225308036 
0.20884789978676604 
0.20796307740585004 
0.2131335378215256 
0.20289541928705632 
0.20193173736576508 
0.1881676058643075 
0.21223211215985366 
0.20021336997107989 
0.20249893705829367 
0.19852952810540983 
0.20065071116806896 
0.21949478557844232 
0.20074457883713429 
0.194540387523281 
0.20394975935696488 
0.20124439602053742 
0.20658201744981455 
0.21452318675993143 
0.20908950234029763 
0.20490852446557156 
0.19445012563442013 
0.2015635717056773 
0.20622170317710015 
0.20892933470341643 
0.2119469545057905 
0.208647672317416 
0.20866984398777635 
0.18628756584108191 
0.19680825214412118 
0.20215716741340517 
0.21837706166710338 
0.21837104770072285 
0.20437366970840287 
0.20521190607485304 
0.20130826500217255 
0.19818803623291287 
0.2051750561408429 
0.20527131835302218 
0.20305585256490155 
0.20309536752460003 
0.20162151698753278 
0.18672680564264468 
0.21122822704075767 
0.2080449374194169 
0.21499923762459155 
0.19205580260904973 
0.1910609615999615 
0.20442303675612433 
0.20387494455006752 
0.19271593274023258 
0.1994955586267967 
0.21727985761620935 
0.19491076717380046 
0.21491621904452926 
0.20218207974174326 
0.20604307902557942 
0.19397123364159197 
0.20060609339129534 
0.21116070533110934 
0.2137066469903721 
0.2036120201240701 
0.20593696791587915 
0.21094334617464722 
0.21300933236967734 
0.20544048012162427 
0.2208666312157362 
0.1991301695292059 
0.19748670414015213 
0.20250150589931776 
0.20870915094859818 
0.20058139337694844 
0.1952898571847373 
0.2043785881076471 
0.20894948768217428 
0.19370922909891858 
0.20254335193556053 
0.1941149364285129 
0.20542804838514372 
0.2045863190140513 
0.20248612480730954 
0.21693665230131287 
0.19395014781644696 
0.1981395713472354 
0.19577569176133397 
0.2081106634785616 
0.2078924143924321 
0.20022377373750444 
0.22602195657647 
0.20197343416809507 
0.19669494105606022 
0.20301345378096256 
0.19602579845416704 
0.207855006579473 
0.1965337490485764 
0.1974356938712548 
0.2047504992349536 
0.18846247857191148 
0.1871300829831015 
0.21040260113418954 
0.19570694884215006 
0.2015463720389919 
0.20412507349820155 
0.19035730025757938 
0.20783097426089658 
0.20052768311981184 
0.20306586684134365 
0.2016181158630768 
0.2032269014494458 
0.20618036575643073 
0.1952545762084764 
0.2025157895826997 
0.2079557932624491 
0.19084875541796534 
0.20397947002124134 
0.19838784779814542 
0.1955928873987678 
0.21285079665050402 
0.21340522248411178 
0.19875339498452005 
0.19691750407278097 
0.2008603793591313 
0.19705169823662033 
0.19602904561686327 
0.20513699196489354 
0.20868607937474346 
0.2013084640859828 
0.19726378415791043 
0.196106360570167 
0.20622098827192814 
0.19479959592431556 
0.19452562744688884 
0.21047565368666288 
0.20227117785236692 
0.2100225636160455 
0.19945151647776388 
0.20756548095042648 
0.2156938893432528 
0.21595876074080889 
0.21035298724545176 
0.20999687722274304 
0.20245615725584054 
0.21597494247399315 
0.19881952324005236 
0.22801616451839096 
0.20005880735586334 
0.20113679571309317 
0.19530636317627992 
0.20526168333802783 
0.20014672621927956 
0.20028247241688119 
0.21005796334263696 
0.2163074272611304 
0.21164179325969548 
0.20296312550487897 
0.19815114092713482 
0.20796375221241897 
0.2154642862857059 
0.2012712223423352 
0.20074202705057326 
0.20276125396523634 
0.19960972062915044 
0.1930935598611516 
0.20326642311852613 
0.20838302778005316 
0.201969710869763 
0.20189085820168073 
0.20073244345638735 
0.20018852140138022 
0.2092990058587239 
0.18895872596669472 
0.20339706267629515 
0.19286380303442507 
0.202550910059056 
0.21701181602089195 
0.19681317371062712 
0.20116890276447333 
0.1993937283564254 
0.20076496676556735 
0.20294566178751425 
0.2092166027564389 
0.1974993027082617 
0.20665177923864272 
0.20259982223122 
0.19452889839731594 
0.1993042289732872 
0.20109589225250915 
0.20354495581524998 
0.2143654965096981 
0.22182161103521544 
0.21282500382065406 
0.21546723551485047 
0.20308872046053106 
0.20438811690373135 
0.20360165953854842 
0.20326547528950115 
0.1986713399970585 
0.20715727854567095 
0.2091670702353619 
0.20181429604861492 
0.21900782120707057 
0.2136431084891885 
0.21096026467861534 
0.20491597938737557 
0.21093234717675835 
0.2125778955782496 
0.21223759340727832 
0.1924267027486063 
0.2025411949180356 
0.20486150215252702 
0.20308064375373963 
0.20348829805006485 
0.20436032635346704 
0.19527644134266506 
0.19834481237213697 
0.21093247817591013 
0.2045286421894404 
0.19011430433615703 
0.2135924304393864 
0.19076885863340373 
0.19695071072769077 
0.18335869686728215 
0.21509171622527287 
0.20292972656511155 
0.2051739498917532 
0.21351694706545504 
0.19611603738064645 
0.20750896805665411 
0.18322695828712413 
0.18562778721893566 
0.19859671830791095 
0.19453563498649795 
0.20577822274938096 
0.2024906794971236 
0.21103194995105878 
0.19249577415454272 
0.20327939004468482 
0.2161187057418084 
0.21053283156461103 
0.19826013626273317 
0.21172500266414335 
0.20241979788985434 
0.21597052345980808 
0.18995714166977049 
0.20701068967607775 
0.2033053086361522 
0.1963378724464528 
0.19893852047614494 
0.20120759343239553 
0.20352649567401723 
0.21487348449779234 
0.20564040721365318 
0.20396978759279397 
0.19181133929130714 
0.19071258195992644 
0.21049874490030912 
0.20621290161506303 
0.19211929660085933 
0.2084620941693446 
0.20740354851587628 
0.1845656866151346 
0.1994610235701489 
0.207167051571674 
0.2030524953551923 
0.20736990149599335 
0.21478910808577625 
0.19722166336849278 
0.2057992098655546 
0.2085345463151693 
0.2055214841353573 
0.1903344633064371 
0.19570045855216964 
0.19912133113814146 
0.20307760224029758 
0.20193902962729168 
0.20819699105614098 
0.2003074185312566 
0.20028047040098132 
0.20303359677196667 
0.190497143971624 
0.20153341689978987 
0.20133108691771653 
0.19780193483429231 
0.2001635190476588 
0.19721482495087153 
0.19740463673043185 
0.19171756653100624 
0.20556881766791085 
0.21526088963329687 
0.19155496562435503 
0.20275721459087778 
0.20809955967721233 
0.2048697323738737 
0.21481736637412022 
0.20368078053250624 
0.2140884852419517 
0.2016005823796887 
0.20687136536867656 
0.19793027865942125 
0.19178238696964606 
0.217982739813038 
0.20885136401502813 
0.20810560250654447 
0.21796159652138442 
0.20251928982761624 
0.2000225698766091 
0.2053902637417159 
0.20239830233915906 
0.19887322428738632 
0.19970936126381286 
0.19852057122338465 
0.20849466707086528 
0.20939160438367008 
0.2040444312155882 
0.20709116758059026 
0.20641030663646656 
0.20798269181471213 
0.2105440691745571 
0.1975645743204127 
0.20342402225629935 
0.21090162585324518 
0.20231702780926875 
0.19525125927461912 
0.20827684798396956 
0.20044461507913092 
0.2181056262993361 
0.20611574207452638 
0.2176294764888609 
0.2033382159775452 
0.20198236328236435 
0.19692885030818505 
0.20517795820704282 
0.20767946464355216 
0.19939690966307486 
0.2107316634045578 
0.21555756307798835 
0.2028397754973582 
0.20225486277036706 
0.1925447231079413 
0.20607602274634254 
0.1982193325308857 
0.22054460467019796 
0.19118366127693157 
0.20596798794069884 
0.20718574106415522 
0.19662531732320565 
0.21214364829528568 
0.20529808589619686 
0.20688756290086568 
0.20531136027561334 
0.202179346962099 
0.1985134418186446 
0.20916490880054958 
0.20143015642999235 
0.20826970423762028 
0.20795419605066273 
0.19799144958608955 
0.19651444674927615 
0.20631217226861676 
0.19410461696582854 
0.20877822689263767 
0.2098260598546504 
0.20576674472108328 
0.1993120527032518 
0.1990428549434761 
0.20392079427643145 
0.19455568847449486 
0.20893923252931448 
0.19746544219936568 
0.2048239788552116 
0.21177849840434274 
0.20593083465136222 
0.20084730294562705 
0.18662569250489408 
0.19942722741585978 
0.20035427185800553 
0.19470723674521737 
0.20077813000751804 
0.2094989525468193 
0.20451680292842564 
0.19695648253071782 
0.20174061271429586 
0.18637691067630727 
0.21616909792678596 
0.20254007426903248 
0.19415582577326482 
0.21275737828171948 
0.1936847723212875 
0.2017906146515937 
0.2122573027483536 
0.20011962745323297 
0.21006758367652048 
0.19893728644652306 
0.20053779133641933 
0.20805758988920317 
0.2010881067069359 
0.20210080938374675 
0.20466650032754824 
0.19661538323675357 
0.20287262183658483 
0.20469379049047862 
0.1948946105994921 
0.21386919778401825 
0.21032449724654026 
0.2083228229108844 
0.1980819166734794 
0.19623806726211193 
0.2134753064416417 
0.20850642663476188 
0.21069354626684436 
0.20830628588237474 
0.1987412419693314 
0.19013853935061206 
0.20840202947950134 
0.18698089676719817 
0.20119495173323523 
0.20570294189873595 
0.20381336227948174 
0.20451827305314174 
0.1976154315576234 
0.2080387709605528 
0.2057200693463475 
0.21504179470407295 
0.2070806348968951 
0.2007811857625881 
0.2085205450993568 
0.1968349124512447 
0.20100469285580758 
0.2007395679561803 
0.21009468970948034 
0.2056369610580967 
0.20298587456656872 
0.19915434400560555 
0.20334552339764048 
0.19524013297714599 
0.2003450775227121 
0.2084405892083753 
0.19812622375315792 
0.20608348171362786 
0.20649701494010003 
0.2071511930535132 
0.2037560505538135 
0.198938016249604 
0.19165010369105057 
0.20116192082889175 
0.21044296328340806 
0.20348966173645322 
0.2096369969394387 
0.20978082907326345 
0.20019793504342084 
0.2181420126110679 
0.20373800176680856 
0.20871318637861264 
0.2001870195615536 
0.19750054052554178 
0.197707377668218 
0.1974131456103308 
0.2050186314860261 
0.21076497023710739 
0.1798436308118819 
0.20305162938984225 
0.20206558645697817 
0.19808346045526387 
0.2009476623501685 
0.21171574927513453 
0.20442502018314163 
0.19890513099766519 
0.19754006797913068 
0.20707953285855268 
0.2086682866771853 
0.20831389716643123 
0.19540838587547463 
0.2060443376501621 
0.20454740390733564 
0.2033491684388537 
0.20961747703817185 
0.20886457555195626 
0.203916443526091 
0.20180932287836253 
0.20970249780464742 
0.19621896314802922 
0.20214076932806507 
0.21120987056691398 
0.214324932001225 
0.20961976497026352 
0.19783374097875683 
0.20974918171426585 
0.20529344768272384 
0.20353888719859392 
0.21073623466136415 
0.21065218553267923 
0.2214018909131662 
0.19403354468026526 
0.20261514716741394 
0.20108434021424365 
0.20212361430963918 
0.19553793662161037 
0.21296762762306914 
0.20399076146137393 
0.20611092981371645 
0.20809244309704836 
0.21135882701255446 
0.20635768595921655 
0.20222099897356466 
0.20201602996251133 
0.19155182229068457 
0.19346649924988216 
0.2074891139240772 
0.2025355584239982 
0.20364012647548033 
0.21170273408241078 
0.20902712271578303 
0.21012647624554792 
0.21021215604302126 
0.20153694485572998 
0.21235994454263535 
0.21631758752618516 
0.1963550635157414 
0.20417974951352832 
0.21485867471136325 
0.20461922725934642 
0.21099420416318684 
0.20323622246664072 
0.19815767134237677 
0.19388225814044086 
0.20204439295036455 
0.20610144009826267 
0.20708572462418984 
0.1917541050907469 
0.212658557309443 
0.2010886572188102 
0.20017757130795935 
0.2072146106409513 
0.21139385091657859 
0.20144404543012284 
0.19790611750416326 
0.20036941153765644 
0.19424739635901545 
0.19782600316981291 
0.1987212768938622 
0.2019129575434689 
0.2115966467424544 
0.22808279161821624 
0.20005157594184933 
0.20018852813171184 
0.20389767880716778 
0.18871033337602092 
0.20176873140739665 
0.20101339580024327 
0.18996387023748887 
0.2069318877179775 
0.20429205692876046 
0.21690211181437613 
0.20637945154692516 
0.2037424105660837 
0.2080638326037636 
0.20855019953825046 
0.20369748045134745 
0.21944451350163827 
0.2049806527339622 
0.20054184940847458 
0.2085816870315318 
0.20527178558910025 
0.2077370231983785 
0.21678496175477613 
0.20617798474985255 
0.19986483989196732 
0.21798656689209883 
0.20926208328230725 
0.20701905507274598 
0.19874526606445692 
0.20362290131394972 
0.19666898382376163 
0.2017521573597427 
0.20503686547676442 
0.2181181795443556 
0.2094300005539865 
0.21057032714682325 
0.197755589890433 
0.2097202520761521 
0.1968385407568574 
0.20078405663203153 
0.20624127408430373 
0.2120992406200812 
0.19528197001499945 
0.20294624116727544 
0.19796808322176707 
0.20146560262985833 
0.1946941972890519 
0.20931436830393302 
0.20203968970315425 
0.20636283671158978 
0.21232748469884988 
0.21265898306956296 
0.20402493132875402 
0.19150294694291145 
0.21017204872505166 
0.21456893235901292 
0.19206920313452722 
0.20132604495835676 
0.203342398259333 
0.20585759354391714 
0.2193500700864691 
0.20962993459864523 
0.2169184828592238 
0.1955822571817339 
0.20207991292872157 
0.21012771851994455 
0.2169814332804235 
0.19996845585057946 
0.20173347290990468 
0.19904298903410547 
0.1956008478985492 
0.19581508039220918 
0.19866955947016338 
0.21048219123777048 
0.21061707930389634 
0.20520325273010423 
0.21263231599062354 
0.20570771451834027 
0.20201358349029028 
0.20786110022893345 
0.20641255423626226 
0.19833029657036116 
0.20093027342430222 
0.19309380156224473 
0.19964267243131634 
0.1983395010870366 
0.19975272578332925 
0.1998928579034542 
0.19850425266946772 
0.2022228645620513 
0.21282469217726768 
0.20212769523978616 
0.20142576080753347 
0.20832146721229633 
0.2047879327405397 
0.20704542321032884 
0.1994819244315977 
0.20308630387976187 
0.18390101808659076 
0.20715575379760853 
0.21852681817415237 
0.1975230186119857 
0.20764629862762207 
0.20605856573433096 
0.20852907066200935 
0.21210926162393895 
0.20513338284850244 
0.19535034225177944 
0.19981075223877037 
0.20338005102758805 
0.20911065617098876 
0.21218608214456622 
0.2118942806340461 
0.1968428382942886 
0.22181253942483242 
