0.08820655686054775 
0.09463140445995491 
0.1038275274600137 
0.10459023694426614 
0.08906101737187684 
0.09225971691767103 
0.0926518788377616 
0.09862210444794081 
0.09444093487380555 
0.09946653095376481 
0.09438883930949721 
0.09007008574891365 
0.09646340477816916 
0.09116684019654554 
0.0956043307152019 
0.0902138916544641 
0.10208167201461711 
0.0992806530916605 
0.09958512115301514 
0.09674704290345475 
0.10063528008691998 
0.10023523291500126 
0.0957116685822786 
0.09825416655690475 
0.0958699293093782 
0.09793586941664927 
0.09832499408156824 
0.10003970507272088 
0.09099723026388076 
0.09728780835894474 
0.09801277260969422 
0.10287445959875817 
0.09952814802948357 
0.09203755309351411 
0.09398428913464622 
0.09426384011800151 
0.0969677678265462 
0.0897909542470792 
0.09019820770731629 
0.10232380724554331 
0.08878089873401107 
0.09628917612973939 
0.10390237898651082 
0.1049366105728488 
0.09617612739156445 
0.09594015556454133 
0.09650189973515313 
0.0919395551505477 
0.0972954245104194 
0.09189699563134694 
0.09956015336850292 
0.09803026272176103 
0.10027836695704495 
0.09621556049733003 
0.09750767390624514 
0.09366107484221436 
0.09938111326331243 
0.08954237789056418 
0.09763797669012268 
0.09694311315472282 
0.09347203855059562 
0.10274128717202209 
0.09955665097686521 
0.09640904938385078 
0.09985160579222878 
0.10012156663829098 
0.1057284898969949 
0.09036647459843773 
0.10200212051405096 
0.0979337384158523 
0.09887166988097981 
0.08872050065573725 
0.09492675771994923 
0.09490082692926415 
0.10414972431952871 
0.1035888937360438 
0.09110001372616393 
0.10071050004993547 
0.10184270407422753 
0.09474170088978447 
0.0992064192145116 
0.09877875442720642 
0.09410813737715198 
0.09529284577352692 
0.09956392694349026 
0.09845377333686316 
0.096871468484031 
0.10101893744518549 
0.09148063209642475 
0.09251252121968354 
0.09864664039622664 
0.09798110127732483 
0.10335671199967929 
0.09656519495083514 
0.09507373893684073 
0.09860822716809048 
0.09976947271841562 
0.09657264735047899 
0.10535403591430825 
0.08931457600071717 
0.10398879672819096 
0.09483749253374679 
0.10046016466665879 
0.09573841114132564 
0.09164769854965922 
0.0938014851604626 
0.09589893737730618 
0.0970171681346336 
0.09658071787321151 
0.09912851004948334 
0.10000481001730784 
0.09291339462175187 
0.10018826352530755 
0.10055409334786337 
0.09456429632296992 
0.0988894156963098 
0.10072805592493053 
0.09805739614329106 
0.0970506795945225 
0.09886257514774276 
0.1037682881169474 
0.09611062152981209 
0.10261632169033494 
0.10012351534385301 
0.09502983053499733 
0.09569568569830592 
0.10197810064058344 
0.09834370924007081 
0.10744279076354367 
0.09628151974756194 
0.10086268156731044 
0.09737168594868552 
0.09097604564137216 
0.0964953916824204 
0.09798035240896152 
0.08744320481843373 
0.09771545244913916 
0.09742903957013493 
0.10392075023768123 
0.09585528284261964 
0.09289115201112902 
0.10091791802635446 
0.0954495825118344 
0.10608822630048913 
0.0941864983416381 
0.09516991162455475 
0.09502947671924149 
0.10328153918241431 
0.10401907651148713 
0.10010572219816798 
0.0914857913169131 
0.09398673535644089 
0.0972396262620483 
0.10334221401883559 
0.09873045531932627 
0.093690334005138 
0.09488406732840912 
0.11153584795712236 
0.09470987932586653 
0.09737445264938051 
0.09475524536930953 
0.09337653272052956 
0.10167117277923839 
0.09826957286387854 
0.10021775373056464 
0.10325143029346688 
0.09376726699821247 
0.09189003045537465 
0.09810957711689687 
0.10130612662560914 
0.09777707152051084 
0.10174420764257862 
0.09244299764383432 
0.09344849215377397 
0.09666142367161609 
0.10508882342085124 
0.09144943060611856 
0.09101506587199054 
0.09957108497919558 
0.09128694164322776 
0.0975719457564438 
0.0924489789398258 
0.1004569461380724 
0.09749548115533815 
0.1011105044817142 
0.10559247892058932 
0.09327277339390219 
0.10019353246380187 
0.09922893617726163 
0.09175445994403067 
0.09677722284581913 
0.10484205176419299 
0.0975249652492477 
0.09554148112516822 
0.09992844948186405 
0.09772360747627573 
0.09812098242986743 
0.09538034779359378 
0.09794548418639246 
0.096746299314749 
0.09672733626341101 
0.1010127808046078 
0.09430398073924724 
0.0991790558403655 
0.09476092170292347 
0.0912984544751867 
0.10342585090510371 
0.09749972059518464 
0.09560359809059837 
0.09785099704252886 
0.09501781792580752 
0.09053796301932823 
0.09355633925967839 
0.10405845329408173 
0.09738465719103276 
0.10304740912318139 
0.10244959264797554 
0.09459080935866762 
0.08532375924865294 
0.09978735811561412 
0.0994515408834448 
0.09171694750619845 
0.09898454621329035 
0.10552664570095807 
0.09879800491484023 
0.0988913609105421 
0.09681715219416197 
0.09313129838586055 
0.10147154909268628 
0.10483676700222125 
0.10147090079274508 
0.09498741390851027 
0.09726824587585356 
0.09588823725099241 
0.10105163040334553 
0.09608922486022733 
0.09473156789002403 
0.0966641760082509 
0.10221674734783567 
0.10584429529515753 
0.09853977233161876 
0.10405548546369137 
0.08870974659853487 
0.09711767389721511 
0.09963548968996923 
0.10469158380312761 
0.09461985551598144 
0.09307767735507473 
0.09112704768707945 
0.08712467575314045 
0.09432239793199833 
0.10303747907012915 
0.10333456692859362 
0.09609921307082112 
0.10428996644366306 
0.0897190221533541 
0.09577275910861303 
0.09814410373473383 
0.10330860488115887 
0.09543077941719093 
0.09959685384559189 
0.09660523971761167 
0.09854847173354518 
0.10055096422980947 
0.08758520635797339 
0.09982462141878908 
0.0996212675048545 
0.09539132052375753 
0.09968559598583164 
0.09083952122255305 
0.09705052267757634 
0.0988509074801037 
0.10004877247102455 
0.10462638148148855 
0.09627373860730136 
0.09289719783608036 
0.09893212751285002 
0.09808911499747301 
0.09121360565712862 
0.10341824264424342 
0.09591213942078139 
0.09317515867201401 
0.09231772619576445 
0.10458538694549138 
0.09851396600948893 
0.10264395148779767 
0.09726510176345933 
0.09704400874832989 
0.09805365117691553 
0.09619242377273685 
0.0994004432642741 
0.09530625466968953 
0.09864401488563249 
0.09017121489583002 
0.09729982644514598 
0.09776049082566061 
0.10223062040565283 
0.09237186615897522 
0.09838870862288311 
0.09042890915539835 
0.10052526836378767 
0.10153497021367784 
0.09767773359760948 
0.09693996262712622 
0.09658037941021373 
0.10029654340594697 
0.09727189637635686 
0.09442988792508188 
0.09471429612916236 
0.0954946245315361 
0.09854613190936445 
0.10295935707504486 
0.09106957185961233 
0.10301743232365503 
0.09893622667132321 
0.10630225454802855 
0.09922718804506785 
0.10380224724380416 
0.09710346154145286 
0.09656376728849674 
0.09631142683009236 
0.09743233520088604 
0.10135538255852106 
0.09568177878890953 
0.09742558932002492 
0.0951468605919443 
0.09931988950022612 
0.09354113201204063 
0.09590923670869028 
0.09940472209979392 
0.09643710840795966 
0.09570167766891384 
0.09964128450723596 
0.09546557961999644 
0.10027389186276255 
0.09381488786493543 
0.10223130178770598 
0.10087945683632488 
0.09407478678335048 
0.10220205561906286 
0.1008264719910522 
0.10788697939715801 
0.10516609239932824 
0.09133782192165346 
0.08911745100975901 
0.10049715673344627 
0.09168162337902788 
0.09401781514162924 
0.10050928050514957 
0.10417728052131961 
0.0985085558268852 
0.09660772558722136 
0.10152390427473594 
0.09074276574529519 
0.09777331392204841 
0.09803226460506077 
0.09343594391110165 
0.09953106634341036 
0.09578766425931602 
0.09409231265147719 
0.10518473971979453 
0.09660673074257978 
0.09381835553197332 
0.09771583634424191 
0.09704251576267767 
0.10484739872222519 
0.09141426642923642 
0.09157886355841793 
0.09400510489702138 
0.09980099866858579 
0.09602788299619716 
0.09353886760117627 
0.09912275668271288 
0.09007133160581271 
0.08808779086582207 
0.0950074445855641 
0.09528120792383786 
0.08952549795544011 
0.09829148474381708 
0.1031446095262882 
0.09744715238063931 
0.09396700581405144 
0.1004144812588294 
0.09168414854075886 
0.09549043629172249 
0.09736563811849443 
0.09349141720705975 
0.08931076881620442 
0.08902667297960848 
0.09988262621254718 
0.09863684020677442 
0.09869031156048219 
0.0997867605645494 
0.10184745794006476 
0.0963896298826475 
0.10026956299632409 
0.10331778619611347 
0.09512975219453315 
0.09273313300012279 
0.09169760593607727 
0.09910346542250172 
0.10254681137748961 
0.09901294067746598 
0.09394033428991135 
0.10197495478102621 
0.09784989679038403 
0.09759445113080704 
0.09428371057458645 
0.08820366622037085 
0.09724015572523716 
0.09390875340984454 
0.0945802455692707 
0.09776976394843102 
0.0930480794219564 
0.10293463779950084 
0.09522399888856811 
0.09157666034342164 
0.09776960687714525 
0.09516866061210587 
0.0910509872386068 
0.09600768493761068 
0.09829829581337521 
0.10430592148894943 
0.09983847126919693 
0.09565690365825236 
0.0966952715424484 
0.09422021037197176 
0.0962684772679307 
0.09037514781714333 
0.09631235338073395 
0.09580611252837486 
0.09279569137352972 
0.09342784791924845 
0.09974976287044646 
0.1031616755678807 
0.09265119590199551 
0.10002683672887866 
0.09647623972527988 
0.09375189091985683 
0.09033494774853303 
0.09325695804581237 
0.09729447543146758 
0.09194672758328762 
0.09660591062733505 
0.09379190505235423 
0.10128309798129015 
0.09700266125452307 
0.08747734875093871 
0.0961568580494771 
0.09130359306087121 
0.09601364357267266 
0.09473855770854127 
0.09990845345007285 
0.09574484165199501 
0.0971962508940189 
0.09578904699282136 
0.09459050816923788 
0.10033929942869559 
0.09770362307321413 
0.09627925457116648 
0.10143978111359406 
0.092369814000622 
0.09718261900036339 
0.10271854489441733 
0.09379693472574849 
0.10548916527876108 
0.09382255647170966 
0.09766720324327773 
0.09731817867537434 
0.09097272415475631 
0.10583942037012516 
0.09517385871793467 
0.0974583669215072 
0.0963045913178054 
0.09586143655893825 
0.08994397008699206 
0.09663391716272922 
0.09364117255381112 
0.09411137685198293 
0.09990129779263883 
0.09520715259654139 
0.09131716857275762 
0.0969506258670295 
0.10112191729591516 
0.10831182646664321 
0.09885563491360191 
0.1005874172525158 
0.09313538400123106 
0.10376809936298852 
0.09783128001534429 
0.09927712974419144 
0.09630714548694624 
0.10194933541690362 
0.09733433768363008 
0.10105844873499868 
0.09074958625536814 
0.09105849258064067 
0.09965033705746307 
0.09614635253853587 
0.09520159908705149 
0.09887086499259296 
0.10001624639053953 
0.09537445382115635 
0.09796605478011781 
0.09766862531269595 
0.09764215830032992 
0.10116190176555545 
0.10578504810396815 
0.09063077808385508 
0.09544308913459712 
0.09623752306816004 
0.10035184524960178 
0.09463983603988767 
0.10321629645935436 
0.09173480935080668 
0.10139293909184821 
0.0929219004135804 
0.09874529489390117 
0.09696461543174524 
0.09606443364407266 
0.10117342445846488 
0.09920935618486848 
0.09205369944170749 
0.095811299475941 
0.1009112301337668 
0.08788257265869795 
0.09585558488173712 
0.09752211421725075 
0.10171131282688896 
0.09734144971330835 
0.09562672293176092 
0.10168402730319112 
0.09493530453034216 
0.10756429920433677 
0.10110235562329621 
0.09529553695272022 
0.09677990427219801 
0.09978427192179527 
0.09993438416659008 
0.09461096624207654 
0.09756809271659769 
0.09625028773871153 
0.09799710037896935 
0.08991156696578323 
0.09578258205962584 
0.10218583823812703 
0.10436830581801289 
0.09483594476197213 
0.09300420979114062 
0.0931240684798402 
0.09965404294082968 
0.1041036297084392 
0.10034054081943225 
0.10045962530351425 
0.10168202178728208 
0.09672523994660671 
0.09555238229621986 
0.10226620449738474 
0.10277706369090987 
0.10086649326282882 
0.09693294324963452 
0.0943201550946456 
0.10181848159631407 
0.10319107831727042 
0.10251094773811344 
0.097766545576082 
0.09387502137553463 
0.09244919976615591 
0.09436554168610936 
0.10201631398454875 
0.0889373337081179 
0.10118833999161822 
0.09706605061918228 
0.09602270696779337 
0.10732177951213911 
0.09639070499781942 
0.09857655015498704 
0.0959337319319672 
0.09988484613408241 
0.09258313219315513 
0.10580656118625736 
0.0892059418755798 
0.09954953014779232 
0.09500867563685733 
0.09808697574323916 
0.100334402536377 
0.09853011441624909 
0.0976604586072659 
0.1020339547150848 
0.09918995289879085 
0.09358453081333169 
0.09800099718267546 
0.09565404920934242 
0.09811191532959332 
0.09623288447681067 
0.09573177397923828 
0.0988008028566736 
0.1040275627483306 
0.09817455278934796 
0.09788112400968661 
0.09793185445775394 
0.09541196309411881 
0.09667855550467042 
0.10516652946005846 
0.09440433360467224 
0.09835469139252288 
0.10486669158280496 
0.0941189144217335 
0.09836423415825464 
0.09835228097471677 
0.0962072813509138 
0.10730392984967162 
0.10327860452836168 
0.09317838773268819 
0.10198449518048786 
0.10317512972045376 
0.09829193432368005 
0.0982737740654532 
0.10388778692590395 
0.09100297421165161 
0.09718609526064888 
0.10033536335279993 
0.10128856245154576 
0.10090149659285708 
0.09592563765722775 
0.09681758340237588 
0.0997306427932489 
0.09927296370720357 
0.1021747518801603 
0.09934232196756032 
0.09826683964114137 
0.09652516031032046 
0.0950326670432579 
0.09397767173976618 
0.10689717217297359 
0.09375476559401753 
0.09965635901061672 
0.0976842104251416 
0.09098413458503057 
0.09022756746475115 
0.10099325670795713 
0.10251037144545466 
0.09696752959262496 
0.09836531178963295 
0.10329821525253181 
0.09254401208583406 
0.09327834820284521 
0.09859398112948478 
0.09944334853992802 
0.09764150497797391 
0.10176429507077478 
0.0942421329413268 
0.09861868954024824 
0.086598292581435 
0.09566393981184976 
0.09797350632748396 
0.08882820675347984 
0.09775173607019444 
0.10350405564415079 
0.09981340210565885 
0.10010111252294668 
0.09606904786517334 
0.10119530466156701 
0.09386775464171795 
0.10532148245506079 
0.09649915171083971 
0.09151315160393503 
0.09604782267381709 
0.10086828271051672 
0.09844679266356651 
0.08872541314332404 
0.09481783807899377 
0.10088006927433275 
0.10059369927566979 
0.09623072967543642 
0.10105258238745214 
0.09750600089996714 
0.09645762601401726 
0.0927376374519666 
0.09403591602304089 
0.09408352266473628 
0.10047057304096349 
0.09259579414369745 
0.10175189743282016 
0.09069901446159917 
0.09950447362571391 
0.09598177546498722 
0.09877943898648842 
0.10749605137762644 
0.09574969560082121 
0.10032731540644878 
0.10095962598053863 
0.0940223073370528 
0.09803510641634205 
0.10086487984825947 
0.10301111158921313 
0.09694270649567684 
0.0906563381031009 
0.09814551276725789 
0.09386241820502413 
0.1024428003455956 
0.10228542954736414 
0.10466777205878713 
0.09229894629700915 
0.09782913130372174 
0.09960171698713886 
0.08838805135034836 
0.10104128725786063 
0.09646250086820661 
0.09236807685257573 
0.08908899701348925 
0.10287034432390053 
0.09517455978034935 
0.09629070287270089 
0.09064309467156498 
0.09444225371387632 
0.09414103335102027 
0.10930935045718328 
0.0915817130684246 
0.09437681142017958 
0.10377451741971293 
0.09895478615358792 
0.09529506746298702 
0.08998348455349878 
0.09891628216076695 
0.1040769914888089 
0.09467227159257298 
0.09902057798893359 
0.0955164462072323 
0.09272295383931335 
0.09777348118509589 
0.09515479071533467 
0.0892273836226978 
0.092102118086849 
0.09579999447907758 
0.09045796192529655 
0.09528793257826691 
0.09420813268558682 
0.10152358378055189 
0.10621654018765786 
0.09577173326078585 
0.1023476152530558 
0.09800188591953808 
0.09567546627379434 
0.0930981601251743 
0.08906237180615885 
0.10596228539225704 
0.09265233720973577 
0.1027713492155167 
0.10121365435194737 
0.09569216442315742 
0.0970543403296922 
0.09572742201740651 
0.09887697169414536 
0.09976012524136704 
0.10023773324804847 
0.09071379477002764 
0.0981449731882403 
0.09932257629295484 
0.10167714769998482 
0.0960073752610393 
0.0957937428599637 
0.10289114447563193 
0.0957566547886676 
0.10021646645653252 
0.09543195452364195 
0.10406378817611994 
0.09461527512337517 
0.09264205237773444 
0.09196483288770395 
0.09473835770497402 
0.0973893003053467 
0.10292634977214282 
0.08913500550228716 
0.10095727669195267 
0.10061551252738804 
0.09121348246933234 
0.09506953792823687 
0.09405320646161125 
0.09200087857922021 
0.0947033474384841 
0.098798391745142 
0.09342321766262002 
0.09828602632031329 
0.09976639596594936 
0.09400161083229684 
0.09644616465518782 
0.09381241960624878 
0.09265343917852366 
0.09690752867009388 
0.10231896386336045 
0.09144133115352288 
0.08840621825271526 
0.09696642495051337 
0.09685522796771845 
0.09579157096977685 
0.09587063492486896 
0.10934377121920472 
0.09785881236017083 
0.09749317110732088 
0.09273234163023468 
0.09565894175324724 
0.09938525856881816 
0.09763416918129712 
0.09746179335481577 
0.09425179750417871 
0.09263622202740761 
0.09296111273234255 
0.10033108319443794 
0.10161379179820763 
0.09803908124154191 
0.0971365273384232 
0.10189770566787305 
0.09599947352461571 
0.1080962677781366 
0.0950368244144806 
0.10860591954479111 
0.09872047827250098 
0.09273696855689366 
0.08513752313384543 
0.10187658156133493 
0.09538579825961278 
0.09399581848895476 
0.09222245215730629 
0.10279412477892459 
0.10764751643176798 
0.09551221078814377 
0.08799547725251092 
0.09742093630982877 
0.09679787988627978 
0.09836950306147747 
0.09633103204437067 
0.09291260945255439 
0.09379320622764153 
0.0875098503978014 
0.09455643299743163 
0.09865842374672804 
0.0959605489278198 
0.0975572606716102 
0.10031351425571669 
0.08941719689890805 
0.1006942137991573 
0.09538476764996626 
0.08640976235112392 
0.09704833987608288 
0.09456624578385979 
0.09347768364445223 
0.09422626751974278 
0.091104061794962 
0.09931318438637467 
0.0969297807210772 
0.09808998868966731 
0.09837684470189685 
0.10477072809783587 
0.09802959219029152 
0.09770496770730086 
0.10463202440561149 
0.10208885522398709 
0.1030798190583221 
0.09286346348734295 
0.09554884597657863 
0.10226793245443977 
0.10081226451936995 
0.09759730658329822 
0.09767008716319293 
0.09303682305029487 
0.09458352923150723 
0.0918503187135341 
0.09857631641462435 
0.09659289224279616 
0.09569678161932138 
0.09557108893869433 
0.09914128216655563 
0.10096181647495191 
0.10036554044858974 
0.09816206709437439 
0.09962282110550874 
0.09418825388091955 
0.09688776461344839 
0.09883836454954353 
0.09680571202166034 
0.09669321041940798 
0.09829039880668411 
0.09407523648958983 
0.0929903665782456 
0.0956118130218138 
0.09734480086381121 
0.09112054049671502 
0.09681323599533516 
0.09420764702740785 
0.09934779677739616 
0.0989697242249774 
0.09461815629725334 
0.09103440706813076 
0.09452317413273649 
0.09425511118919098 
0.09309040326454385 
0.1039033222585973 
0.1012219937464667 
0.09312575775999828 
0.09491867130718458 
0.09685192945441262 
0.09741912193340457 
0.09955368240652869 
0.09610833891263326 
0.10318658896093613 
0.10527567579851728 
0.08988090033543474 
0.09329841499136972 
0.0974275805651341 
0.10181156217677073 
0.1002176734769028 
0.10076752654741507 
0.10296632057374139 
0.09477603380950982 
0.09519631477361269 
0.09830207015000458 
0.09409390706523074 
0.09200515623189812 
0.09646538714266174 
0.10284172328185061 
0.10276037260114063 
0.09975487054547011 
0.10210359877726656 
0.09572932414769861 
0.09733368395210684 
0.09837376506204848 
0.09545127520918821 
0.09768064880788224 
0.09953269057898011 
0.09572377258671055 
0.10078971361579868 
0.10730492411837642 
0.10042913878312706 
0.1020411017791597 
0.10043349965928654 
0.09819392250594036 
0.09937225533401223 
0.09510117832908208 
0.09444383134244863 
0.0952194146632344 
0.0979314812964315 
0.09485568049951597 
0.09543733963139586 
0.09758285480014584 
0.08741140729252057 
0.10164227551490296 
0.10534305251313567 
0.10465256809179209 
0.09882062223712482 
0.0960399995742428 
0.10007572973672295 
0.10097194476181244 
0.09166102450378477 
0.09680846693189121 
0.09728521047939764 
0.09948416798493048 
0.0917244578079823 
0.09650671671542421 
0.09886084854484772 
0.10654143352923753 
0.09991542286330093 
0.09863036839955681 
0.09716908232639833 
0.09432119273993339 
0.09713919576503742 
0.10103787710447856 
0.09679695325767673 
0.10305476094733935 
0.09601617632120642 
0.10259511117884433 
0.10344115039766535 
0.10236201363449637 
0.09727232187816279 
0.10234566664207415 
0.09369380723028252 
0.09681228388633911 
0.09601602183791241 
0.09462536122404512 
0.10580637744756473 
0.09063923619540533 
0.09825110556330084 
0.09584281818652382 
0.10128788476966558 
0.09863760239108209 
0.09001149959930445 
0.10200003939158113 
0.1057119433701643 
0.10057982025358483 
0.09710887295824645 
0.09624720474461768 
0.09496379693522052 
0.09558462314553927 
0.09902690145696037 
0.09417717458668635 
0.10724359879529084 
0.0958022247263573 
0.09762906907633255 
0.0978699778785935 
0.09157414566681096 
