0.18419165954622702 
0.18352277603288575 
0.17123236805989106 
0.17477046041422095 
0.1830005896764623 
0.17325647363470803 
0.17927139281851706 
0.17200544917236577 
0.17962107350607015 
0.17564634091033807 
0.17809132726068916 
0.18102001663048298 
0.18064437366770977 
0.18713530502005415 
0.18680079170826344 
0.18679744078417845 
0.18436879096423733 
0.18329378958491563 
0.1785011439753089 
0.181704138250778 
0.17819899552545326 
0.1774802464938085 
0.17845014027507827 
0.18811352988472357 
0.1811560777488582 
0.1805670956732423 
0.18497911543112802 
0.17553024236695752 
0.1857579358090188 
0.1813402304513844 
0.182914651890748 
0.18043938264086928 
0.17864457357339303 
0.17668222939850764 
0.18483600627989147 
0.17464384639078115 
0.1717134914369355 
0.18242997274225878 
0.18319956243713872 
0.17079116253799645 
0.1864781485891302 
0.18668895421811998 
0.18111329218234742 
0.1796148826035128 
0.17631838079366732 
0.1755377349029187 
0.17705489390976106 
0.1900214942504929 
0.17502225486315187 
0.17652152141187605 
0.17730454390628153 
0.16984346035886685 
0.18313559852824665 
0.1799607623045302 
0.18359543183044458 
0.1802978209344169 
0.17674166235496216 
0.18153190056822457 
0.18498770013123433 
0.1703473877680679 
0.18705791908040875 
0.1741752355994289 
0.18408978958782765 
0.17806134395420836 
0.17208922309620706 
0.18543711867708157 
0.1781297620937152 
0.1725080670625413 
0.18277885872496408 
0.17716736735341748 
0.173462123311644 
0.1730828522990877 
0.17295275659412257 
0.1810079728469563 
0.17498618327366397 
0.1841407118528169 
0.17714001558743026 
0.17126136403156067 
0.17342393619610846 
0.17638868925437895 
0.17908549326151615 
0.17826712367151698 
0.1881773758673795 
0.17913308246605525 
0.18202870385279316 
0.17304626850526167 
0.1849739734815583 
0.16905760956891577 
0.18042881219014423 
0.1798995848782565 
0.17318874072443072 
0.17717522658837226 
0.17382489609279073 
0.1823557455746383 
0.18329889811625022 
0.17792064575713853 
0.18485538409912128 
0.17857297378015144 
0.1745060270495788 
0.18644864429009195 
0.1704753584570619 
0.1709822611258576 
0.18991541893759717 
0.17041787104235356 
0.18272667258476788 
0.18343999239078965 
0.18509568187422173 
0.1782860975355889 
0.17234993112769864 
0.18139354106688843 
0.17975516128668378 
0.17973765601009553 
0.18193055641619596 
0.17200314986975096 
0.18360147200274696 
0.17630558296506316 
0.17975670653747583 
0.17832684927379294 
0.18480585646028735 
0.16997198677809644 
0.1813306812901106 
0.1873796819029201 
0.17810053196002945 
0.17732325826027012 
0.1814682216762967 
0.1796947256209368 
0.18040046690463374 
0.17468450229926333 
0.18375428449132913 
0.17993537946682683 
0.17813377631523553 
0.17841107220918986 
0.1843651853946625 
0.18322769519908147 
0.18379106254991007 
0.18727470258587867 
0.17295226733721028 
0.1798506194090143 
0.1738973342195216 
0.1763350695558527 
0.18124859085337633 
0.18399316536869648 
0.17884740298020313 
0.17565020627261585 
0.17546284255678746 
0.18499856003029633 
0.19051101935800124 
0.17595722268371441 
0.17600337304533187 
0.17919240029187772 
0.18283634673169707 
0.1797891424516326 
0.17896841357896764 
0.17169344400078115 
0.17408416114540848 
0.18023531123788517 
0.17416487555133287 
0.1805351215759313 
0.17562930664321205 
0.18330404218787164 
0.18206849425509908 
0.18036560506914232 
0.17265647250128932 
0.1778031164490802 
0.18085862673604852 
0.18087239777104008 
0.17977618586163055 
0.18494105847308046 
0.17745243267124752 
0.18346839182033292 
0.17763801001869794 
0.18294788387831337 
0.1760521263620833 
0.1772554443337523 
0.18116294487036788 
0.1755004823036592 
0.18838230212579082 
0.1883744161923079 
0.17597277181149373 
0.1826221991893184 
0.17151298685062696 
0.18652265533308723 
0.17593731858293424 
0.17511434185921018 
0.17817900406585974 
0.1775755254454713 
0.17980023639384868 
0.1736183678630329 
0.17105269919176422 
0.17087888453488276 
0.1739500733713678 
0.1757257215918121 
0.17803291055062306 
0.18204144663235497 
0.18042815312003613 
0.17772537124056206 
0.1887785747561984 
0.17908064477769203 
0.18270444503019387 
0.17927603151765156 
0.18223422977298623 
0.1719923102410091 
0.1741686574139737 
0.18610930197410044 
0.18914344556903803 
0.1866904333488257 
0.1688220879539287 
0.17896411963629447 
0.18369733545856337 
0.19139483706052599 
0.18006546625637534 
0.18423040933713605 
0.18328292958671571 
0.17098406098394023 
0.17949717321216954 
0.17192631800228625 
0.1738743064947444 
0.18122002394944156 
0.19338381797989668 
0.18322693878269078 
0.18287621672157742 
0.187418199921793 
0.17598550044301192 
0.171827551203987 
0.17844661841776782 
0.17840176915852543 
0.18758916718043858 
0.17661253070499855 
0.1762499004020465 
0.17470840879782615 
0.17064203981885767 
0.17358673736347463 
0.18352760232784363 
0.17621654014582575 
0.1748396058322809 
0.17771604470767993 
0.17104823101468697 
0.18136152787111315 
0.1807927355238001 
0.17725242741948796 
0.18010831988204132 
0.1717723496278728 
0.1884753063373452 
0.17973232451923243 
0.18529415310312364 
0.17458250065718214 
0.18046800175533453 
0.1756449762655152 
0.18242713321826703 
0.18268397073444967 
0.16894904275630376 
0.18035718534860928 
0.1817598784147525 
0.16817970109731317 
0.1843979526687833 
0.1817629928421669 
0.18829652122262747 
0.17510147579971783 
0.1767250502338027 
0.17484799597553854 
0.18344823610267488 
0.18049717316075847 
0.1824029476752318 
0.1769689386320647 
0.178950787902989 
0.17641770977433144 
0.18198633076473023 
0.17982541595970772 
0.17953203093349301 
0.18677747584492777 
0.17409551155082154 
0.1749555799605256 
0.1725443650930791 
0.17650383660050406 
0.1747027256460578 
0.17733492314003899 
0.17742199974225414 
0.17900503882039434 
0.17743163153563304 
0.1828921764209339 
0.1770895057925444 
0.185312285158791 
0.16987074614718653 
0.17781868632421755 
0.17979455352412566 
0.19280610550474847 
0.18061614150711774 
0.17628889088388788 
0.183207793942506 
0.1799614491144831 
0.1774740612108822 
0.18548473824464218 
0.17500992331350818 
0.17960558247958094 
0.17998461986330358 
0.17406504173925702 
0.17822867784939506 
0.1811939642921614 
0.17388925964371968 
0.1784939588913226 
0.18027897215243224 
0.1733328944729335 
0.17362999924538858 
0.17869377087784255 
0.1728346996484547 
0.17707136828439662 
0.17618273977856258 
0.18021338066222414 
0.1841733572044506 
0.17422948957732487 
0.1847075281717759 
0.1853869850983248 
0.18192665629028737 
0.17126415722544686 
0.17977976723996128 
0.175951873584322 
0.17989084791787358 
0.17632792736824715 
0.188996724165977 
0.1805652098637249 
0.18803598271573255 
0.1828125003147177 
0.1774378306640643 
0.17377444808268405 
0.18207740691869853 
0.17924551982653564 
0.17415198834093 
0.17946467632003635 
0.1772631510370944 
0.18335980897400697 
0.17476529705888663 
0.17991187673282677 
0.19094856737843857 
0.18907997397154527 
0.1772799751373062 
0.18043557406295288 
0.17994756011298982 
0.18266132800478013 
0.182694780271741 
0.18587399434372903 
0.1863157973857652 
0.1748371204222947 
0.1790523136648311 
0.18604514047473364 
0.17808565519459513 
0.18054249115413779 
0.1776852069885683 
0.1742640727468732 
0.16682494985107182 
0.19141353940881914 
0.17283198670496755 
0.1800709939700876 
0.17567067937602532 
0.18032820380870412 
0.1806467601906595 
0.17925826525835814 
0.18254374055620504 
0.1781021158231923 
0.17916022814031116 
0.17897985641998174 
0.17089508425356228 
0.1699191367340596 
0.18113063591886822 
0.18168996063716497 
0.184842475667079 
0.18007892239058432 
0.17425152631744834 
0.1854798554153758 
0.18502792419644196 
0.1790522894905466 
0.1851238224139381 
0.1855939811677553 
0.1735781739951107 
0.18092511163655192 
0.177420558680006 
0.17894985607737784 
0.17906325729183384 
0.1808541678178787 
0.17591295751003125 
0.18062491879095274 
0.17551605176907123 
0.17691886475946703 
0.17879094094806877 
0.18913213913905613 
0.18097933773117747 
0.1785667792644033 
0.18211786512764983 
0.17644957886076165 
0.1727244277748774 
0.17989526293750838 
0.1739366789814907 
0.1773272380190673 
0.17509666457044776 
0.1826279151919342 
0.18006186538610863 
0.16520683996498753 
0.18412315704701207 
0.17606744539031513 
0.1819329218193182 
0.177609678334771 
0.1865146466721054 
0.18113203766559258 
0.1681481948983456 
0.1783163597045377 
0.18316547863173735 
0.18119647194263833 
0.17622072653738702 
0.17213738021991667 
0.18174034222591334 
0.1742219191437221 
0.177855154401021 
0.18458952505305043 
0.18470935037130776 
0.1839418870833361 
0.18207540963016916 
0.17766049135240075 
0.18060679336264102 
0.18202921027168845 
0.1838580182100099 
0.18037890723906574 
0.18422937150979432 
0.18726780988551028 
0.1798004679087949 
0.1837236192165778 
0.18176503322755033 
0.18119335183045837 
0.18734409744770114 
0.18124547709079358 
0.18715470178347401 
0.17924716466739218 
0.1762461069504864 
0.18043013349780368 
0.18495369604733794 
0.1811760976085899 
0.17404739221362478 
0.18084350732721216 
0.17462406480572348 
0.18619183880016782 
0.18811291212530365 
0.1849006867963955 
0.18275153209572464 
0.18404363344456962 
0.16900313161719324 
0.1777838097021265 
0.17465926906954032 
0.17585337727912753 
0.18782719018197344 
0.18171872303066436 
0.18284900928158346 
0.1769094478037281 
0.1867900849365597 
0.1822031371067578 
0.1731742290417572 
0.18099973044166087 
0.171794820765301 
0.17961731036348721 
0.18293463135246432 
0.18227166523078547 
0.18511443543766773 
0.1861954502440291 
0.1787407276200818 
0.17963041505369556 
0.18063751096868774 
0.18379821218342549 
0.18024718156884562 
0.18046703712441792 
0.18702801855898327 
0.17590206309539905 
0.1752392339695427 
0.18351694479778083 
0.17514623925955133 
0.18404120416340594 
0.18000649006737732 
0.19184875748313582 
0.18963473737029066 
0.18108073818197945 
0.183871611522689 
0.17979304085277958 
0.18555397170360666 
0.17747787937081863 
0.17572478082001322 
0.18474376071466772 
0.1776387280047594 
0.17569221634187526 
0.17905140055145072 
0.16451505519161036 
0.17383477463681485 
0.17724295267641002 
0.1790515350699047 
0.1788701998666978 
0.18048045466418325 
0.18324279690653422 
0.1814782075076627 
0.17809757928094072 
0.17407439654656576 
0.17871355535507086 
0.1780981342184656 
0.18089841055526004 
0.18464068548822368 
0.17508308620027302 
0.17837918998235694 
0.18113579194947962 
0.18743066141178175 
0.1823668167731857 
0.17595209852708996 
0.17685030482914488 
0.1805176605360916 
0.16727243556795163 
0.1830715933799518 
0.1753871295794656 
0.18082448017580816 
0.18627924790010023 
0.17941724395382755 
0.17734670167655006 
0.18353287375940658 
0.17712302858364776 
0.18697701668637826 
0.18438121273719882 
0.19064156391401896 
0.18540686900200756 
0.17377510555766199 
0.17897185171328034 
0.17273511240407 
0.17043618618342044 
0.18318040360780155 
0.18393755059857175 
0.18485509431615516 
0.1810220354495157 
0.18293107431505135 
0.1827866981736377 
0.18074498771575567 
0.1747012844325521 
0.1676320227655139 
0.16615975540510886 
0.17381671229412266 
0.17586708698304457 
0.184682110422003 
0.1764527721438091 
0.18041356785236465 
0.18356586124438043 
0.17528415817067508 
0.18392818702220207 
0.1872065259555539 
0.17784529175789354 
0.1816261654356252 
0.17273005458862137 
0.17241453632308262 
0.18047039945005208 
0.18194535185553187 
0.18282928981482607 
0.1872949257552069 
0.17634420965031883 
0.17832364576832177 
0.18908611073284964 
0.18165442528614797 
0.186150338040382 
0.1797754451956074 
0.17902418932812694 
0.17704441967160042 
0.17526662784219157 
0.19053224576768898 
0.17892558558223984 
0.18521571565179712 
0.1900890939934229 
0.1826096752346196 
0.1758191762064252 
0.1805355347198743 
0.1844856660729898 
0.1744577815233819 
0.18097054931648213 
0.1827582001129124 
0.19507350580499727 
0.1853910668345501 
0.17167017589469633 
0.17535657009692585 
0.16889055563786395 
0.1877765885904476 
0.17571704138654431 
0.17943125949055758 
0.18641569325996507 
0.17230212261174133 
0.1701866857561933 
0.17537324271963675 
0.17695121727695995 
0.18058881694029685 
0.17368154078000356 
0.1908745679045114 
0.1751094000560522 
0.1774731931257176 
0.18571487148839727 
0.18573919429981964 
0.1795799628151507 
0.17985932898122545 
0.17861658846379325 
0.1847143518221752 
0.1846222010186967 
0.18113973961796065 
0.18093749930648853 
0.17969048072831076 
0.1770493832381307 
0.18252486955490613 
0.18047131699705027 
0.1813377366026478 
0.17122472918838752 
0.17424813058285077 
0.17920774803739078 
0.176179823077067 
0.17663226904014576 
0.17006834668631998 
0.18671775459316692 
0.182110117255152 
0.16869625845541028 
0.17634919676037064 
0.1889597383355072 
0.1810302882345744 
0.18253933767163766 
0.17627710616562686 
0.17573299594881125 
0.17167334227680153 
0.18476828918039614 
0.18575390039797252 
0.17516844518390923 
0.1783107507092363 
0.18174802993548958 
0.18120946726297157 
0.17766492778435958 
0.1830151887685599 
0.17702816454021636 
0.17429923778651096 
0.18815581070880813 
0.1659589397167668 
0.1838036749162887 
0.18753239697777915 
0.17761903180803093 
0.17818201061162742 
0.17549372134676597 
0.171744927290869 
0.17831309401701723 
0.18185674873406812 
0.18083710240661613 
0.1805146608973167 
0.17482987236242062 
0.1800070721012499 
0.1698509477802433 
0.17750800004172568 
0.17592395949234646 
0.18245291859437157 
0.1800665922924762 
0.18224856613382362 
0.18142968038875065 
0.17744111383201225 
0.18405948860576507 
0.17774128707492573 
0.19840633376387898 
0.17771751156662824 
0.16676751136687065 
0.17652840017342636 
0.17959012799529084 
0.18387616230797413 
0.18150237325508758 
0.17757725191511306 
0.18356897184396168 
0.1792500456442642 
0.1802560897639652 
0.17618447583037253 
0.18313021569064228 
0.18119326682692585 
0.17034497732767284 
0.1708479240597244 
0.1798020928832625 
0.18289973423703912 
0.18139088928638944 
0.1792799710542696 
0.17542706232400762 
0.17843133997622249 
0.1770454720480048 
0.17751497567672309 
0.17567384378991738 
0.17276954003182707 
0.1869041199788736 
0.19253885780570465 
0.17577194649429395 
0.17807182594137497 
0.18073407109842105 
0.17113118686695916 
0.17288625027904442 
0.1849048759418288 
0.17447027336731052 
0.17006627650336667 
0.1722368637997767 
0.17200171071842754 
0.17197523652118288 
0.18273557771020407 
0.18498073288595052 
0.18260763316007111 
0.17768620992035433 
0.18388375159946005 
0.1843287609717926 
0.18341774832707752 
0.1889490043816489 
0.18482962965389277 
0.1718212840632526 
0.1761341044169955 
0.18965412713649973 
0.1819739767751396 
0.18134637304453702 
0.18438878865208133 
0.17271915577564162 
0.1750476109906237 
0.184544668864795 
0.1835374141723567 
0.18093911584732164 
0.1764916823329498 
0.18531144098635252 
0.18002341968820193 
0.17974986331114248 
0.17825390913000788 
0.1746293814293483 
0.18737756829140909 
0.18930261123529588 
0.17517812131360325 
0.1751997797178708 
0.1797832002118527 
0.18743918799893033 
0.1843048320035667 
0.17891200770189683 
0.18152933896897858 
0.18972047043540144 
0.1791856762196105 
0.17774234743182793 
0.1828821087476086 
0.17786751967729889 
0.17553637826964977 
0.17820418764060894 
0.18244566460780998 
0.18964942520829497 
0.1814551413906213 
0.1843764542174262 
0.18385288159073498 
0.17836598183751853 
0.18708791955056897 
0.1874411119547839 
0.18103915265516085 
0.18362237449768506 
0.17859629384384254 
0.17384088230279632 
0.1738779875251292 
0.17476848203403136 
0.18345414716661776 
0.17504060230865068 
0.18740013963306879 
0.1735688351956512 
0.17539022776883129 
0.17725154164868576 
0.18367936423729722 
0.17333805013742842 
0.17984976328093416 
0.1807058235198944 
0.16994303377557504 
0.17182360410983138 
0.1788481555155518 
0.17823359043248482 
0.18092360518905012 
0.18096037308582935 
0.17490919339618025 
0.17282170556557733 
0.17155257399824897 
0.17956031845436565 
0.18116374075938912 
0.18452336285339374 
0.1813779791080628 
0.18153195874670175 
0.1752981046880883 
0.18062772323048848 
0.174571944798171 
0.17424508004014422 
0.17971107194794886 
0.18836943065315376 
0.1871746178708953 
0.1823533328883729 
0.18413712751237746 
0.17377554082810573 
0.1811078214838253 
0.1804332369041835 
0.1854683376948812 
0.18131748058396743 
0.19486997843400278 
0.18588111426807505 
0.1704853392656048 
0.1697889104182256 
0.17761863477618606 
0.18190971702605077 
0.1866630077271217 
0.16980139150892168 
0.18011203796784386 
0.18362730113423195 
0.18826922267186302 
0.18057361798751417 
0.19031890129556234 
0.182705590734481 
0.18440200344611132 
0.17763982551818716 
0.18408255065041135 
0.17836930656402583 
0.1799289604481347 
0.1839407561149698 
0.18083365165411766 
0.18198646180871847 
0.18211829492227669 
0.17735224893885373 
0.19083493855442402 
0.17902257154643986 
0.16968345803726184 
0.18387564314942265 
0.17669125996832777 
0.18709105226842151 
0.17197164208446386 
0.19061084152646796 
0.18229222331223327 
0.1858981473173425 
0.1738845711741445 
0.1801960008902983 
0.1798524239204378 
0.17734517042492443 
0.17106005020651915 
0.17996856038965603 
0.17222511902683169 
0.18308260558408093 
0.1776837854940702 
0.1829158416006236 
0.1825767235727839 
0.1771620393882377 
0.18625233166868338 
0.18855424242046348 
0.18523799620476886 
0.18213869869066315 
0.175789050271364 
0.17612900261538822 
0.181563139463624 
0.17828876373507047 
0.18398900864657755 
0.179739109643537 
0.17583056677798575 
0.1842336128808679 
0.17443685444898727 
0.18549255240517853 
0.17408625272445374 
0.18705256975989726 
0.17681951166632495 
0.17622348284433415 
0.17492699452050045 
0.18464084177029652 
0.17593451490815065 
0.17250176831124026 
0.1754615999695011 
0.17532285699508424 
0.18117763314179972 
0.17648814323849557 
0.16710113245406924 
0.17127644677519036 
0.17840009697319753 
0.18099175512779705 
0.17890006525176652 
0.1831252834861539 
0.17451292981817174 
0.1928299733160609 
0.182292939081441 
0.19096360662332942 
0.1789624171578654 
0.17908559067816388 
0.17573842016771787 
0.17649190107937215 
0.17579164181686346 
0.17520028761236373 
0.18374295421200465 
0.1728382277115533 
0.1781821909268936 
0.1858574405445326 
0.18698739165776007 
0.184922020733477 
0.1841027787348276 
0.1833023256574214 
0.17507408251566534 
0.1809619855010135 
0.17980745295947226 
0.17857343394342312 
0.18214435428258868 
0.1860523423282424 
0.17425442876737854 
0.18778426884946037 
0.1775857025019718 
0.18417433331125738 
0.1831270698268644 
0.1797787951858589 
0.17660108686630782 
0.18497273392756394 
0.17890500129398285 
0.18269252957832405 
0.1713876330956948 
0.17803754682734926 
0.18003923006364494 
0.17387722066323844 
0.18105784813740372 
0.1817871215376212 
0.18635849358926862 
0.17397801258184661 
0.1808340701748984 
0.17642376285113448 
0.1823208659839632 
0.17903509850184474 
0.16959134039196158 
0.171234097082844 
0.17843401740829318 
0.1824925788281645 
0.1814482784982029 
0.18198041579409296 
0.1892248645903966 
0.18103343057142202 
0.17306120850576232 
0.1748252570633263 
0.17100872914872337 
0.16921261971466076 
0.1849702025028098 
0.17456661264502893 
0.17563468954816755 
0.1825921534031809 
0.17712002175843433 
0.1748625423522512 
0.1769147274132105 
0.18975217503595243 
0.1830762631762637 
0.1829592720536029 
0.17216235536547267 
0.18549507321769088 
0.17909626454080038 
0.17784054078647385 
0.18058394980273804 
0.182436072446264 
0.1837734549946868 
0.1719948843977803 
0.17700393101890083 
0.1878969949736855 
0.1773948307481585 
0.17626597831016574 
0.17384715479926746 
0.17803233622867942 
0.1760940967702612 
0.17564882658530923 
0.17941589586347392 
0.18128223614638303 
0.17041686712996232 
0.16364929069704498 
0.17811652230100708 
0.18645292959200466 
0.17921538151626584 
0.17820533475984437 
0.1775527062283084 
0.18420253823300675 
0.18461236053676047 
0.1810609250000557 
0.17106295046017286 
0.1747056706072768 
0.17465599943778393 
0.17875705536860081 
0.18032047349152922 
0.17466366596299157 
0.17767343127574367 
0.18376555046394555 
0.1818879344158527 
0.17891076226205072 
0.16972936063075106 
0.17782948326514597 
0.17796334267945177 
0.17554201381147555 
0.18027909016086255 
0.17843471781645126 
0.18546371741530915 
0.18592566348987422 
0.1726586092421821 
0.17712041685640662 
0.1860798128862631 
0.18621510603159247 
0.18086988653312583 
0.18120726856427885 
0.17204779685163651 
0.17569394162458365 
0.1850505882008829 
0.17267230145237916 
0.17723242293442668 
0.17453750029673484 
0.175725458635384 
0.18261672438812535 
0.18184423242055556 
0.18444074842402186 
0.18521717345266636 
0.1793345814912217 
0.18165895838258833 
0.1788136986620756 
0.1843005865688522 
0.18293874134309215 
