0.7798594847775175 0.48344370860927155 0.8821695760598504  
0.8034825870646766 0.5460992907801419 0.8608907870652837  
0.8126463700234192 0.5095541401273885 0.867334167709637  
0.7833333333333333 0.5481481481481482 0.8574062692071297  
0.8041958041958042 0.5151515151515151 0.8673658235657001  
0.824390243902439 0.6090225563909775 0.8590604026845637  
0.8226221079691517 0.5032258064516129 0.8669108669108669  
0.8461538461538461 0.5724137931034483 0.863855421686747  
0.8 0.5459770114942529 0.8746851385390428  
0.8060453400503779 0.5279503105590062 0.8608374384236454  
0.7756563245823389 0.5586206896551724 0.8702101359703337  
0.8080808080808081 0.5398773006134969 0.8699938385705484  
0.7807486631016043 0.5333333333333333 0.8702928870292888  
0.8129496402877698 0.4927536231884058 0.8709280885064536  
0.7979002624671916 0.496551724137931 0.8592995169082126  
0.8363636363636363 0.5192307692307693 0.8531383302864107  
0.7845433255269321 0.5302013422818792 0.8692403486924035  
0.7920792079207921 0.45751633986928103 0.8713846153846154  
0.8164893617021277 0.44370860927152317 0.8422960725075529  
0.7926829268292683 0.6379310344827587 0.8611111111111112  
0.78 0.4935897435897436 0.8696186961869619  
0.7845433255269321 0.5611510791366906 0.8719059405940595  
0.7684964200477327 0.5957446808510638 0.874845869297164  
0.7932816537467701 0.46153846153846156 0.8704600484261501  
0.828009828009828 0.5447761194029851 0.8689823278488726  
0.8161764705882353 0.6095238095238096 0.8627920910724985  
0.7892156862745098 0.5214285714285715 0.8623011015911872  
0.7942583732057417 0.55 0.8596059113300493  
0.8059360730593608 0.543046357615894 0.871939736346516  
0.8264058679706602 0.5223880597014925 0.8700427089688835  
0.7788697788697788 0.5491803278688525 0.8620689655172413  
0.7610837438423645 0.5314685314685315 0.8665033680342927  
0.8038277511961722 0.5283018867924528 0.8629283489096573  
0.782608695652174 0.6183206106870229 0.8668295662797801  
0.835820895522388 0.5957446808510638 0.8596705308114704  
0.7905236907730673 0.49645390070921985 0.8725609756097561  
0.8066825775656324 0.5126582278481012 0.8834890965732087  
0.8020304568527918 0.6129032258064516 0.8551682692307693  
0.8010335917312662 0.5984251968503937 0.8633093525179856  
0.8168316831683168 0.5307692307692308 0.8622572815533981  
0.7623529411764706 0.5461538461538461 0.8660110633066994  
0.7885985748218527 0.4652777777777778 0.8818800247371676  
0.7981438515081206 0.5853658536585366 0.8648648648648649  
0.7807606263982103 0.6115702479338843 0.8698884758364313  
0.7985611510791367 0.5882352941176471 0.8717004297114794  
0.7661691542288557 0.5294117647058824 0.8570559610705596  
0.7897196261682243 0.5151515151515151 0.8760226557583386  
0.8350515463917526 0.5419354838709678 0.849908480780964  
0.7798165137614679 0.5 0.8629536921151439  
0.7725118483412322 0.5740740740740741 0.851089588377724  
0.7928388746803069 0.5564516129032258 0.8560287942411517  
0.8014705882352942 0.5546218487394958 0.8507552870090634  
0.7990543735224587 0.5172413793103449 0.8667905824039653  
0.8 0.5104895104895105 0.8673899939722725  
0.8103448275862069 0.6118421052631579 0.8706896551724138  
0.7935779816513762 0.49624060150375937 0.879727216367018  
0.8052631578947368 0.5562913907284768 0.8709872804360993  
0.8037383177570093 0.5467625899280576 0.8526315789473684  
0.8010204081632653 0.5664335664335665 0.8676381299332119  
0.7960687960687961 0.49056603773584906 0.8756188118811881  
0.766109785202864 0.4772727272727273 0.8796471329552615  
0.7602905569007264 0.5441176470588235 0.8597672994488671  
0.8018867924528302 0.4485294117647059 0.8637484586929717  
0.7939698492462312 0.5422535211267606 0.8654080389768575  
0.7877358490566038 0.5538461538461539 0.8642506142506142  
0.797979797979798 0.5785714285714286 0.8535844471445929  
0.7984496124031008 0.5891472868217055 0.8565426170468188  
0.8257372654155496 0.609375 0.8530636525877454  
0.7858880778588808 0.5328947368421053 0.8678196417541693  
0.7938388625592417 0.5454545454545454 0.8667076167076168  
0.8125 0.5205479452054794 0.8691931540342298  
0.8117647058823529 0.5172413793103449 0.8759305210918115  
0.7289293849658315 0.5859375 0.8712074303405573  
0.7757437070938215 0.5068493150684932 0.858036272670419  
0.7878048780487805 0.4900662251655629 0.8519432449105491  
0.7737226277372263 0.5 0.8781538461538462  
0.7858823529411765 0.6183206106870229 0.8671586715867159  
0.7453703703703703 0.5507246376811594 0.8660049627791563  
0.8089005235602095 0.5826771653543307 0.8511655708308428  
0.8123456790123457 0.5538461538461539 0.8542805100182149  
0.7249417249417249 0.48299319727891155 0.8524283935242839  
0.811704834605598 0.4853801169590643 0.8646477132262052  
0.816793893129771 0.5684931506849316 0.8545343883140597  
0.7914691943127962 0.5034013605442177 0.8617482951022939  
0.8255813953488372 0.4900662251655629 0.8707058088694566  
0.7824933687002652 0.5310344827586206 0.8620481927710844  
0.7775229357798165 0.5328947368421053 0.863237139272271  
0.7806603773584906 0.4652777777777778 0.8587360594795539  
0.8062015503875969 0.5923076923076923 0.8666666666666667  
0.8193384223918575 0.5423728813559322 0.8599640933572711  
0.8103448275862069 0.6148148148148148 0.8628884826325411  
0.7444444444444445 0.6140350877192983 0.8689740420271941  
0.7738095238095238 0.4596774193548387 0.8650793650793651  
0.7777777777777778 0.5 0.8634978671541743  
0.8056872037914692 0.5522388059701493 0.8659286592865929  
0.8426395939086294 0.5954198473282443 0.8569704284852142  
0.7864077669902912 0.5138888888888888 0.8634686346863468  
0.8120481927710843 0.5578231292517006 0.8722222222222222  
0.8081534772182254 0.5441176470588235 0.8661755678330264  
0.8312655086848635 0.5563380281690141 0.851557727550397  
0.8142493638676844 0.5428571428571428 0.8580958156458459  
0.8186046511627907 0.5374149659863946 0.8610591900311526  
0.821522309711286 0.5064102564102564 0.8595744680851064  
0.7733333333333333 0.6119402985074627 0.8704630788485607  
0.8217821782178217 0.54 0.8734643734643734  
0.8025 0.5163398692810458 0.8784530386740331  
0.773936170212766 0.5238095238095238 0.8577380952380952  
0.811704834605598 0.5063291139240507 0.8614347026364194  
0.7759433962264151 0.5608108108108109 0.8664596273291926  
0.7865707434052758 0.5277777777777778 0.863664404688464  
0.8091603053435115 0.5379310344827586 0.8698296836982968  
0.8043478260869565 0.5899280575539568 0.860036832412523  
0.820580474934037 0.55 0.8767288033674083  
0.8126463700234192 0.5234375 0.8629379225568531  
0.76431718061674 0.6120689655172413 0.8765508684863523  
0.7746478873239436 0.4657534246575342 0.8757763975155279  
0.8317307692307693 0.5801526717557252 0.8599388379204893  
0.8074074074074075 0.5466666666666666 0.8740012292563  
0.7489082969432315 0.5428571428571428 0.8642676767676768  
0.7930174563591023 0.5673758865248227 0.8579268292682927  
0.7863849765258216 0.5694444444444444 0.8672456575682382  
0.7923627684964201 0.5970149253731343 0.8649478207489257  
0.8205128205128205 0.528169014084507 0.8612121212121212  
0.7994987468671679 0.5039370078740157 0.8659420289855072  
0.7584541062801933 0.5416666666666666 0.878125  
0.7989949748743719 0.5035460992907801 0.8581862446743761  
0.8067632850241546 0.5703703703703704 0.8775260257195346  
0.7882653061224489 0.554140127388535 0.8714023270055113  
0.8009478672985783 0.6171875 0.8486519607843137  
0.7685185185185185 0.6050420168067226 0.871244635193133  
0.8418491484184915 0.577922077922078 0.8726035868893012  
0.7911547911547911 0.5447154471544715 0.8601694915254238  
0.7877358490566038 0.5669291338582677 0.8657265481299816  
0.8078817733990148 0.5428571428571428 0.8655256723716381  
0.828009828009828 0.5179856115107914 0.867359413202934  
0.7965686274509803 0.6178861788617886 0.8540278619018776  
0.7975 0.49171270718232046 0.8700811992504685  
0.7677725118483413 0.5 0.8667496886674969  
0.8062953995157385 0.538961038961039 0.8625386996904024  
0.8067632850241546 0.5165562913907285 0.8620902906617193  
0.8014888337468983 0.5789473684210527 0.8633049817739976  
0.754257907542579 0.4523809523809524 0.868995633187773  
0.7799043062200957 0.5769230769230769 0.8629130966952264  
0.805 0.5068493150684932 0.8606356968215159  
0.7928571428571428 0.53125 0.8555691554467564  
0.7788697788697788 0.5032258064516129 0.8641975308641975  
0.7976190476190477 0.5441176470588235 0.8616236162361623  
0.7950617283950617 0.475177304964539 0.8649144254278729  
0.805045871559633 0.5140845070422535 0.8728179551122195  
0.8257756563245824 0.5359477124183006 0.8782608695652174  
0.8418230563002681 0.5971223021582733 0.855688622754491  
0.7825 0.6102941176470589 0.8645200486026732  
0.8381642512077294 0.4716981132075472 0.8620261031696707  
0.785024154589372 0.6041666666666666 0.8817733990147784  
0.8096446700507615 0.5894039735099338 0.8656078191814295  
0.8153409090909091 0.51875 0.8664670658682635  
0.8079800498753117 0.46296296296296297 0.865348980852378  
0.7723004694835681 0.5328467153284672 0.8672019765287214  
0.7733990147783252 0.5673758865248227 0.8782874617737003  
0.7596153846153846 0.5070422535211268 0.874384236453202  
0.8301435406698564 0.5112781954887218 0.8645003065603925  
0.8091397849462365 0.632 0.8451038575667655  
0.8090452261306532 0.5367647058823529 0.8731796116504854  
0.7967667436489607 0.5625 0.8710280373831776  
0.7995226730310262 0.5165562913907285 0.869727047146402  
0.8275 0.5151515151515151 0.8478787878787879  
0.7958115183246073 0.5538461538461539 0.8550898203592814  
0.7671568627450981 0.5785714285714286 0.879436964504284  
0.7741935483870968 0.5144927536231884 0.8641072516758075  
0.7883211678832117 0.5109489051094891 0.8616891064871481  
0.8337349397590361 0.538961038961039 0.856788592684439  
0.7787810383747178 0.48872180451127817 0.8655043586550436  
0.767337807606264 0.5069444444444444 0.8573224387177876  
0.7878787878787878 0.5107913669064749 0.8754646840148699  
0.7711670480549199 0.5132743362831859 0.866421568627451  
0.8194774346793349 0.5555555555555556 0.8425584255842559  
0.7995110024449877 0.5126582278481012 0.8656346749226006  
0.7959183673469388 0.5681818181818182 0.8707271597265382  
0.8255528255528255 0.48226950354609927 0.8616891064871481  
0.8325 0.5436241610738255 0.8432333129210043  
0.8088235294117647 0.5067567567567568 0.8610086100861009  
0.8056872037914692 0.5112781954887218 0.8567916410571604  
0.8346055979643766 0.5 0.8588734100545125  
0.7911227154046997 0.47019867549668876 0.8592233009708737  
0.828978622327791 0.5354330708661418 0.868421052631579  
0.8061224489795918 0.532258064516129 0.858343337334934  
0.78125 0.5597014925373134 0.8725490196078431  
0.7975609756097561 0.5068493150684932 0.8677736777367774  
0.8123569794050344 0.5 0.8618957940991839  
0.7884187082405345 0.5256410256410257 0.865567533291059  
0.8135198135198135 0.5116279069767442 0.8737684729064039  
0.8208955223880597 0.475177304964539 0.8492983526540574  
0.7704918032786885 0.5032258064516129 0.86625  
0.7919621749408984 0.5703703703703704 0.8657635467980296  
0.7947368421052632 0.5428571428571428 0.8676293622141997  
0.8029925187032418 0.5275590551181102 0.8512696493349455  
0.8227848101265823 0.49645390070921985 0.8584447144592953  
0.734065934065934 0.5275590551181102 0.88  
0.7976190476190477 0.5063291139240507 0.864713216957606  
0.7961630695443646 0.5214723926380368 0.8670411985018727  
0.7984293193717278 0.5416666666666666 0.8672619047619048  
0.8009153318077803 0.5034965034965035 0.8689138576779026  
0.819371727748691 0.5734265734265734 0.8551599275799638  
0.8028169014084507 0.5777777777777777 0.8599629858112277  
0.7694117647058824 0.43609022556390975 0.8602216748768473  
0.7933333333333333 0.5289855072463768 0.8801756587202008  
0.7885057471264367 0.6451612903225806 0.8693776956253851  
0.7930232558139535 0.5869565217391305 0.8680297397769516  
0.8155339805825242 0.5234899328859061 0.8723010487353485  
0.7893462469733656 0.6187050359712231 0.8650306748466258  
0.8409090909090909 0.5133333333333333 0.8557457212713936  
0.7811059907834101 0.5909090909090909 0.8558168316831684  
0.8546365914786967 0.5594405594405595 0.8560975609756097  
0.7844036697247706 0.5031446540880503 0.872715816005041  
0.7899543378995434 0.5371900826446281 0.8595194085027726  
0.8121951219512196 0.5094339622641509 0.8636081835089895  
0.7931034482758621 0.5289855072463768 0.8682411435674332  
0.8313253012048193 0.5 0.863664404688464  
0.8353221957040573 0.5483870967741935 0.8575870646766169  
0.8206388206388207 0.572463768115942 0.8649969456322542  
0.780045351473923 0.5486111111111112 0.8728866624921728  
0.8173302107728337 0.5064935064935064 0.8775765146783261  
0.7732696897374701 0.4716981132075472 0.8734413965087282  
0.7881773399014779 0.5714285714285714 0.8569696969696969  
0.7925 0.5460526315789473 0.8631901840490798  
0.7885572139303483 0.5283018867924528 0.8679827267119062  
0.8063725490196079 0.42748091603053434 0.8612294583079733  
0.7788235294117647 0.5588235294117647 0.8741517581739667  
0.7688679245283019 0.5070422535211268 0.8681930693069307  
0.7761904761904762 0.5565217391304348 0.8506375227686703  
0.7949308755760369 0.5153374233128835 0.8637223974763407  
0.785024154589372 0.47904191616766467 0.872579637726421  
0.8157248157248157 0.572463768115942 0.853390348197923  
0.7957244655581948 0.4805194805194805 0.8718108276291225  
0.7863849765258216 0.4928571428571429 0.864480198019802  
0.7986725663716814 0.5158730158730159 0.8721945137157108  
0.8079800498753117 0.5714285714285714 0.8646844660194175  
0.7572115384615384 0.5211267605633803 0.8676108374384236  
0.7858719646799117 0.5328947368421053 0.8782498414711477  
0.8102189781021898 0.5030674846625767 0.8725124378109452  
0.7873303167420814 0.4875 0.8727848101265823  
0.8137254901960784 0.5753424657534246 0.8630221130221131  
0.7359413202933985 0.6136363636363636 0.8549664838513101  
0.7885572139303483 0.4634146341463415 0.8737623762376238  
0.7864077669902912 0.5405405405405406 0.8643649815043156  
0.7737556561085973 0.4968152866242038 0.8837650031585597  
0.7893518518518519 0.5555555555555556 0.8719211822660099  
0.8072289156626506 0.5182481751824818 0.8613496932515338  
0.7846534653465347 0.5214285714285715 0.86996336996337  
0.7865429234338747 0.4888888888888889 0.8632425742574258  
0.8147208121827412 0.5483870967741935 0.8617788461538461  
0.7931873479318735 0.5657894736842105 0.8641136504014824  
0.7816377171215881 0.48148148148148145 0.8701298701298701  
0.7869674185463659 0.6033057851239669 0.8549939831528279  
0.8213333333333334 0.5109489051094891 0.8574850299401198  
0.773067331670823 0.5652173913043478 0.8673158855751674  
0.8086124401913876 0.5436241610738255 0.8594427244582044  
0.7867647058823529 0.5454545454545454 0.8587088915956151  
0.7818181818181819 0.4550898203592814 0.8638036809815951  
0.7946210268948656 0.5546875 0.8626139817629179  
0.8423772609819121 0.487012987012987 0.8610603290676416  
0.8044554455445545 0.5096774193548387 0.878003696857671  
0.7878787878787878 0.5666666666666667 0.8517406962785115  
0.7960199004975125 0.5333333333333333 0.8625766871165644  
0.8059701492537313 0.6372549019607843 0.8599523241954709  
0.8248730964467005 0.5140845070422535 0.8614823815309842  
0.7757009345794392 0.524822695035461 0.8580285182889027  
0.7918660287081339 0.5205479452054794 0.8634116192830655  
0.8042328042328042 0.6260162601626016 0.8566329565734682  
0.8284182305630027 0.54 0.861965039180229  
0.8078817733990148 0.5511811023622047 0.8593086719223771  
0.7580246913580246 0.4936708860759494 0.8678196417541693  
0.7971698113207547 0.5547445255474452 0.8685996298581122  
0.7668997668997669 0.5692307692307692 0.8706099815157117  
0.7911547911547911 0.6083916083916084 0.8756127450980392  
0.7655172413793103 0.5620437956204379 0.8708074534161491  
0.8078817733990148 0.6564885496183206 0.8577507598784194  
0.8098958333333334 0.46835443037974683 0.8567073170731707  
0.800982800982801 0.5 0.8766274023558587  
0.7947368421052632 0.5103448275862069 0.8630054315027158  
0.7911832946635731 0.49079754601226994 0.878463476070529  
0.8175 0.5984251968503937 0.8586102719033233  
0.8026315789473685 0.4779874213836478 0.8648813146682898  
0.8097560975609757 0.5172413793103449 0.8610940381069453  
0.7990543735224587 0.55 0.8610253242742434  
0.7690631808278867 0.5238095238095238 0.873730964467005  
0.7886977886977887 0.5555555555555556 0.8573170731707317  
0.8271604938271605 0.5436241610738255 0.855036855036855  
0.7699530516431925 0.5894039735099338 0.8753894080996885  
0.8373205741626795 0.52 0.8711276332094176  
0.7977011494252874 0.5757575757575758 0.8767801857585139  
0.8199513381995134 0.5407407407407407 0.8606356968215159  
0.7954545454545454 0.527027027027027 0.8682559598494354  
0.7890995260663507 0.6028368794326241 0.8597899938233478  
0.8163265306122449 0.6153846153846154 0.8530120481927711  
0.7827102803738317 0.5208333333333334 0.8763975155279503  
0.8364928909952607 0.5217391304347826 0.8699136868064118  
0.7820823244552058 0.5211267605633803 0.8678549477566072  
0.832 0.5793103448275863 0.865222623345367  
0.7799043062200957 0.5378787878787878 0.8658088235294118  
0.7962085308056872 0.48951048951048953 0.8515769944341373  
0.7962085308056872 0.6014492753623188 0.8674475955610358  
0.823960880195599 0.5233644859813084 0.8535414165666266  
0.7876543209876543 0.5103448275862069 0.8609068627450981  
0.8014705882352942 0.5189873417721519 0.875  
0.7642679900744417 0.5345911949685535 0.8734567901234568  
0.7846534653465347 0.48125 0.8720642768850433  
0.7936893203883495 0.5306122448979592 0.8773875539125077  
0.766497461928934 0.5027624309392266 0.8705662725575607  
0.8083538083538083 0.6031746031746031 0.8568829593693147  
0.7855421686746988 0.5333333333333333 0.8577612863327149  
0.7925531914893617 0.4968152866242038 0.8611279563371741  
0.7753086419753087 0.5061728395061729 0.8761609907120743  
0.8197530864197531 0.5271317829457365 0.8604368932038835  
0.818639798488665 0.5328467153284672 0.8555825242718447  
0.8111888111888111 0.5083333333333333 0.8714023270055113  
0.7938931297709924 0.5165562913907285 0.86996336996337  
0.7754137115839244 0.48201438848920863 0.8635802469135803  
0.8123569794050344 0.5573770491803278 0.8644485520640789  
0.7907542579075426 0.5579710144927537 0.8567054500918555  
0.8066825775656324 0.5189873417721519 0.8654205607476636  
0.7690582959641256 0.49375 0.8705583756345178  
0.7605985037406484 0.4444444444444444 0.8555891238670695  
0.805352798053528 0.5725190839694656 0.8634146341463415  
0.8392857142857143 0.4585635359116022 0.875077688004972  
0.8137755102040817 0.5472972972972973 0.8605359317904994  
0.8077858880778589 0.6239316239316239 0.8422007255139057  
0.8019323671497585 0.5069444444444444 0.8633004926108374  
0.7874396135265701 0.5954198473282443 0.8564447159437997  
0.7878787878787878 0.5302013422818792 0.879057924888606  
0.8333333333333334 0.4962962962962963 0.8691701998788613  
0.7911547911547911 0.5106382978723404 0.8647490820073439  
0.8427835051546392 0.5605095541401274 0.8619425778863775  
0.7769607843137255 0.5030674846625767 0.8702669149596524  
0.8045112781954887 0.496551724137931 0.8504273504273504  
0.7970660146699267 0.5534591194968553 0.8705080545229245  
0.7565011820330969 0.5416666666666666 0.871826625386997  
0.7927710843373494 0.5333333333333333 0.8639455782312925  
0.7702702702702703 0.4782608695652174 0.8738110336081166  
0.8248730964467005 0.583941605839416 0.8588734100545125  
0.7585365853658537 0.48 0.8705302096177558  
0.7961165048543689 0.4900662251655629 0.8634959851760345  
0.8220140515222483 0.5153846153846153 0.8658461538461538  
0.8033980582524272 0.5915492957746479 0.871007371007371  
0.7804295942720764 0.543046357615894 0.8691066997518611  
0.8090692124105012 0.53125 0.8627573300062383  
0.8131067961165048 0.5833333333333334 0.8655514250309789  
0.8082901554404145 0.5540540540540541 0.8519417475728155  
0.7975903614457831 0.5117647058823529 0.8860363180964308  
0.7783018867924528 0.5034965034965035 0.8495356037151702  
0.7775175644028103 0.5194805194805194 0.8650843222985634  
0.7857142857142857 0.5093167701863354 0.8695652173913043  
0.774712643678161 0.5510204081632653 0.87625  
0.7614678899082569 0.5338983050847458 0.8636363636363636  
0.8229166666666666 0.5474452554744526 0.8585189644792294  
0.7645631067961165 0.4788732394366197 0.8697788697788698  
0.8042959427207638 0.5149253731343284 0.8692449355432781  
0.8103896103896104 0.5845070422535211 0.8555891238670695  
0.7638888888888888 0.47761194029850745 0.8681930693069307  
0.8184019370460048 0.48951048951048953 0.8511685116851169  
0.7734939759036145 0.5472972972972973 0.8672019765287214  
0.8257756563245824 0.5704697986577181 0.8612143742255266  
0.79 0.5533333333333333 0.8658088235294118  
0.7606635071090048 0.5304347826086957 0.8534954407294832  
0.8071979434447301 0.5298507462686567 0.8517179023508138  
0.811704834605598 0.42038216560509556 0.8719362745098039  
0.8254716981132075 0.5277777777777778 0.8543990086741016  
0.7975609756097561 0.47878787878787876 0.8630989421281892  
0.8087167070217918 0.4764705882352941 0.8717948717948718  
0.8162291169451074 0.5126582278481012 0.8610591900311526  
0.7670588235294118 0.5107913669064749 0.8658838071693449  
0.7898550724637681 0.5131578947368421 0.8793316831683168  
0.8242280285035629 0.5196850393700787 0.8500611995104039  
0.7620137299771167 0.5602836879432624 0.8709476309226932  
0.8120300751879699 0.5205479452054794 0.8698839340256567  
0.7986111111111112 0.6115702479338843 0.8575813382443217  
0.8038277511961722 0.4859154929577465 0.8594327990135635  
0.7976470588235294 0.5725806451612904 0.863441518677281  
0.8285714285714286 0.4375 0.865265760197775  
0.8097560975609757 0.5838926174496645 0.8743068391866913  
0.8216867469879519 0.5354330708661418 0.8731707317073171  
0.8057553956834532 0.5364238410596026 0.8599752168525403  
0.8210023866348448 0.5496688741721855 0.859181141439206  
0.8070588235294117 0.5310344827586206 0.8684863523573201  
0.7948717948717948 0.5172413793103449 0.8631840796019901  
0.8004587155963303 0.4961832061068702 0.8619195046439628  
0.8169761273209549 0.5436241610738255 0.855072463768116  
0.7607758620689655 0.5303030303030303 0.8770491803278688  
0.826530612244898 0.5775862068965517 0.8375149342891278  
0.8075117370892019 0.5428571428571428 0.870049504950495  
0.8206388206388207 0.5185185185185185 0.8695121951219512  
0.7724137931034483 0.5172413793103449 0.8739076154806492  
0.765661252900232 0.5037593984962406 0.857849196538937  
0.7711670480549199 0.5271317829457365 0.8650990099009901  
0.7458432304038005 0.5407407407407407 0.8505535055350554  
0.7907542579075426 0.5714285714285714 0.8504559270516717  
0.7995110024449877 0.5895522388059702 0.863941427699817  
0.8188775510204082 0.5227272727272727 0.8528347406513872  
0.7990196078431373 0.5639097744360902 0.8634978671541743  
0.8059701492537313 0.5987261146496815 0.860135551447936  
0.7835294117647059 0.5095541401273885 0.8725  
0.8256410256410256 0.5098039215686274 0.8804148871262966  
0.7935323383084577 0.5909090909090909 0.8652912621359223  
0.8065326633165829 0.5125 0.8583743842364532  
0.8048780487804879 0.5488721804511278 0.8572300183038438  
0.7814726840855107 0.5851851851851851 0.8819188191881919  
0.8034825870646766 0.5942028985507246 0.856272838002436  
0.8094059405940595 0.5033112582781457 0.8647818070067609  
0.8150851581508516 0.5815602836879432 0.8595092024539878  
0.8 0.5503355704697986 0.8552064078866297  
0.8280871670702179 0.5642857142857143 0.8594229588704727  
0.7773019271948608 0.6044776119402985 0.8798228969006958  
0.7955112219451371 0.5636363636363636 0.8756188118811881  
0.7981438515081206 0.5968992248062015 0.8606658446362515  
0.8345679012345679 0.5405405405405406 0.8643339472068754  
0.7605633802816901 0.574468085106383 0.8712074303405573  
0.804177545691906 0.5083333333333333 0.8582489577129243  
0.7876543209876543 0.5655737704918032 0.8604229607250755  
0.8071428571428572 0.5846153846153846 0.8688725490196079  
0.8324175824175825 0.5277777777777778 0.8494623655913979  
0.7706855791962175 0.6239316239316239 0.8593179049939099  
0.7951219512195122 0.5 0.8736196319018404  
0.8073170731707318 0.5661764705882353 0.8465770171149144  
0.7964376590330788 0.5942028985507246 0.87038158691702  
0.8036175710594315 0.5289855072463768 0.8648159324079662  
0.7834549878345499 0.5263157894736842 0.862260654725139  
0.8126520681265207 0.5283018867924528 0.8566997518610422  
0.8173302107728337 0.5359477124183006 0.8751560549313359  
0.7767441860465116 0.5180722891566265 0.8745271122320303  
0.7926829268292683 0.5106382978723404 0.8687921520539547  
0.8406862745098039 0.5447154471544715 0.8449424591156874  
0.7933491686460807 0.5611510791366906 0.8495684340320592  
0.7912087912087912 0.515527950310559 0.8863346104725415  
0.7927710843373494 0.5658914728682171 0.8681318681318682  
0.7985436893203883 0.5702479338842975 0.8465736810187993  
0.7865429234338747 0.487012987012987 0.8722604884157796  
0.8107416879795396 0.5327868852459017 0.8544038346315159  
0.7948717948717948 0.5079365079365079 0.8613445378151261  
0.8 0.5971223021582733 0.8614163614163615  
0.7880184331797235 0.47368421052631576 0.8728070175438597  
0.7879464285714286 0.5853658536585366 0.8578522656734947  
0.7899543378995434 0.5797101449275363 0.8555417185554172  
0.7925925925925926 0.5303030303030303 0.8571428571428571  
0.7954545454545454 0.5040650406504065 0.8721432983323039  
0.7855361596009975 0.6060606060606061 0.8617343844754397  
0.7668161434977578 0.5774647887323944 0.877038895859473  
0.8146341463414634 0.5107913669064749 0.8548683404776485  
0.8186274509803921 0.496551724137931 0.8631062001227747  
0.7837209302325582 0.5033557046979866 0.8683718028696195  
0.8379746835443038 0.5373134328358209 0.8608590441621294  
0.8094059405940595 0.54421768707483 0.8700183936235438  
0.7995391705069125 0.5467625899280576 0.8626476072094469  
0.7881773399014779 0.49700598802395207 0.870105655686762  
0.775 0.5555555555555556 0.8688524590163934  
0.8066825775656324 0.5801526717557252 0.8535539215686274  
0.8266331658291457 0.528169014084507 0.8660170523751523  
0.7584415584415585 0.5490196078431373 0.8643552311435523  
0.798469387755102 0.49710982658959535 0.878169449598021  
0.83 0.512987012987013 0.8654791154791155  
0.7885985748218527 0.539568345323741 0.8668310727496917  
0.8198433420365535 0.5477707006369427 0.8727161997563947  
0.8186157517899761 0.5271317829457365 0.8555691554467564  
0.7880952380952381 0.5673758865248227 0.8735348550277606  
0.7733333333333333 0.5061728395061729 0.8636942675159236  
0.7633928571428571 0.5131578947368421 0.8761061946902655  
0.7753086419753087 0.6 0.8654080389768575  
0.8241469816272966 0.4838709677419355 0.8718104495747266  
0.7619047619047619 0.5414012738853503 0.8782287822878229  
0.8329177057356608 0.5704697986577181 0.8627450980392157  
0.8132992327365729 0.5733333333333334 0.862279098110908  
0.8257756563245824 0.5151515151515151 0.8638871857755978  
0.805 0.5319148936170213 0.8695917123705058  
0.8311345646437994 0.5620915032679739 0.8703030303030304  
0.7652370203160271 0.5460526315789473 0.872715816005041  
0.7476190476190476 0.5774647887323944 0.8777777777777778  
0.8005050505050505 0.5401459854014599 0.8556701030927835  
0.7417061611374408 0.5611510791366906 0.8624305983960519  
0.8126649076517151 0.5448275862068965 0.864897466827503  
0.7994987468671679 0.5241379310344828 0.8705738705738706  
0.8067010309278351 0.5120481927710844 0.8667076167076168  
0.7718446601941747 0.546875 0.8544457978075518  
0.8208232445520581 0.518796992481203 0.8496332518337408  
0.8086124401913876 0.48366013071895425 0.8727498448168839  
0.7889908256880734 0.5144927536231884 0.8774875621890548  
0.7855477855477856 0.5033557046979866 0.8659600997506235  
0.7951219512195122 0.5362318840579711 0.8592411260709915  
0.7961165048543689 0.5197368421052632 0.8776266996291718  
0.7655172413793103 0.48026315789473684 0.8721003134796238  
0.8111380145278451 0.5116279069767442 0.8634146341463415  
0.7706013363028953 0.5112781954887218 0.8625  
0.7873831775700935 0.5629139072847682 0.8733624454148472  
0.825974025974026 0.46794871794871795 0.8647166361974405  
0.7990654205607477 0.48214285714285715 0.8581336696090794  
0.8198433420365535 0.4935064935064935 0.8644376899696049  
0.8170103092783505 0.5285714285714286 0.8518742442563483  
0.8144329896907216 0.5590551181102362 0.862627474505099  
0.817258883248731 0.5522388059701493 0.8603385731559855  
0.782608695652174 0.5194805194805194 0.8812067881835324  
0.7994987468671679 0.5378787878787878 0.87038158691702  
0.7844155844155845 0.5616438356164384 0.8625075711689885  
0.8048780487804879 0.4883720930232558 0.8527084601339014  
0.7742718446601942 0.5673758865248227 0.8594229588704727  
0.7975609756097561 0.4876543209876543 0.8614906832298137  
0.798469387755102 0.5620915032679739 0.870494807574832  
0.8216216216216217 0.5584415584415584 0.853437876960193  
0.8308080808080808 0.5578231292517006 0.8615009151921904  
0.7961630695443646 0.5655172413793104 0.8654320987654321  
0.7955112219451371 0.5378787878787878 0.8647665251667678  
0.8248175182481752 0.5967741935483871 0.856709168184578  
0.8401937046004843 0.5467625899280576 0.8662576687116564  
0.8047619047619048 0.51875 0.8745318352059925  
0.76905311778291 0.6076923076923076 0.8783199505867819  
0.7767220902612827 0.49166666666666664 0.8677635588056063  
0.8138424821002387 0.5588235294117647 0.8666256914566687  
0.7880952380952381 0.5362318840579711 0.8719211822660099  
0.7932692307692307 0.5263157894736842 0.8841387856257745  
0.8170426065162907 0.5323741007194245 0.8613138686131386  
0.7825059101654847 0.5042735042735043 0.8422655298416565  
0.7725118483412322 0.5691056910569106 0.8747709224190593  
0.818639798488665 0.567741935483871 0.8496932515337423  
0.8058252427184466 0.5886524822695035 0.8674033149171271  
0.7770114942528735 0.5606060606060606 0.8705882352941177  
0.7735849056603774 0.518796992481203 0.8646153846153846  
0.7931034482758621 0.6454545454545455 0.8547418967587035  
0.7694117647058824 0.4805194805194805 0.8802245789145352  
0.824 0.535031847133758 0.8587878787878788  
0.7924050632911392 0.5436241610738255 0.8601953601953602  
0.803921568627451 0.5526315789473685 0.8766954377311961  
0.7734939759036145 0.40828402366863903 0.869837296620776  
0.7909090909090909 0.5655172413793104 0.8634940513462742  
0.7869955156950673 0.4785276073619632 0.8760330578512396  
0.7577777777777778 0.5193798449612403 0.868995633187773  
0.8036951501154734 0.5460992907801419 0.8606965174129353  
0.7780429594272077 0.4768211920529801 0.8815136476426799  
0.7861915367483296 0.564625850340136 0.8669609079445145  
0.776255707762557 0.5342465753424658 0.8792240300375469  
0.8161764705882353 0.5602836879432624 0.8573178199632578  
0.8262032085561497 0.4467005076142132 0.8708876474239603  
0.8167053364269141 0.5671641791044776 0.8695114409400123  
0.7865707434052758 0.5403726708074534 0.8678304239401496  
0.7767441860465116 0.5220125786163522 0.8681732580037664  
0.8153034300791556 0.6106870229007634 0.854066985645933  
0.8129496402877698 0.5222929936305732 0.8774875621890548  
0.8025641025641026 0.5972222222222222 0.875  
0.7780373831775701 0.5285714285714286 0.8574969021065675  
0.7794486215538847 0.5244755244755245 0.8542682926829268  
0.7966903073286052 0.5149253731343284 0.8621538461538462  
0.8004807692307693 0.6 0.8634686346863468  
0.8316062176165803 0.5140845070422535 0.8597339782345829  
0.7893401015228426 0.5472972972972973 0.8603658536585366  
0.800982800982801 0.562962962962963 0.8646341463414634  
0.8064516129032258 0.49375 0.8764669549104386  
0.7883720930232558 0.49404761904761907 0.8800505050505051  
0.7843601895734598 0.5373134328358209 0.8708487084870848  
0.7971360381861575 0.5120481927710844 0.876017532874139  
0.7780373831775701 0.5533333333333333 0.885286783042394  
0.8238095238095238 0.5231788079470199 0.8696461824953445  
0.8226221079691517 0.5119047619047619 0.872  
0.8074074074074075 0.4967741935483871 0.8692971639950678  
0.7990654205607477 0.49230769230769234 0.8602216748768473  
0.8085642317380353 0.5971223021582733 0.8633049817739976  
0.8220551378446115 0.6170212765957447 0.8568818514007308  
0.7986725663716814 0.5342465753424658 0.8667929292929293  
0.7752293577981652 0.5238095238095238 0.8624140087554721  
0.8023809523809524 0.5333333333333333 0.8617086662569146  
0.7765237020316027 0.5135135135135135 0.8774355751099937  
0.7754569190600522 0.49044585987261147 0.8580998781973204  
0.8052256532066508 0.5906040268456376 0.8610421836228288  
0.7862068965517242 0.4329268292682927 0.8730259001895135  
0.8242574257425742 0.47770700636942676 0.8723010487353485  
0.7911832946635731 0.5467625899280576 0.8753101736972705  
0.8312342569269522 0.5826086956521739 0.8592814371257484  
0.7884615384615384 0.5524475524475524 0.8718422674060382  
0.7821100917431193 0.5263157894736842 0.877038895859473  
0.7697516930022573 0.5136986301369864 0.8706842435655995  
0.8232323232323232 0.5714285714285714 0.8687727825030377  
0.7946859903381642 0.5167785234899329 0.8733786287831995  
0.7853658536585366 0.5454545454545454 0.8674033149171271  
0.7867647058823529 0.5766423357664233 0.8680513133781307  
0.8308457711442786 0.556390977443609 0.8530661809350334  
0.7763819095477387 0.5428571428571428 0.8491484184914841  
0.8058252427184466 0.5620915032679739 0.8670377241805813  
0.8036117381489842 0.5772357723577236 0.8558168316831684  
0.8120300751879699 0.5986394557823129 0.8606356968215159  
0.8219895287958116 0.568 0.8567164179104477  
0.8097560975609757 0.5205479452054794 0.8763837638376384  
0.7723970944309927 0.5615384615384615 0.8651616839536302  
0.7720588235294118 0.4968944099378882 0.8722876627402356  
0.7855421686746988 0.5725190839694656 0.85880195599022  
0.8261904761904761 0.5671641791044776 0.8544226044226044  
0.8067010309278351 0.5217391304347826 0.8695652173913043  
0.794044665012407 0.5343511450381679 0.8628640776699029  
0.7665094339622641 0.5757575757575758 0.8659286592865929  
0.7802469135802469 0.5664335664335665 0.8610771113831089  
0.8325123152709359 0.5454545454545454 0.8597672994488671  
0.7879518072289157 0.4928571428571429 0.8629379225568531  
0.8164705882352942 0.5466666666666666 0.865588052271313  
0.7966101694915254 0.5517241379310345 0.8725369458128078  
0.8066825775656324 0.5362318840579711 0.8578461538461538  
0.7698019801980198 0.5808823529411765 0.856272838002436  
0.8236714975845411 0.5846153846153846 0.8553113553113553  
0.8184019370460048 0.5966386554621849 0.8636363636363636  
0.8014354066985646 0.4897959183673469 0.8750773036487323  
0.8138424821002387 0.5126582278481012 0.8853582554517134  
0.7924528301886793 0.5466666666666666 0.8644278606965174  
0.8271889400921659 0.5357142857142857 0.8718905472636815  
0.7897196261682243 0.5217391304347826 0.8782172002510985  
0.8010204081632653 0.5467625899280576 0.8437310720775287  
0.8333333333333334 0.5109489051094891 0.853390348197923  
0.8575342465753425 0.4375 0.8543570993296771  
0.8298429319371727 0.5878378378378378 0.8656174334140436  
0.8256410256410256 0.5294117647058824 0.8669920683343502  
0.7872860635696821 0.5032679738562091 0.8611111111111112  
0.8033573141486811 0.5869565217391305 0.8561770129071912  
0.753393665158371 0.5228758169934641 0.8878386893509767  
0.8048780487804879 0.5448717948717948 0.8595297029702971  
0.8186274509803921 0.48344370860927155 0.8545902649414664  
0.788235294117647 0.5605095541401274 0.876875  
0.7928571428571428 0.5 0.8710888610763454  
0.7857142857142857 0.5793103448275863 0.873222016079159  
0.7989949748743719 0.4779874213836478 0.856  
0.7885985748218527 0.5149253731343284 0.8623232944068838  
0.8307692307692308 0.5163398692810458 0.8615009151921904  
0.8175182481751825 0.5864661654135338 0.8504273504273504  
0.7559241706161137 0.5625 0.8731617647058824  
0.7960199004975125 0.48344370860927155 0.8674033149171271  
0.8054862842892768 0.49324324324324326 0.8658909981628904  
0.7980535279805353 0.4696969696969697 0.8657718120805369  
0.8278481012658228 0.5424836601307189 0.872093023255814  
0.823943661971831 0.6018518518518519 0.8586165048543689  
0.817258883248731 0.5886524822695035 0.864602307225258  
0.786697247706422 0.5474452554744526 0.867619639527657  
0.8262032085561497 0.5901639344262295 0.8540925266903915  
0.8042452830188679 0.5136986301369864 0.8759305210918115  
0.8040201005025126 0.5460526315789473 0.8676470588235294  
0.7933491686460807 0.49612403100775193 0.8560049019607843  
0.8219895287958116 0.5894039735099338 0.8647665251667678  
0.8155844155844156 0.5695364238410596 0.8778857837181046  
0.8203883495145631 0.554140127388535 0.8580285182889027  
0.8051643192488263 0.5661764705882353 0.8697530864197531  
0.7917620137299771 0.4863013698630137 0.8755472170106317  
0.7801418439716312 0.5390625 0.8663396689147762  
0.8075949367088607 0.5 0.8647665251667678  
0.8120104438642297 0.5034013605442177 0.8541162227602905  
0.7616822429906542 0.5159235668789809 0.873512836568566  
0.8115942028985508 0.5454545454545454 0.8597449908925319  
0.8320413436692506 0.5 0.8612294583079733  
0.7990430622009569 0.5666666666666667 0.8570559610705596  
0.8048780487804879 0.5447761194029851 0.8547008547008547  
0.7934272300469484 0.4573643410852713 0.876459741856177  
0.7917675544794189 0.5563380281690141 0.8617086662569146  
0.8075949367088607 0.5472972972972973 0.8645515558267236  
0.7872340425531915 0.5771812080536913 0.8757763975155279  
0.7971360381861575 0.5277777777777778 0.8672019765287214  
0.7892156862745098 0.5369127516778524 0.8670769230769231  
0.7969151670951157 0.5492957746478874 0.868564506359782  
0.7943262411347518 0.5571428571428572 0.8702903026559605  
0.7841726618705036 0.5588235294117647 0.8766114180478821  
0.8219512195121951 0.46875 0.8653846153846154  
0.8131313131313131 0.5874125874125874 0.8587948874010956  
0.8141361256544503 0.4846153846153846 0.8544910179640719  
0.827906976744186 0.5714285714285714 0.864797507788162  
0.7923627684964201 0.5277777777777778 0.8727609635577517  
0.8 0.577922077922078 0.8580285182889027  
0.7977011494252874 0.5373134328358209 0.8636081835089895  
0.8028169014084507 0.5703703703703704 0.8630475015422578  
0.7777777777777778 0.5310344827586206 0.8687615526802218  
0.7878048780487805 0.5328947368421053 0.8740740740740741  
0.788235294117647 0.5279503105590062 0.868421052631579  
0.785377358490566 0.5424836601307189 0.8710280373831776  
0.7427937915742794 0.5537190082644629 0.8708074534161491  
0.7890818858560794 0.5985401459854015 0.8580998781973204  
0.7647058823529411 0.5174825174825175 0.879182156133829  
0.7954545454545454 0.5364238410596026 0.8678899082568807  
0.8158567774936062 0.5 0.865581675708258  
0.7894736842105263 0.54375 0.8653366583541147  
0.7890818858560794 0.5630252100840336 0.858433734939759  
0.7703349282296651 0.5478260869565217 0.8665858095815646  
0.8149100257069408 0.5592105263157895 0.8598415600243754  
0.8179551122194514 0.5375 0.8735348550277606  
0.7714285714285715 0.541095890410959 0.8774752475247525  
0.7477477477477478 0.5352112676056338 0.8677944862155389  
0.7701421800947867 0.5118110236220472 0.8640538885486834  
0.8193384223918575 0.49333333333333335 0.860280658938377  
0.8038277511961722 0.5918367346938775 0.87569573283859  
0.7570754716981132 0.5555555555555556 0.8742255266418835  
0.7918552036199095 0.527027027027027 0.8706030150753769  
0.800498753117207 0.5507246376811594 0.8587948874010956  
0.7969924812030075 0.5671641791044776 0.8726500909642207  
0.7971014492753623 0.6141732283464567 0.8677635588056063  
0.8192219679633868 0.5714285714285714 0.8616822429906542  
0.7660098522167488 0.5467625899280576 0.8576664630421503  
0.8198433420365535 0.5142857142857142 0.8704038577456299  
0.7864077669902912 0.4927536231884058 0.8792892156862745  
0.7740492170022372 0.5208333333333334 0.8673790069138906  
0.7553956834532374 0.54 0.8656346749226006  
0.7888349514563107 0.48872180451127817 0.8619425778863775  
0.7917675544794189 0.5606060606060606 0.8649969456322542  
0.8131067961165048 0.4934210526315789 0.8702101359703337  
0.8013698630136986 0.5231788079470199 0.8700564971751412  
0.8467741935483871 0.5094339622641509 0.8600847970926712  
0.7952380952380952 0.5073529411764706 0.8523985239852399  
0.7926829268292683 0.5581395348837209 0.8715763846622033  
0.7860576923076923 0.582089552238806 0.8504901960784313  
0.7915690866510539 0.5179856115107914 0.8762376237623762  
0.8052884615384616 0.487012987012987 0.859181141439206  
0.8074245939675174 0.5151515151515151 0.8597899938233478  
0.7883720930232558 0.6030534351145038 0.8568784700801975  
0.8220551378446115 0.6131386861313869 0.8748481166464156  
0.8135135135135135 0.48717948717948717 0.8756038647342995  
0.795774647887324 0.5984848484848485 0.8713054187192119  
0.7858823529411765 0.5461538461538461 0.8586355255070682  
0.78239608801956 0.5328947368421053 0.865515114127082  
0.8088235294117647 0.4685714285714286 0.8699186991869918  
0.7727272727272727 0.5769230769230769 0.8520531400966184  
0.8080808080808081 0.5660377358490566 0.8647818070067609  
0.8162291169451074 0.5403225806451613 0.860280658938377  
0.8074074074074075 0.5202702702702703 0.8704726826273788  
0.8256410256410256 0.5176470588235295 0.8588162762022195  
0.8014354066985646 0.5441176470588235 0.8617936117936118  
0.8277634961439588 0.5602409638554217 0.8721573448063922  
0.7828054298642534 0.5615384615384615 0.8645962732919255  
0.8019323671497585 0.5476190476190477 0.8580998781973204  
0.7937649880095923 0.6869565217391305 0.8636363636363636  
0.7995391705069125 0.5277777777777778 0.8609725685785536  
0.7995337995337995 0.626984126984127 0.8678549477566072  
0.7966101694915254 0.5539568345323741 0.8699386503067484  
0.8350785340314136 0.5724137931034483 0.8610271903323263  
0.7818181818181819 0.4805194805194805 0.8765743073047859  
0.8149038461538461 0.6030534351145038 0.8587155963302753  
0.8135593220338984 0.6044776119402985 0.8672782874617737  
0.765625 0.5416666666666666 0.8628930817610063  
0.8043478260869565 0.6386554621848739 0.8665858095815646  
0.7990762124711316 0.5692307692307692 0.8634959851760345  
0.830379746835443 0.625 0.8579104477611941  
0.8009478672985783 0.5703703703703704 0.8683076923076923  
0.8345498783454988 0.5352112676056338 0.8747697974217311  
0.8345864661654135 0.4827586206896552 0.8837787445618397  
0.765807962529274 0.46308724832214765 0.8555417185554172  
0.7842227378190255 0.4794520547945205 0.8697819314641745  
0.8129496402877698 0.582089552238806 0.858982219497241  
0.8152709359605911 0.5503875968992248 0.8633879781420765  
0.8135593220338984 0.6090225563909775 0.8704156479217604  
0.7743362831858407 0.4934210526315789 0.8719898605830165  
0.8101851851851852 0.5234899328859061 0.8607120549656465  
0.780373831775701 0.5492957746478874 0.8728287841191067  
0.8110831234256927 0.45806451612903226 0.8656441717791411  
0.8312342569269522 0.568 0.8409638554216867  
0.775609756097561 0.4927536231884058 0.8647490820073439  
0.8104738154613467 0.536723163841808 0.878428927680798  
0.7655502392344498 0.5333333333333333 0.8667917448405253  
0.8197969543147208 0.6241610738255033 0.8456375838926175  
0.7966507177033493 0.549618320610687 0.872627066748316  
0.7809734513274337 0.5401459854014599 0.8606403013182674  
0.7862232779097387 0.5833333333333334 0.8637200736648251  
0.7979539641943734 0.4943181818181818 0.8687306501547988  
0.7769423558897243 0.4496124031007752 0.8615477629987908  
0.7934508816120907 0.5737704918032787 0.862297053517739  
0.7654320987654321 0.5230769230769231 0.8573163327261688  
0.7785714285714286 0.6015037593984962 0.8667894413750767  
0.7907542579075426 0.6223776223776224 0.85995085995086  
0.7860576923076923 0.4578313253012048 0.875  
0.786697247706422 0.5244755244755245 0.8696194635059263  
0.802439024390244 0.4658385093167702 0.8603351955307262  
0.7888040712468194 0.5733333333333334 0.8676021964612569  
0.8370927318295739 0.5714285714285714 0.8606356968215159  
0.8091954022988506 0.4935064935064935 0.8612680477087257  
0.8317307692307693 0.54 0.8811881188118812  
0.7915690866510539 0.5064935064935064 0.8738288569643973  
0.7396963123644251 0.5611510791366906 0.8628318584070797  
0.8242574257425742 0.5739130434782609 0.8653036680697535  
0.7842639593908629 0.47058823529411764 0.8642201834862385  
0.7843137254901961 0.5067567567567568 0.8806349206349207  
0.7995226730310262 0.5954198473282443 0.8621323529411765  
0.7380952380952381 0.5364238410596026 0.8646803227808815  
0.7813953488372093 0.5597014925373134 0.8702101359703337  
0.8549618320610687 0.5570469798657718 0.8579268292682927  
0.7540603248259861 0.528169014084507 0.8732131758856433  
0.8029197080291971 0.49056603773584906 0.8691066997518611  
0.8175 0.5384615384615384 0.8629882207067576  
0.8455696202531645 0.5142857142857142 0.8518518518518519  
0.786046511627907 0.5804195804195804 0.8756991920447483  
0.7788944723618091 0.49019607843137253 0.8626609442060086  
0.8009478672985783 0.4689655172413793 0.8637770897832817  
0.8005050505050505 0.5639097744360902 0.8638838475499092  
0.8163771712158809 0.48872180451127817 0.8614823815309842  
0.8308457711442786 0.54421768707483 0.8628291488058788  
0.787012987012987 0.5512820512820513 0.8531383302864107  
0.8028846153846154 0.5177304964539007 0.864  
0.800982800982801 0.525974025974026 0.8772362739049969  
0.7959183673469388 0.5251798561151079 0.8745318352059925  
0.8103896103896104 0.46540880503144655 0.8577533577533577  
0.7954545454545454 0.5481481481481482 0.8516050878255602  
0.8132678132678133 0.6076923076923076 0.851063829787234  
0.8363636363636363 0.5138888888888888 0.8602540834845736  
0.8229665071770335 0.6056338028169014 0.8668310727496917  
0.8132678132678133 0.5 0.8536733454766242  
0.806146572104019 0.5306122448979592 0.8740694789081885  
0.7679012345679013 0.5546218487394958 0.8612786489746683  
0.8087167070217918 0.5357142857142857 0.8775765146783261  
0.8126463700234192 0.54421768707483 0.8656716417910447  
0.8033980582524272 0.5151515151515151 0.8528693528693528  
0.806146572104019 0.5193798449612403 0.8521472392638036  
0.7762237762237763 0.5804195804195804 0.8658385093167702  
0.7609756097560976 0.5 0.8610086100861009  
0.8173076923076923 0.5211267605633803 0.8626847290640394  
0.780952380952381 0.5859375 0.8690330477356181  
0.7603911980440098 0.5 0.8706099815157117  
0.8341968911917098 0.5813953488372093 0.8530293941211757  
0.8357843137254902 0.5138888888888888 0.8515337423312883  
0.8060747663551402 0.5405405405405406 0.8580323785803238  
0.7804295942720764 0.5294117647058824 0.8801242236024844  
0.7888040712468194 0.44936708860759494 0.8700183936235438  
0.7984293193717278 0.47096774193548385 0.8729483282674773  
0.8214285714285714 0.5179856115107914 0.8558225508317929  
0.8044554455445545 0.5406976744186046 0.8816936488169365  
0.8419689119170984 0.5633802816901409 0.8506650544135429  
0.8112745098039216 0.48905109489051096 0.8540012217470984  
0.8098765432098766 0.5576923076923077 0.8667489204194941  
0.7425968109339408 0.5374149659863946 0.8715538847117794  
0.7729468599033816 0.5664335664335665 0.8584615384615385  
0.8091603053435115 0.5460992907801419 0.8604368932038835  
0.7830423940149626 0.5374149659863946 0.8567931456548348  
0.8317073170731707 0.5174825174825175 0.860036832412523  
0.7844611528822055 0.5031847133757962 0.8813038130381304  
0.8052256532066508 0.5714285714285714 0.8730553827006845  
0.7806004618937644 0.5167785234899329 0.875625  
0.782608695652174 0.5031446540880503 0.8769422001243008  
0.7834549878345499 0.5925925925925926 0.8526758869512928  
0.7883211678832117 0.536144578313253 0.8635514018691589  
0.7658536585365854 0.47560975609756095 0.8625621890547264  
0.7837837837837838 0.5592105263157895 0.8736906962415281  
0.8024691358024691 0.5547445255474452 0.8640243902439024  
0.7780429594272077 0.4861111111111111 0.862260654725139  
0.7793427230046949 0.4934210526315789 0.878428927680798  
0.80622009569378 0.5038167938931297 0.8646662584200857  
0.8163771712158809 0.5597014925373134 0.8534954407294832  
0.806930693069307 0.5202702702702703 0.8680981595092024  
0.8283582089552238 0.5167785234899329 0.8724708767627223  
0.821078431372549 0.4970414201183432 0.8772585669781932  
0.7966101694915254 0.5035460992907801 0.8728501228501229  
0.7641277641277642 0.546875 0.8579234972677595  
0.7889688249400479 0.528 0.8725609756097561  
0.7936117936117936 0.4863013698630137 0.8680171884591774  
0.7487179487179487 0.5605095541401274 0.8746177370030581  
0.7535211267605634 0.5970149253731343 0.8680641183723797  
0.8015463917525774 0.5217391304347826 0.8641304347826086  
0.8057553956834532 0.525 0.874766355140187  
0.8085642317380353 0.4962962962962963 0.8636363636363636  
0.7828054298642534 0.5037037037037037 0.8660436137071651  
0.7714285714285715 0.45695364238410596 0.8584729981378026  
0.7985611510791367 0.5063291139240507 0.8711885500933416  
0.7913669064748201 0.5507246376811594 0.8647818070067609  
0.8055555555555556 0.47297297297297297 0.8620474406991261  
0.7767220902612827 0.6231884057971014 0.8699938385705484  
0.8081841432225064 0.5785714285714286 0.8497880072683223  
0.7795454545454545 0.5391304347826087 0.8721573448063922  
0.8134715025906736 0.484472049689441 0.8715596330275229  
0.8287841191066998 0.5434782608695652 0.8561852528945765  
0.7867298578199052 0.5244755244755245 0.865182436611008  
0.789598108747045 0.5546875 0.8700183936235438  
0.8167053364269141 0.5241935483870968 0.860479409956976  
0.74364896073903 0.5968992248062015 0.8567901234567902  
0.8201438848920863 0.5789473684210527 0.8449754901960784  
0.7790697674418605 0.541095890410959 0.8661270236612703  
0.7813267813267813 0.5857142857142857 0.8642201834862385  
0.8051044083526682 0.576 0.8597785977859779  
0.7841191066997518 0.5225806451612903 0.8768472906403941  
0.8087167070217918 0.5477707006369427 0.8635235732009926  
0.8089330024813896 0.5571428571428572 0.8486882245271506  
0.7756563245823389 0.5826771653543307 0.8606356968215159  
0.7969543147208121 0.5342465753424658 0.8611449451887941  
0.775175644028103 0.5384615384615384 0.8664615384615385  
0.7887323943661971 0.5208333333333334 0.8790322580645161  
0.8472906403940886 0.616 0.8582677165354331  
0.7879518072289157 0.5652173913043478 0.8516949152542372  
0.7953964194373402 0.5238095238095238 0.848048048048048  
0.7720588235294118 0.5378787878787878 0.8781973203410475  
0.7855421686746988 0.5648854961832062 0.8594132029339854  
0.8144578313253013 0.45454545454545453 0.8703363914373089  
0.7811059907834101 0.4827586206896552 0.852776044915783  
0.7585365853658537 0.538961038961039 0.8553770086526576  
0.7713625866050808 0.5263157894736842 0.8545792079207921  
0.7726218097447796 0.562962962962963 0.8712871287128713  
0.7505773672055427 0.5153374233128835 0.8846153846153846  
0.8151447661469933 0.6090909090909091 0.8656808379544054  
0.8223844282238443 0.568 0.8614823815309842  
0.770935960591133 0.4585987261146497 0.8597899938233478  
0.7939110070257611 0.5492957746478874 0.8791072535647861  
0.8177339901477833 0.5616438356164384 0.8582822085889571  
0.7955112219451371 0.5611510791366906 0.8757612667478685  
0.7669683257918553 0.5616438356164384 0.8695106649937264  
0.7597254004576659 0.5483870967741935 0.8817610062893082  
0.8217821782178217 0.6014492753623188 0.8579268292682927  
0.78 0.5454545454545454 0.8696969696969697  
0.7951807228915663 0.5517241379310345 0.8699136868064118  
0.7686915887850467 0.5182926829268293 0.8635220125786164  
0.7411764705882353 0.49645390070921985 0.8706683168316832  
0.7970660146699267 0.5125 0.8679479231246126  
0.7831325301204819 0.55 0.8643434971997511  
0.7875 0.5902777777777778 0.854090354090354  
0.8014888337468983 0.5866666666666667 0.8698588090853284  
0.7772727272727272 0.55 0.8757802746566792  
0.8015267175572519 0.584 0.8485576923076923  
0.7966507177033493 0.5364238410596026 0.866088034717917  
0.8 0.5579710144927537 0.8575813382443217  
0.8154613466334164 0.47692307692307695 0.8576620230163537  
0.7879518072289157 0.5202702702702703 0.8709079678814082  
0.815 0.5352112676056338 0.8585365853658536  
0.7748815165876777 0.5491803278688525 0.8614163614163615  
0.7888040712468194 0.567741935483871 0.8610771113831089  
0.8025316455696202 0.5899280575539568 0.8567961165048543  
0.8102189781021898 0.5507246376811594 0.8579301898346602  
0.7903225806451613 0.4819277108433735 0.8634639696586599  
0.806146572104019 0.5603448275862069 0.8612294583079733  
0.8097560975609757 0.5341614906832298 0.8752327746741154  
0.7995049504950495 0.5255474452554745 0.8726386349786716  
0.797752808988764 0.5671641791044776 0.8714909544603868  
0.7790973871733967 0.5348837209302325 0.866421568627451  
0.8095238095238095 0.5796178343949044 0.8787878787878788  
0.7619047619047619 0.5 0.8708074534161491  
0.8114143920595533 0.5390070921985816 0.8663003663003663  
0.8045112781954887 0.49019607843137253 0.8644171779141104  
0.8186528497409327 0.4827586206896552 0.8552392489400363  
0.8028169014084507 0.5474452554744526 0.8758492896849908  
0.7782909930715936 0.5851851851851851 0.8736059479553904  
0.7886977886977887 0.541095890410959 0.8655616942909761  
0.7732426303854876 0.6923076923076923 0.8778252901649358  
0.8337662337662337 0.6776859504132231 0.8448687350835322  
0.8154613466334164 0.5547445255474452 0.8673965936739659  
0.8024691358024691 0.5133333333333333 0.8660110633066994  
0.7961630695443646 0.5384615384615384 0.8581997533908755  
0.7876712328767124 0.553030303030303 0.8647642679900744  
0.7922077922077922 0.5378787878787878 0.8546546546546546  
0.7875 0.4782608695652174 0.8642813078346699  
0.8411910669975186 0.5251798561151079 0.8597560975609756  
0.8128205128205128 0.5109489051094891 0.8688821752265861  
0.8177339901477833 0.4928571428571429 0.8600244498777506  
0.7989556135770235 0.5373134328358209 0.8558558558558559  
0.7769607843137255 0.5384615384615384 0.8749233599019006  
0.7941952506596306 0.559322033898305 0.8635014836795252  
0.8125 0.48120300751879697 0.8611279563371741  
0.8056265984654731 0.5785714285714286 0.8594791035735918  
0.8252688172043011 0.6074074074074074 0.8608955223880597  
0.7772511848341233 0.5905511811023622 0.865278628291488  
0.7878787878787878 0.4967741935483871 0.871244635193133  
0.7757009345794392 0.5075757575757576 0.8736128236744759  
0.7581047381546134 0.5258620689655172 0.8552552552552553  
0.7819025522041764 0.5 0.8775384615384615  
0.759009009009009 0.5364238410596026 0.8777567737870196  
0.8039702233250621 0.5671641791044776 0.8607902735562311  
0.8138297872340425 0.4853801169590643 0.8654434250764526  
0.7975609756097561 0.47368421052631576 0.8713304184884447  
0.781021897810219 0.5629139072847682 0.8648148148148148  
0.7788697788697788 0.5859375 0.856709168184578  
0.7830188679245284 0.5067567567567568 0.8708074534161491  
0.7960687960687961 0.5384615384615384 0.8746139592340951  
0.8116279069767441 0.5490196078431373 0.8724202626641651  
0.7903930131004366 0.5447154471544715 0.8738288569643973  
0.8159203980099502 0.5352112676056338 0.8693528693528694  
0.8019323671497585 0.582089552238806 0.8506731946144431  
0.8295165394402035 0.5724137931034483 0.8479318734793188  
0.7684964200477327 0.527027027027027 0.8798761609907121  
0.803030303030303 0.54421768707483 0.8651616839536302  
0.8251231527093597 0.5135135135135135 0.8753071253071253  
0.7821100917431193 0.44936708860759494 0.8797229219143576  
0.7801418439716312 0.5753424657534246 0.8729076255424675  
0.7800925925925926 0.49056603773584906 0.8730358265241986  
0.8157248157248157 0.5864661654135338 0.8556638246041413  
0.8132387706855791 0.46206896551724136 0.8686493184634448  
0.8038740920096852 0.5793650793650794 0.8648813146682898  
0.7884615384615384 0.5725806451612904 0.8623629719853837  
0.7950617283950617 0.5185185185185185 0.8767801857585139  
0.8254364089775561 0.5862068965517241 0.8600244498777506  
0.8329113924050633 0.5374149659863946 0.8591463414634146  
0.7877237851662404 0.547945205479452 0.8571428571428571  
0.759090909090909 0.5857142857142857 0.8720349563046192  
0.7808857808857809 0.4723926380368098 0.8660377358490566  
0.8168674698795181 0.50920245398773 0.8728179551122195  
0.7888888888888889 0.5972222222222222 0.871536523929471  
0.737885462555066 0.5 0.8743686868686869  
0.7799043062200957 0.5571428571428572 0.8657635467980296  
0.7980535279805353 0.581081081081081 0.862600123228589  
0.8238213399503722 0.556390977443609 0.8626974483596598  
0.7788461538461539 0.5133333333333333 0.8681930693069307  
0.8111702127659575 0.541095890410959 0.8626506024096385  
0.7725225225225225 0.5140845070422535 0.8784461152882206  
0.7887323943661971 0.5428571428571428 0.8669554455445545  
0.815 0.5657894736842105 0.8625766871165644  
0.7927927927927928 0.6194029850746269 0.8709476309226932  
0.8342245989304813 0.5378787878787878 0.8609785202863962  
0.78239608801956 0.5 0.8665033680342927  
0.8377659574468085 0.46496815286624205 0.8587022437841115  
0.762962962962963 0.578125 0.8605215281989085  
0.8280871670702179 0.47023809523809523 0.8707058088694566  
0.7966101694915254 0.5 0.8702432938240798  
0.7789203084832905 0.5069444444444444 0.8471801091570649  
0.7949308755760369 0.5116279069767442 0.8597899938233478  
0.7932692307692307 0.46710526315789475 0.872366790582404  
0.7769423558897243 0.5537190082644629 0.8580024067388689  
