0.7302631578947368 0.4101123595505618 0.9140826873385013  
0.68 0.4052631578947368 0.9301252471984179  
0.7154639175257732 0.41025641025641024 0.9227696404793608  
0.6825726141078838 0.38341968911917096 0.9256801592568016  
0.7157676348547718 0.3756906077348066 0.9256089532587228  
0.7056367432150313 0.39901477832512317 0.9386666666666666  
0.6736842105263158 0.43820224719101125 0.9287115761935906  
0.6701680672268907 0.45108695652173914 0.9421813403416557  
0.7044025157232704 0.4947916666666667 0.9180436219431592  
0.6666666666666666 0.44502617801047123 0.9252150893448048  
0.6944444444444444 0.43315508021390375 0.9220694171578258  
0.6956521739130435 0.4607329842931937 0.922273024167211  
0.6728110599078341 0.4022346368715084 0.9279796048438496  
0.710691823899371 0.37362637362637363 0.9304005252790545  
0.6509635974304069 0.3829787234042553 0.9318925998690243  
0.6465863453815262 0.4308510638297872 0.9358288770053476  
0.6964656964656964 0.41578947368421054 0.9238914626075446  
0.6911447084233261 0.3867403314917127 0.9206762028608583  
0.6239837398373984 0.3489583333333333 0.9305740987983978  
0.7004310344827587 0.36633663366336633 0.9406332453825857  
0.6902654867256637 0.41847826086956524 0.9146183699870634  
0.7219827586206896 0.3939393939393939 0.9269736842105263  
0.7203579418344519 0.4375 0.9196370706416073  
0.6883408071748879 0.358695652173913 0.9265463917525774  
0.7185501066098081 0.3862433862433862 0.9356955380577427  
0.7040169133192389 0.34782608695652173 0.9442622950819672  
0.6939655172413793 0.37055837563451777 0.9263642340565418  
0.6859504132231405 0.4095744680851064 0.9245033112582781  
0.717479674796748 0.4530386740331492 0.9204771371769384  
0.6954732510288066 0.4093567251461988 0.9350819672131148  
0.6876355748373102 0.3507853403141361 0.9313725490196079  
0.6928251121076233 0.38974358974358975 0.918234912394549  
0.6815415821501014 0.4421052631578947 0.923949299533022  
0.7012987012987013 0.4090909090909091 0.9323258869908015  
0.7058823529411765 0.4117647058823529 0.9380825565912118  
0.7075892857142857 0.38461538461538464 0.9220360824742269  
0.7379912663755459 0.45 0.9183937823834197  
0.6752136752136753 0.3877551020408163 0.9374176548089591  
0.6935123042505593 0.3917525773195876 0.9344581440622972  
0.712742980561555 0.3382352941176471 0.9379537953795379  
0.6923076923076923 0.37566137566137564 0.9239344262295082  
0.7233115468409586 0.391812865497076 0.9188144329896907  
0.7257383966244726 0.36180904522613067 0.9330682571239232  
0.7425531914893617 0.3756345177664975 0.9267326732673268  
0.7286652078774617 0.41025641025641024 0.9281045751633987  
0.6829268292682927 0.3582089552238806 0.9209150326797385  
0.7056367432150313 0.4644808743169399 0.9157894736842105  
0.6625766871165644 0.4158415841584158 0.9342723004694836  
0.7083333333333334 0.38144329896907214 0.9144562334217506  
0.6834381551362684 0.30845771144278605 0.9348404255319149  
0.6666666666666666 0.359375 0.9357377049180328  
0.6841004184100419 0.3283582089552239 0.9367930805056554  
0.7012448132780082 0.4098360655737705 0.9222148978246539  
0.6623093681917211 0.40331491712707185 0.9332036316472114  
0.6955602536997886 0.484375 0.9321028345418589  
0.7521739130434782 0.36666666666666664 0.9202334630350194  
0.690744920993228 0.4375 0.929541047188106  
0.6866267465069861 0.39378238341968913 0.9254032258064516  
0.6946902654867256 0.41116751269035534 0.9321591650358774  
0.6849894291754757 0.4431818181818182 0.9230267449445532  
0.7008733624454149 0.48554913294797686 0.9000644745325597  
0.6962305986696231 0.3592233009708738 0.920655737704918  
0.723404255319149 0.3128205128205128 0.9235332893869479  
0.6810344827586207 0.39690721649484534 0.9324146981627297  
0.698744769874477 0.3769633507853403 0.9299405155320555  
0.6766595289079229 0.3932038834951456 0.9310801855533466  
0.6574468085106383 0.39378238341968913 0.9394338380513496  
0.6567164179104478 0.39 0.9477858559153999  
0.6872340425531915 0.43548387096774194 0.9207077326343381  
0.7037815126050421 0.39779005524861877 0.9252459016393443  
0.6885593220338984 0.41304347826086957 0.9318479685452162  
0.7084188911704312 0.40540540540540543 0.9350993377483444  
0.7032967032967034 0.38860103626943004 0.9172099087353325  
0.7212765957446808 0.3592233009708738 0.9110225763612217  
0.6729166666666667 0.39572192513368987 0.9115511551155115  
0.6928104575163399 0.4101123595505618 0.9236245954692557  
0.7076271186440678 0.42408376963350786 0.9282422646477946  
0.7 0.3877551020408163 0.9148099606815203  
0.6630901287553648 0.387434554973822 0.9337704918032786  
0.683991683991684 0.3711340206185567 0.93364299933643  
0.6575052854122622 0.3817204301075269 0.8988837820091924  
0.6673640167364017 0.45108695652173914 0.9203947368421053  
0.6673596673596673 0.41089108910891087 0.9366244162775184  
0.6915113871635611 0.39361702127659576 0.9199205823957644  
0.7349896480331263 0.39572192513368987 0.921957671957672  
0.6455142231947484 0.4207650273224044 0.9280155642023347  
0.7092050209205021 0.40703517587939697 0.9142857142857143  
0.6968421052631579 0.34536082474226804 0.9160608063450099  
0.6933333333333334 0.39086294416243655 0.9400651465798046  
0.6954643628509719 0.3368421052631579 0.9398299542184434  
0.7075268817204301 0.41089108910891087 0.9346534653465347  
0.7219827586206896 0.358974358974359 0.9231779382797111  
0.7065217391304348 0.3202247191011236 0.9177461139896373  
0.6907894736842105 0.37362637362637363 0.9177461139896373  
0.721868365180467 0.38341968911917096 0.927536231884058  
0.6916666666666667 0.4083769633507853 0.9397749834546658  
0.668041237113402 0.4 0.9285714285714286  
0.7247311827956989 0.422680412371134 0.927774130006566  
0.7154989384288747 0.37755102040816324 0.9313531353135314  
0.6686626746506986 0.39303482587064675 0.9418918918918919  
0.6823027718550106 0.39790575916230364 0.9296977660972404  
0.697029702970297 0.41361256544502617 0.9300134589502019  
0.6617336152219874 0.42934782608695654 0.9272131147540984  
0.7483870967741936 0.4079601990049751 0.9175461741424802  
0.7019027484143763 0.4682080924855491 0.92578125  
0.6993464052287581 0.42934782608695654 0.9298245614035088  
0.6423841059602649 0.34196891191709844 0.9381510416666666  
0.6904761904761905 0.40816326530612246 0.9219160104986877  
0.6882845188284519 0.4368421052631579 0.9214002642007926  
0.6861924686192469 0.41530054644808745 0.9204470742932281  
0.6652719665271967 0.4642857142857143 0.9309895833333334  
0.69375 0.41414141414141414 0.9315159574468085  
0.6865342163355408 0.4301675977653631 0.9406451612903226  
0.701010101010101 0.3872832369942196 0.9273447820343461  
0.7351694915254238 0.3879781420765027 0.925343811394892  
0.7096774193548387 0.38636363636363635 0.9149902660609993  
0.6989898989898989 0.4 0.9392117568470274  
0.7093275488069414 0.4606741573033708 0.9215813350615684  
0.7190775681341719 0.38974358974358975 0.9066225165562913  
0.6838709677419355 0.4020100502512563 0.9268774703557312  
0.7082452431289641 0.4120603015075377 0.9258278145695364  
0.7078891257995735 0.41450777202072536 0.9269736842105263  
0.6751054852320675 0.38860103626943004 0.9379537953795379  
0.6889848812095032 0.35555555555555557 0.9317738791423001  
0.6977777777777778 0.48148148148148145 0.9105638366817888  
0.6666666666666666 0.3817204301075269 0.9282422646477946  
0.7308533916849015 0.4031413612565445 0.9341590612777053  
0.6866666666666666 0.4416243654822335 0.9270358306188925  
0.678714859437751 0.3853658536585366 0.9364435429344151  
0.7427293064876958 0.3412322274881517 0.9324146981627297  
0.7148760330578512 0.4635416666666667 0.9369189907038512  
0.7108167770419426 0.34536082474226804 0.9257328990228013  
0.7076271186440678 0.3711340206185567 0.9313984168865436  
0.702355460385439 0.38578680203045684 0.932806324110672  
0.7006237006237006 0.4114285714285714 0.9298820445609436  
0.6827731092436975 0.38 0.9362549800796812  
0.6701680672268907 0.478494623655914 0.9164473684210527  
0.675 0.4301675977653631 0.9139855548260013  
0.7010526315789474 0.415 0.9243530192435302  
0.6943866943866944 0.4148936170212766 0.9213483146067416  
0.7052401746724891 0.3811881188118812 0.9336399474375822  
0.6783369803063457 0.40425531914893614 0.9063109954456734  
0.6936170212765957 0.3826530612244898 0.9300791556728232  
0.679324894514768 0.3978494623655914 0.9250985545335085  
0.6894409937888198 0.33497536945812806 0.9344919786096256  
0.6817204301075269 0.39593908629441626 0.9210526315789473  
0.6964656964656964 0.3894736842105263 0.9272005294506949  
0.6984815618221258 0.3602150537634409 0.9218241042345277  
0.7282157676348547 0.40782122905027934 0.9204470742932281  
0.7223382045929019 0.44565217391304346 0.9308755760368663  
0.6569037656903766 0.43005181347150256 0.9457313037723362  
0.6789587852494577 0.4256410256410256 0.9325032765399738  
0.6685934489402697 0.436046511627907 0.9302481556002683  
0.7254464285714286 0.4603174603174603 0.9268608414239482  
0.6816239316239316 0.46596858638743455 0.9304005252790545  
0.6522727272727272 0.4322916666666667 0.9335483870967742  
0.6694214876033058 0.42134831460674155 0.9217105263157894  
0.7105831533477321 0.37823834196891193 0.9200524246395806  
0.6993318485523385 0.45454545454545453 0.922286448298009  
0.7037861915367484 0.39779005524861877 0.9149484536082474  
0.7038539553752535 0.37988826815642457 0.9337748344370861  
0.6404255319148936 0.3891625615763547 0.9436713055003313  
0.6865671641791045 0.40331491712707185 0.9392950391644909  
0.7278481012658228 0.413265306122449 0.9246031746031746  
0.700836820083682 0.4406779661016949 0.9181401440733464  
0.6554455445544555 0.3655913978494624 0.9382964453386988  
0.6551724137931034 0.36363636363636365 0.9394736842105263  
0.7065462753950339 0.43548387096774194 0.9253058596265293  
0.6948775055679287 0.3604060913705584 0.9231770833333334  
0.6652977412731006 0.40229885057471265 0.925706771860618  
0.6837944664031621 0.44385026737967914 0.9281396910678308  
0.711340206185567 0.34946236559139787 0.9199205823957644  
0.6819085487077535 0.3945945945945946 0.9129852744310576  
0.7027027027027027 0.3901098901098901 0.9302172481895984  
0.7006237006237006 0.3431952662721893 0.922976501305483  
0.6818181818181818 0.375 0.9281842818428184  
0.689873417721519 0.4153846153846154 0.9239920687376074  
0.7297297297297297 0.39267015706806285 0.9278145695364238  
0.6829268292682927 0.3756906077348066 0.9330682571239232  
0.6542239685658153 0.41116751269035534 0.9329268292682927  
0.6748466257668712 0.4143646408839779 0.9259259259259259  
0.6938775510204082 0.3655913978494624 0.9256308100929614  
0.6905263157894737 0.359375 0.935973597359736  
0.6544276457883369 0.3879781420765027 0.921875  
0.7122448979591837 0.38857142857142857 0.9353988134475939  
0.6666666666666666 0.36065573770491804 0.9377049180327869  
0.6989247311827957 0.4032258064516129 0.930111038536904  
0.6770186335403726 0.42528735632183906 0.9252459016393443  
0.7043650793650794 0.41530054644808745 0.9183946488294314  
0.7239263803680982 0.41414141414141414 0.9130434782608695  
0.7286012526096033 0.37714285714285717 0.9286649214659686  
0.6720977596741344 0.3507853403141361 0.928  
0.6955602536997886 0.4126984126984127 0.9118421052631579  
0.6979166666666666 0.4095744680851064 0.9286657859973579  
0.6848072562358276 0.39378238341968913 0.9315245478036176  
0.6851063829787234 0.34183673469387754 0.9287598944591029  
0.6659836065573771 0.4 0.9302172481895984  
0.7389380530973452 0.3544973544973545 0.9136924075275795  
0.6660039761431411 0.449438202247191 0.9240506329113924  
0.7048832271762208 0.4381443298969072 0.9156229400131839  
0.6792873051224945 0.3532608695652174 0.9406068431245965  
0.7157464212678937 0.39779005524861877 0.9206349206349206  
0.6789587852494577 0.3923444976076555 0.9371693121693122  
0.6965376782077393 0.4 0.9318181818181818  
0.689873417721519 0.31016042780748665 0.9184746877054569  
0.7484276729559748 0.3989071038251366 0.9218134034165572  
0.7251585623678647 0.4 0.9350563286944996  
0.7239915074309978 0.4175257731958763 0.9235332893869479  
0.711864406779661 0.42391304347826086 0.926605504587156  
0.7041036717062635 0.4236453201970443 0.9300791556728232  
0.6713709677419355 0.4095744680851064 0.9345794392523364  
0.6975308641975309 0.39 0.9244652406417112  
0.6806387225548902 0.42328042328042326 0.9410187667560321  
0.6993865030674846 0.449438202247191 0.9141914191419142  
0.7134020618556701 0.33505154639175255 0.9281437125748503  
0.6837782340862423 0.44021739130434784 0.9219060225016545  
0.7278481012658228 0.38219895287958117 0.92089650626236  
0.7012195121951219 0.3967391304347826 0.9296148738379814  
0.6862745098039216 0.4473684210526316 0.9304993252361673  
0.715203426124197 0.3969849246231156 0.9340369393139841  
0.7166666666666667 0.43169398907103823 0.9177090190915076  
0.7347368421052631 0.4262295081967213 0.9219160104986877  
0.6982758620689655 0.41208791208791207 0.912109375  
0.6722689075630253 0.36180904522613067 0.9382879893828799  
0.6788008565310493 0.4322916666666667 0.9238345370978333  
0.690631808278867 0.42424242424242425 0.9226229508196722  
0.675564681724846 0.32 0.930921052631579  
0.701271186440678 0.4175824175824176 0.9273560209424084  
0.7071583514099783 0.38095238095238093 0.9157963446475196  
0.7025862068965517 0.3076923076923077 0.9278145695364238  
0.6858846918489065 0.4692737430167598 0.9126666666666666  
0.6871035940803383 0.46511627906976744 0.9089134677944047  
0.6902286902286903 0.398989898989899 0.929474384564205  
0.6979166666666666 0.4277456647398844 0.9162851536952257  
0.6993736951983298 0.38764044943820225 0.9160655737704918  
0.7382413087934561 0.35911602209944754 0.9252645502645502  
0.6778242677824268 0.4175824175824176 0.9362680683311432  
0.6877729257641921 0.37948717948717947 0.9215173315892741  
0.7401247401247402 0.44505494505494503 0.9117840684660962  
0.6851851851851852 0.4606741573033708 0.9242424242424242  
0.7219917012448133 0.4126984126984127 0.9126406353408338  
0.6916666666666667 0.4263959390862944 0.9335548172757475  
0.6764044943820224 0.391304347826087 0.9169934640522875  
0.6891304347826087 0.4175824175824176 0.9168831168831169  
0.6893617021276596 0.42328042328042326 0.9205515430072226  
0.7292110874200426 0.4508670520231214 0.9084415584415585  
0.741304347826087 0.36649214659685864 0.9248856956237753  
0.700836820083682 0.3776595744680851 0.9261213720316622  
0.6891304347826087 0.4010989010989011 0.9253246753246753  
0.6876267748478702 0.36666666666666664 0.9244532803180915  
0.6918103448275862 0.3675675675675676 0.9354207436399217  
0.6805845511482255 0.45989304812834225 0.9228232189973615  
0.6877729257641921 0.430939226519337 0.9118600129617628  
0.6767241379310345 0.3686868686868687 0.9348684210526316  
0.6539278131634819 0.3888888888888889 0.9353363814500326  
0.7077625570776256 0.37681159420289856 0.9271307742355237  
0.678714859437751 0.42857142857142855 0.928428093645485  
0.6757894736842105 0.36923076923076925 0.9325396825396826  
0.6473118279569893 0.4 0.9220694171578258  
0.7049891540130152 0.3717277486910995 0.9274509803921569  
0.6680327868852459 0.41899441340782123 0.9326732673267327  
0.6929637526652452 0.47023809523809523 0.9223300970873787  
0.6753246753246753 0.34517766497461927 0.9317137229152987  
0.6866952789699571 0.42105263157894735 0.9213630406290957  
0.7058823529411765 0.33678756476683935 0.9431372549019608  
0.6728778467908902 0.3967391304347826 0.935973597359736  
0.6734279918864098 0.40437158469945356 0.9189907038512616  
0.6796714579055442 0.4222222222222222 0.9221122112211221  
0.6681318681318681 0.4031413612565445 0.9375  
0.6574468085106383 0.421875 0.9407894736842105  
0.6905263157894737 0.3626943005181347 0.9359313077939234  
0.6822222222222222 0.4126984126984127 0.9105638366817888  
0.7056367432150313 0.39790575916230364 0.9312169312169312  
0.7060085836909872 0.40437158469945356 0.9217221135029354  
0.7015250544662309 0.45549738219895286 0.9327676240208878  
0.7161290322580646 0.4031413612565445 0.9187418086500655  
0.681912681912682 0.4321608040201005 0.9394141145139814  
0.6533613445378151 0.4065934065934066 0.9219160104986877  
0.7196467991169978 0.405 0.9247874427730542  
0.6817155756207675 0.38144329896907214 0.9255663430420712  
0.7178947368421053 0.4419889502762431 0.9141546526867628  
0.6784232365145229 0.4021164021164021 0.9404367968232958  
0.673289183222958 0.4021164021164021 0.9227272727272727  
0.6989473684210527 0.375 0.9296615792966157  
0.676 0.4350282485875706 0.9262458471760797  
0.7308488612836439 0.4230769230769231 0.9077125906394199  
0.7133333333333334 0.3640776699029126 0.9213630406290957  
0.6795131845841785 0.400990099009901 0.9361129791526563  
0.7114967462039046 0.445 0.9237343852728468  
0.7142857142857143 0.42162162162162165 0.9329794293297943  
0.7320675105485233 0.4318181818181818 0.9242819843342036  
0.6726546906187625 0.4294117647058823 0.9318332230311053  
0.7099391480730223 0.41935483870967744 0.9208250166333999  
0.6908713692946058 0.4336734693877551 0.925531914893617  
0.6736842105263158 0.3827751196172249 0.945260347129506  
0.7023060796645703 0.43103448275862066 0.9216198563030699  
0.7204081632653061 0.4067796610169492 0.9313531353135314  
0.7021739130434783 0.387434554973822 0.922273024167211  
0.6666666666666666 0.44919786096256686 0.9417157825802227  
0.6936170212765957 0.37967914438502676 0.9265573770491803  
0.6942148760330579 0.3448275862068966 0.9210702341137124  
0.7103594080338267 0.43455497382198954 0.9268774703557312  
0.6794354838709677 0.3163841807909605 0.9423459244532804  
0.6934782608695652 0.38144329896907214 0.9195026178010471  
0.7093275488069414 0.44565217391304346 0.9199739752765127  
0.6799116997792495 0.4473684210526316 0.9194282001299545  
0.673036093418259 0.4350282485875706 0.9198174706649282  
0.7047413793103449 0.42857142857142855 0.9270833333333334  
0.6756152125279642 0.4666666666666667 0.9084415584415585  
0.675564681724846 0.39378238341968913 0.940745672436751  
0.6936170212765957 0.4020100502512563 0.9167217448777264  
0.6563876651982379 0.39593908629441626 0.9274983670803396  
0.6723768736616702 0.4632768361581921 0.9200260078023407  
0.6859504132231405 0.38202247191011235 0.9328947368421052  
0.6770833333333334 0.37435897435897436 0.935633709356337  
0.7204968944099379 0.3567251461988304 0.931282722513089  
0.6812227074235808 0.43575418994413406 0.9223300970873787  
0.7068965517241379 0.3435897435897436 0.9185817465528562  
0.7244897959183674 0.36363636363636365 0.9322259136212625  
0.6714876033057852 0.4010416666666667 0.9289508632138114  
0.6912065439672802 0.45054945054945056 0.9192587690271343  
0.7057613168724279 0.43646408839779005 0.9056105610561056  
0.6792873051224945 0.2916666666666667 0.9188838416612589  
0.6881496881496881 0.3968253968253968 0.9365079365079365  
0.6825726141078838 0.4585635359116022 0.9269256089532587  
0.6701680672268907 0.4263157894736842 0.9320580474934037  
0.6873706004140787 0.33640552995391704 0.9399460188933874  
0.6916666666666667 0.3967391304347826 0.9235836627140975  
0.6834381551362684 0.375 0.9365397461589846  
0.7567567567567568 0.41798941798941797 0.9133597883597884  
0.6875 0.3872832369942196 0.9385219097449313  
0.6984815618221258 0.3829787234042553 0.9217221135029354  
0.6770186335403726 0.43349753694581283 0.9431818181818182  
0.6846652267818575 0.44808743169398907 0.9127604166666666  
0.6729559748427673 0.36363636363636365 0.9243530192435302  
0.6749482401656315 0.4756756756756757 0.928005284015852  
0.6941431670281996 0.42857142857142855 0.9148797920727745  
0.6985138004246284 0.43243243243243246 0.9154652686762779  
0.7230443974630021 0.4010416666666667 0.9083717864205669  
0.6673511293634496 0.43956043956043955 0.9372108393919365  
0.6880530973451328 0.41379310344827586 0.9074550128534704  
0.6963906581740976 0.37185929648241206 0.9246031746031746  
0.732776617954071 0.3471502590673575 0.9317880794701987  
0.7057569296375267 0.4444444444444444 0.9304461942257218  
0.7002141327623126 0.4385026737967914 0.9168848167539267  
0.7004132231404959 0.44502617801047123 0.9177173191771731  
0.6950207468879668 0.4595959595959596 0.9300932090545939  
0.6486486486486487 0.422680412371134 0.9316522893165229  
0.7339246119733924 0.4484536082474227 0.9206245933636955  
0.6573705179282868 0.391304347826087 0.9171122994652406  
0.6960167714884696 0.41450777202072536 0.916005291005291  
0.6806387225548902 0.45555555555555555 0.9193870752831446  
0.7139830508474576 0.44751381215469616 0.9169391759319817  
0.7217391304347827 0.3165829145728643 0.9231779382797111  
0.6597077244258872 0.39473684210526316 0.9424983476536682  
0.6877729257641921 0.39766081871345027 0.9117836445589182  
0.7050209205020921 0.3898305084745763 0.9273084479371316  
0.6797385620915033 0.4088669950738916 0.9315789473684211  
0.7066381156316917 0.35359116022099446 0.9146023468057366  
0.6706349206349206 0.3723404255319149 0.9288590604026845  
0.6729559748427673 0.4576271186440678 0.918848167539267  
0.7004048582995951 0.4271356783919598 0.9335124244459369  
0.6723404255319149 0.45604395604395603 0.9235294117647059  
0.6978260869565217 0.3096446700507614 0.920655737704918  
0.6752688172043011 0.35323383084577115 0.9320580474934037  
0.6845493562231759 0.39285714285714285 0.9192506459948321  
0.68762278978389 0.40860215053763443 0.9273705447209146  
0.6700819672131147 0.4388888888888889 0.916116248348745  
0.7182795698924731 0.41968911917098445 0.9146981627296588  
0.679920477137177 0.44751381215469616 0.9225634178905207  
0.6995708154506438 0.3697916666666667 0.9192913385826772  
0.7108695652173913 0.4482758620689655 0.9179586563307494  
0.6912350597609562 0.34375 0.9334677419354839  
0.7176724137931034 0.4114583333333333 0.9154652686762779  
0.6764091858037579 0.4444444444444444 0.9295039164490861  
0.7084188911704312 0.38144329896907214 0.9307128580946036  
0.7014613778705637 0.35384615384615387 0.9244031830238727  
0.7092050209205021 0.3717277486910995 0.9319233311302049  
0.696 0.375 0.9247027741083224  
0.7033898305084746 0.4627659574468085 0.9323258869908015  
0.7074688796680498 0.4171779141104294 0.9316851008458035  
0.7 0.413265306122449 0.9216467463479415  
0.7020408163265306 0.43005181347150256 0.923949299533022  
0.7057613168724279 0.4350282485875706 0.9216589861751152  
0.7060041407867494 0.39267015706806285 0.9204244031830239  
0.709349593495935 0.35714285714285715 0.9230769230769231  
0.6739606126914661 0.3875598086124402 0.9340369393139841  
0.7323651452282157 0.4046242774566474 0.9109364767518009  
0.6467065868263473 0.3333333333333333 0.9472972972972973  
0.7166666666666667 0.40425531914893614 0.9286657859973579  
0.7091295116772823 0.3763440860215054 0.9350819672131148  
0.7288503253796096 0.40106951871657753 0.9126466753585397  
0.6991525423728814 0.3544973544973545 0.9125575279421433  
0.723175965665236 0.35602094240837695 0.9167213114754098  
0.6811279826464208 0.3443396226415094 0.9165009940357853  
0.6813417190775681 0.36548223350253806 0.9277188328912467  
0.6957446808510638 0.398989898989899 0.9352708058124174  
0.6632231404958677 0.375 0.9339498018494056  
0.6820083682008368 0.4076086956521739 0.9322368421052631  
0.6864406779661016 0.44976076555023925 0.9300466355762825  
0.7085106382978723 0.43010752688172044 0.9148099606815203  
0.7045951859956237 0.4508670520231214 0.9297680412371134  
0.6845493562231759 0.4126984126984127 0.933857236411264  
0.6604938271604939 0.44565217391304346 0.921957671957672  
0.673469387755102 0.3924731182795699 0.9329349269588313  
0.7311111111111112 0.41578947368421054 0.9299610894941635  
0.6757322175732218 0.40594059405940597 0.9360852197070573  
0.6869747899159664 0.41081081081081083 0.9250493096646942  
0.6781376518218624 0.43617021276595747 0.934  
0.6735112936344969 0.4120603015075377 0.9278074866310161  
0.6993865030674846 0.41361256544502617 0.9320905459387483  
0.75 0.4308510638297872 0.9211920529801324  
0.7073170731707317 0.4869109947643979 0.9188311688311688  
0.6991869918699187 0.4207650273224044 0.9263437292634373  
0.6926229508196722 0.4519774011299435 0.9281476598549769  
0.702819956616052 0.41968911917098445 0.9208115183246073  
0.6829268292682927 0.3112244897959184 0.9387622149837134  
0.6904761904761905 0.345 0.9368421052631579  
0.7047817047817048 0.41304347826086957 0.934739617666447  
0.6405919661733616 0.3838383838383838 0.9410986101919259  
0.710239651416122 0.35784313725490197 0.9289005924950625  
0.6965811965811965 0.4011299435028249 0.9264801561483409  
0.6768916155419223 0.3793103448275862 0.9295302013422819  
0.6760259179265659 0.43386243386243384 0.9392156862745098  
0.698876404494382 0.37435897435897436 0.9293125810635539  
0.6822033898305084 0.40609137055837563 0.9226701916721745  
0.6802443991853361 0.4421052631578947 0.9200532978014657  
0.7166324435318275 0.44808743169398907 0.9272486772486772  
0.70020964360587 0.4648648648648649 0.9125  
0.7034632034632035 0.3891891891891892 0.923127035830619  
0.669921875 0.3526315789473684 0.9425675675675675  
0.6733870967741935 0.39 0.927321668909825  
0.7407407407407407 0.46629213483146065 0.9143610013175231  
0.709051724137931 0.37244897959183676 0.9342969776609724  
0.6783505154639176 0.345 0.9325317301269205  
0.7018633540372671 0.4143646408839779 0.9176548089591567  
0.6482617586912065 0.38922155688622756 0.9344692005242464  
0.6828193832599119 0.3368421052631579 0.9330299089726918  
0.6821052631578948 0.41708542713567837 0.9356763925729443  
0.7184873949579832 0.4044943820224719 0.9116492146596858  
0.706 0.37305699481865284 0.9281396910678308  
0.6797642436149313 0.40816326530612246 0.930264048747461  
0.6873661670235546 0.37037037037037035 0.9239842726081258  
0.7337526205450734 0.33695652173913043 0.928336620644313  
0.6847826086956522 0.39800995024875624 0.9342537804076265  
0.7215189873417721 0.44808743169398907 0.9167213114754098  
0.6653386454183267 0.39226519337016574 0.9312875250166778  
0.6943866943866944 0.3769633507853403 0.9311258278145695  
0.721627408993576 0.38860103626943004 0.9145860709592641  
0.6895833333333333 0.3870967741935484 0.9386543535620053  
0.6841004184100419 0.4371584699453552 0.9329388560157791  
0.7244258872651357 0.3781094527363184 0.9241011984021305  
0.6881720430107527 0.45108695652173914 0.91324200913242  
0.7159353348729792 0.35046728971962615 0.9322475570032573  
0.7145877378435518 0.37073170731707317 0.9261968085106383  
0.6955602536997886 0.40540540540540543 0.9330708661417323  
0.671264367816092 0.4117647058823529 0.9209332469215813  
0.6924778761061947 0.4648648648648649 0.919093851132686  
0.6817248459958932 0.4388888888888889 0.93003300330033  
0.7033898305084746 0.40106951871657753 0.9231779382797111  
0.6916299559471366 0.450261780104712 0.9323357189329864  
0.7014314928425358 0.35789473684210527 0.9301397205588823  
0.714902807775378 0.40816326530612246 0.9297439264609324  
0.696 0.45054945054945056 0.904  
0.7261146496815286 0.42162162162162165 0.908256880733945  
0.7024608501118568 0.400990099009901 0.9269406392694064  
0.6680851063829787 0.4437869822485207 0.9300064808813999  
0.6831460674157304 0.4696132596685083 0.9177377892030848  
0.6774847870182555 0.4748603351955307 0.9324503311258279  
0.6780383795309168 0.4387755102040816 0.932762030323006  
0.6961770623742455 0.3930635838150289 0.9318783068783069  
0.6865671641791045 0.4076086956521739 0.9332897318508829  
0.6832971800433839 0.44559585492227977 0.9397905759162304  
0.6989690721649484 0.45604395604395603 0.9141914191419142  
0.7251732101616628 0.4270833333333333 0.9132947976878613  
0.6549586776859504 0.4 0.9325842696629213  
0.6804347826086956 0.3939393939393939 0.9173228346456693  
0.6724890829694323 0.41361256544502617 0.9354207436399217  
0.6904761904761905 0.4245810055865922 0.9253731343283582  
0.6688034188034188 0.45454545454545453 0.9240340537000655  
0.6794871794871795 0.35 0.9266842800528402  
0.6673228346456693 0.3770491803278688 0.932260228034876  
0.6842105263157895 0.4431137724550898 0.9243918474687706  
0.7494553376906318 0.3858695652173913 0.916829109811566  
0.6835699797160243 0.42134831460674155 0.9192587690271343  
0.6863157894736842 0.38341968911917096 0.9273447820343461  
0.7130434782608696 0.4340659340659341 0.922077922077922  
0.7318681318681318 0.3802083333333333 0.9061889250814332  
0.7097457627118644 0.358695652173913 0.927916120576671  
0.7315010570824524 0.33497536945812806 0.9163346613545816  
0.7154989384288747 0.4427083333333333 0.9216589861751152  
0.6652719665271967 0.4147727272727273 0.9286649214659686  
0.685370741482966 0.42408376963350786 0.9121983914209115  
0.6514522821576764 0.4175824175824176 0.9367588932806324  
0.659043659043659 0.3915343915343915 0.9318783068783069  
0.6854663774403471 0.3717277486910995 0.9398692810457516  
0.6822033898305084 0.37755102040816324 0.939894319682959  
0.7215189873417721 0.4624277456647399 0.9133550488599349  
0.6816239316239316 0.40804597701149425 0.9331168831168831  
0.6536796536796536 0.4530386740331492 0.9252761533463287  
0.673469387755102 0.35195530726256985 0.9259748843357568  
0.6995614035087719 0.39215686274509803 0.9198423127463863  
0.6687116564417178 0.4340659340659341 0.9179351422898743  
0.6986607142857143 0.455026455026455 0.9223300970873787  
0.6594360086767896 0.42574257425742573 0.9315339038841343  
0.6882845188284519 0.41624365482233505 0.9369608493696084  
0.6761710794297352 0.4581005586592179 0.9272486772486772  
0.6758474576271186 0.39444444444444443 0.9320261437908497  
0.6766467065868264 0.40437158469945356 0.9419225634178905  
0.6844181459566075 0.4342857142857143 0.9413333333333334  
0.6983471074380165 0.45108695652173914 0.9253632760898283  
0.7516930022573364 0.3910891089108911 0.9251789199739753  
0.6957446808510638 0.3259668508287293 0.930111038536904  
0.7060041407867494 0.41530054644808745 0.9300791556728232  
0.708779443254818 0.4 0.9254901960784314  
0.734966592427617 0.43956043956043955 0.9200515796260477  
0.6950959488272921 0.37373737373737376 0.9346534653465347  
0.6810699588477366 0.30569948186528495 0.9201596806387226  
0.7309417040358744 0.3626943005181347 0.9280622164614387  
0.6435643564356436 0.4489795918367347 0.9351789331532748  
0.694560669456067 0.43455497382198954 0.9339061467283543  
0.7222222222222222 0.3978494623655914 0.9201570680628273  
0.6804979253112033 0.3942857142857143 0.921311475409836  
0.6836518046709129 0.35323383084577115 0.9430463576158941  
0.7124183006535948 0.4134078212290503 0.913860103626943  
0.6616702355460385 0.42857142857142855 0.9328505595786701  
0.657563025210084 0.41968911917098445 0.9312623925974884  
0.693446088794926 0.45652173913043476 0.9324590163934426  
0.7039473684210527 0.3791208791208791 0.9002590673575129  
0.7204968944099379 0.41414141414141414 0.9187208527648234  
0.7090909090909091 0.4482758620689655 0.9107732980832782  
0.741304347826087 0.33004926108374383 0.9170506912442397  
0.7265135699373695 0.375609756097561 0.9238985313751669  
0.7164835164835165 0.3891891891891892 0.9215304798962386  
0.7248459958932238 0.4213197969543147 0.917890520694259  
0.723404255319149 0.4126984126984127 0.922521339461589  
0.6865979381443299 0.4072164948453608 0.9314703925482368  
0.6491596638655462 0.5 0.9169934640522875  
0.7272727272727273 0.40641711229946526 0.9305095962938451  
0.6748971193415638 0.47282608695652173 0.9206349206349206  
0.7016806722689075 0.45108695652173914 0.9086727989487516  
0.6645161290322581 0.40609137055837563 0.9394736842105263  
0.7018633540372671 0.4581005586592179 0.9282894736842106  
0.6924778761061947 0.455026455026455 0.9357560025957171  
0.6782077393075356 0.40217391304347827 0.9183808891838089  
0.6645299145299145 0.3968253968253968 0.9186885245901639  
0.6962809917355371 0.375 0.9253632760898283  
0.6923076923076923 0.4397905759162304 0.9298013245033112  
0.6772151898734177 0.3989071038251366 0.9324590163934426  
0.6746203904555315 0.405 0.9276791584483892  
0.7025862068965517 0.37073170731707317 0.9372108393919365  
0.69593147751606 0.43646408839779005 0.9250325945241199  
0.7167019027484144 0.4797687861271676 0.9075520833333334  
0.7339246119733924 0.3673469387755102 0.9224755700325733  
0.7046413502109705 0.4696132596685083 0.9161755075311068  
0.7350993377483444 0.44385026737967914 0.920881971465629  
0.7119341563786008 0.41578947368421054 0.9302788844621513  
0.6911447084233261 0.4673913043478261 0.923127035830619  
0.6869747899159664 0.41847826086956524 0.926412614980289  
0.7125 0.33507853403141363 0.9245532759761748  
0.7070484581497798 0.4129353233830846 0.9305828421741977  
0.6735112936344969 0.4393939393939394 0.9398797595190381  
0.7322515212981744 0.4020618556701031 0.9183946488294314  
0.6828282828282828 0.4010416666666667 0.9224080267558529  
0.6849593495934959 0.4 0.928476821192053  
0.7242105263157895 0.4175824175824176 0.9154098360655738  
0.6442516268980477 0.41847826086956524 0.9167208848405985  
0.6876267748478702 0.43137254901960786 0.9346801346801347  
0.7230443974630021 0.3879781420765027 0.9056356487549148  
0.7055084745762712 0.42134831460674155 0.922976501305483  
0.7089397089397089 0.4470588235294118 0.9216198563030699  
0.712742980561555 0.34536082474226804 0.940983606557377  
0.6949152542372882 0.43169398907103823 0.9266535690897184  
0.7270788912579957 0.42105263157894735 0.9179251477347341  
0.7349137931034483 0.40106951871657753 0.9059438275636839  
0.6980728051391863 0.41450777202072536 0.9395532194480947  
0.7075268817204301 0.425414364640884 0.9205729166666666  
0.679324894514768 0.41711229946524064 0.9289940828402367  
0.6978260869565217 0.40932642487046633 0.9293655984303466  
0.6788617886178862 0.40437158469945356 0.9323158593231586  
0.6450939457202505 0.38974358974358975 0.9257294429708223  
0.694560669456067 0.4321608040201005 0.9315614617940199  
0.7091633466135459 0.3697916666666667 0.9294354838709677  
0.6778242677824268 0.4536082474226804 0.9324503311258279  
0.6738197424892703 0.3697916666666667 0.9416010498687664  
0.7048832271762208 0.42696629213483145 0.9295499021526419  
0.6995614035087719 0.37823834196891193 0.9249836921069797  
0.6892778993435449 0.43478260869565216 0.9130434782608695  
0.6965811965811965 0.38461538461538464 0.9249506254114549  
0.6926147704590818 0.3958333333333333 0.9341840161182001  
0.6731182795698925 0.4307692307692308 0.9329829172141918  
0.6956521739130435 0.36649214659685864 0.9288047028086218  
0.7004310344827587 0.4 0.9214659685863874  
0.6652631578947369 0.43783783783783786 0.9244415243101183  
0.6912065439672802 0.41935483870967744 0.9316522893165229  
0.6957446808510638 0.372972972972973 0.9194499017681729  
0.6967871485943775 0.45555555555555555 0.9248670212765957  
0.6955602536997886 0.43956043956043955 0.9279633267845449  
0.6828282828282828 0.4 0.9280958721704394  
0.6775599128540305 0.3872549019607843 0.9256089532587228  
0.6847389558232931 0.3838383838383838 0.9427994616419919  
0.7115789473684211 0.3858695652173913 0.9356533158240316  
0.7235421166306696 0.3956043956043956 0.9206245933636955  
0.7365010799136069 0.4550561797752809 0.9221284879948086  
0.7058823529411765 0.4205128205128205 0.9199205823957644  
0.718 0.42613636363636365 0.9309428950863213  
0.7331887201735358 0.4263959390862944 0.9179790026246719  
0.6447638603696099 0.3958333333333333 0.9268130405854956  
0.6827309236947792 0.3645833333333333 0.9363270777479893  
0.6400817995910021 0.4301675977653631 0.9260237780713342  
0.674468085106383 0.45077720207253885 0.9414088215931534  
0.6924731182795699 0.41968911917098445 0.9324146981627297  
0.6694386694386695 0.4031413612565445 0.9238410596026491  
0.7097457627118644 0.41116751269035534 0.9206873760740251  
0.748314606741573 0.40609137055837563 0.9149350649350649  
0.6860706860706861 0.4358974358974359 0.9223107569721115  
0.6693386773547094 0.3924731182795699 0.9265197060788243  
0.7097457627118644 0.4656084656084656 0.9224194608809994  
0.7010526315789474 0.4581005586592179 0.9109947643979057  
0.7021276595744681 0.4375 0.9289473684210526  
0.676595744680851 0.3958333333333333 0.9151315789473684  
0.6916666666666667 0.3791208791208791 0.9230263157894737  
0.6908315565031983 0.40932642487046633 0.9289473684210526  
0.6679920477137177 0.41711229946524064 0.9336461126005362  
0.7136465324384788 0.3769633507853403 0.9229274611398963  
0.6751054852320675 0.4124293785310734 0.9229261920313521  
0.6991341991341992 0.37435897435897436 0.9272131147540984  
0.6876310272536688 0.35428571428571426 0.9274509803921569  
0.7017167381974249 0.4368421052631579 0.9338138925294889  
0.7163265306122449 0.34759358288770054 0.9401993355481728  
0.6778947368421052 0.4486486486486487 0.9356110381077529  
0.7313432835820896 0.3826530612244898 0.9202373104812129  
0.6776315789473685 0.35121951219512193 0.9467455621301775  
0.7104166666666667 0.43103448275862066 0.9240837696335078  
0.6722689075630253 0.4585635359116022 0.9285245901639344  
0.7167381974248928 0.3047619047619048 0.9276228419654714  
0.6811279826464208 0.4472361809045226 0.9369250985545335  
0.6993318485523385 0.455026455026455 0.935880829015544  
0.6666666666666666 0.46524064171123 0.9301075268817204  
0.7266949152542372 0.39896373056994816 0.928806855636124  
0.726890756302521 0.42011834319526625 0.9108653220559532  
0.7112068965517241 0.35751295336787564 0.9265573770491803  
0.6816239316239316 0.375 0.9320261437908497  
0.6617021276595745 0.387434554973822 0.9276791584483892  
0.6936170212765957 0.42408376963350786 0.9171597633136095  
0.691358024691358 0.36464088397790057 0.9346534653465347  
0.6778947368421052 0.40425531914893614 0.9315339038841343  
0.7076271186440678 0.3541666666666667 0.9281949934123848  
0.6776180698151951 0.3802083333333333 0.9314703925482368  
0.7222222222222222 0.35542168674698793 0.9211886304909561  
0.6927966101694916 0.4030612244897959 0.9260237780713342  
0.6860215053763441 0.41968911917098445 0.9297900262467191  
0.7192224622030238 0.441025641025641 0.9251968503937008  
0.6943866943866944 0.38578680203045684 0.9335106382978723  
0.6909871244635193 0.42780748663101603 0.9215173315892741  
0.6739130434782609 0.42391304347826086 0.9323797139141743  
0.7272727272727273 0.4105263157894737 0.9209150326797385  
0.7234513274336283 0.38974358974358975 0.9302931596091205  
0.6991701244813278 0.4143646408839779 0.9183673469387755  
0.6750524109014675 0.42857142857142855 0.9350563286944996  
0.6673819742489271 0.3387096774193548 0.9326797385620915  
0.7325102880658436 0.42 0.9278074866310161  
0.7033898305084746 0.40860215053763443 0.9271653543307087  
0.6916666666666667 0.4494949494949495 0.9202127659574468  
0.7214137214137214 0.36548223350253806 0.9261968085106383  
0.684 0.42777777777777776 0.9314247669773635  
0.7030567685589519 0.39896373056994816 0.9209666884389288  
0.6946236559139785 0.4550561797752809 0.9200779727095516  
0.6950207468879668 0.45698924731182794 0.9154557463672391  
0.696652719665272 0.45604395604395603 0.9185282522996058  
0.7330415754923414 0.3401015228426396 0.9175392670157068  
0.6723044397463002 0.4079601990049751 0.9343501326259946  
0.7080610021786492 0.42045454545454547 0.9172592113768584  
0.6923076923076923 0.4090909090909091 0.9280575539568345  
0.6934782608695652 0.3548387096774194 0.9348958333333334  
0.6889352818371608 0.44387755102040816 0.9210351692103517  
0.6838709677419355 0.3526315789473684 0.9332023575638507  
0.706140350877193 0.3333333333333333 0.929733246584255  
0.6673684210526316 0.44041450777202074 0.9319682959048877  
0.6876310272536688 0.4648648648648649 0.9315789473684211  
0.7346938775510204 0.4072164948453608 0.9166127989657401  
0.7094017094017094 0.40860215053763443 0.9064136125654451  
0.6856540084388185 0.3693181818181818 0.9210182767624021  
0.6750524109014675 0.3854166666666667 0.9319233311302049  
0.7133757961783439 0.46774193548387094 0.9285245901639344  
0.7133333333333334 0.40816326530612246 0.9186197916666666  
0.704225352112676 0.4262295081967213 0.9227696404793608  
0.6829787234042554 0.3917525773195876 0.9295125164690382  
0.7082405345211581 0.40425531914893614 0.9313915857605178  
0.7317073170731707 0.3880597014925373 0.930718954248366  
0.7075098814229249 0.425531914893617 0.9294354838709677  
0.6820175438596491 0.3838383838383838 0.918848167539267  
0.6840958605664488 0.4 0.9358392741412832  
0.7168141592920354 0.38857142857142857 0.9228295819935691  
0.726890756302521 0.39473684210526316 0.9102902374670184  
0.695364238410596 0.413265306122449 0.9119373776908023  
0.6842105263157895 0.35714285714285715 0.9252459016393443  
0.7032258064516129 0.37185929648241206 0.932806324110672  
0.700836820083682 0.423728813559322 0.9220694171578258  
0.7105263157894737 0.42021276595744683 0.924  
0.65625 0.42857142857142855 0.9385327164573695  
0.6830265848670757 0.3631578947368421 0.9221556886227545  
0.7142857142857143 0.375 0.9328990228013029  
0.6606060606060606 0.3786407766990291 0.937204591492235  
0.7161016949152542 0.4161849710982659 0.9212752114508783  
0.6660039761431411 0.4437869822485207 0.9172185430463576  
0.6987951807228916 0.37362637362637363 0.9267643142476698  
0.7018633540372671 0.40512820512820513 0.9235372340425532  
0.6963906581740976 0.4540540540540541 0.9436435124508519  
0.6473118279569893 0.44970414201183434 0.9366925064599483  
0.7167019027484144 0.42245989304812837 0.9296977660972404  
0.6929460580912863 0.3717277486910995 0.9257786613651425  
0.6911447084233261 0.413265306122449 0.9212081418253447  
0.6790123456790124 0.4685714285714286 0.9145299145299145  
0.6784922394678492 0.36585365853658536 0.9246395806028833  
0.6794055201698513 0.43902439024390244 0.9342629482071713  
0.6951219512195121 0.3701657458563536 0.9343936381709742  
0.6942675159235668 0.4074074074074074 0.9316688567674113  
0.6778947368421052 0.4631578947368421 0.9182597231377719  
0.7023060796645703 0.3894736842105263 0.926072607260726  
0.6851063829787234 0.5 0.9298820445609436  
0.7315010570824524 0.37628865979381443 0.9188118811881189  
0.6859504132231405 0.3670212765957447 0.9331125827814569  
0.6939203354297694 0.41361256544502617 0.9412153236459709  
0.7052845528455285 0.40425531914893614 0.9194407456724367  
0.7266949152542372 0.4072164948453608 0.9313984168865436  
0.724669603524229 0.38308457711442784 0.9286182056319581  
0.6845493562231759 0.41089108910891087 0.9412153236459709  
0.7196652719665272 0.40217391304347827 0.9157894736842105  
0.6975308641975309 0.395 0.9385026737967914  
0.6942148760330579 0.4426229508196721 0.935973597359736  
0.694331983805668 0.4262295081967213 0.9116279069767442  
0.7161290322580646 0.38578680203045684 0.9401315789473684  
0.7148760330578512 0.38144329896907214 0.9295212765957447  
0.6876310272536688 0.3684210526315789 0.9485148514851485  
0.6940451745379876 0.43258426966292135 0.9301252471984179  
0.7101449275362319 0.4245810055865922 0.9375  
0.7207792207792207 0.4772727272727273 0.9209844559585493  
0.6913319238900634 0.35384615384615387 0.9075297225891678  
0.7071129707112971 0.40229885057471265 0.9124183006535947  
0.7033195020746889 0.39 0.934  
0.70276008492569 0.3879781420765027 0.930628272251309  
0.702928870292887 0.4308510638297872 0.9393139841688655  
0.7322175732217573 0.39893617021276595 0.9076517150395779  
0.7157464212678937 0.39593908629441626 0.9211229946524064  
0.715203426124197 0.4020618556701031 0.9250493096646942  
0.6909871244635193 0.37967914438502676 0.9228253760627861  
0.6875 0.3333333333333333 0.9375419744795165  
0.6868250539956804 0.3695652173913043 0.9205211726384365  
0.6944444444444444 0.5026455026455027 0.9239344262295082  
0.6652806652806653 0.4607329842931937 0.9178807947019868  
0.6618852459016393 0.44285714285714284 0.9339622641509434  
0.7318681318681318 0.38095238095238093 0.9265279583875162  
0.721881390593047 0.37755102040816324 0.9158316633266533  
0.708779443254818 0.385 0.9287128712871288  
0.6709677419354839 0.4603174603174603 0.9181937172774869  
0.695067264573991 0.31521739130434784 0.9181701030927835  
0.6716417910447762 0.3867403314917127 0.9360313315926893  
0.6652360515021459 0.3617021276595745 0.9240837696335078  
0.7047413793103449 0.4 0.930171277997365  
0.7004310344827587 0.4158878504672897 0.9308510638297872  
0.6884210526315789 0.4393063583815029 0.9126466753585397  
0.6985743380855397 0.42857142857142855 0.9195250659630607  
0.670061099796334 0.4143646408839779 0.9178807947019868  
0.6753812636165577 0.450261780104712 0.9281984334203656  
0.6788617886178862 0.44919786096256686 0.9367930805056554  
0.6861598440545809 0.4245810055865922 0.9208053691275168  
0.7193347193347194 0.45 0.9362261669953977  
0.7027027027027027 0.4508670520231214 0.9155759162303665  
0.7163865546218487 0.3577981651376147 0.9173387096774194  
0.7085106382978723 0.3567567567567568 0.9423706614276359  
0.6630901287553648 0.3956043956043956 0.9211212516297262  
0.7392197125256673 0.41899441340782123 0.9149076517150396  
0.7052631578947368 0.3786407766990291 0.9373750832778148  
0.6843267108167771 0.40298507462686567 0.9116492146596858  
0.7103594080338267 0.40540540540540543 0.9238845144356955  
0.6666666666666666 0.45604395604395603 0.9405080213903744  
0.717439293598234 0.38461538461538464 0.9159061277705346  
0.6903765690376569 0.4262295081967213 0.9211045364891519  
0.6728395061728395 0.4666666666666667 0.927381745502998  
0.6666666666666666 0.37894736842105264 0.9409792085848424  
0.7145877378435518 0.4486486486486487 0.9245406824146981  
0.6724511930585684 0.4076086956521739 0.9154196486662329  
0.7145877378435518 0.3541666666666667 0.9195781147000659  
0.6936542669584245 0.4032258064516129 0.9278752436647173  
0.676954732510288 0.37790697674418605 0.9304461942257218  
0.6915113871635611 0.41025641025641024 0.9368351063829787  
0.6392405063291139 0.4365482233502538 0.9265387160820648  
0.70020964360587 0.3802083333333333 0.9279576999339062  
0.7041036717062635 0.43548387096774194 0.9275929549902152  
0.7267080745341615 0.3945945945945946 0.9253632760898283  
0.6724137931034483 0.3854166666666667 0.9207077326343381  
0.6877729257641921 0.35406698564593303 0.928052805280528  
0.6853002070393375 0.38349514563106796 0.9377093101138647  
0.6822033898305084 0.39361702127659576 0.9342969776609724  
0.7166666666666667 0.42786069651741293 0.9367088607594937  
0.6554455445544555 0.3742690058479532 0.9335989375830013  
0.7270788912579957 0.42162162162162165 0.9221204188481675  
0.6835164835164835 0.34554973821989526 0.9296875  
0.7091295116772823 0.4712041884816754 0.9243421052631579  
0.7229166666666667 0.41450777202072536 0.9224652087475149  
0.6924686192468619 0.33663366336633666 0.9300932090545939  
0.6570327552986512 0.391812865497076 0.9309651474530831  
0.6865979381443299 0.45108695652173914 0.9213483146067416  
0.6842105263157895 0.3862433862433862 0.9108653220559532  
0.7172995780590717 0.39572192513368987 0.9211045364891519  
0.6978723404255319 0.4032258064516129 0.9305373525557011  
0.6835164835164835 0.4098360655737705 0.9151554404145078  
0.6807610993657506 0.3865979381443299 0.9386138613861386  
0.6752475247524753 0.4 0.9302949061662198  
0.6955645161290323 0.4166666666666667 0.9223560910307899  
0.7202643171806168 0.45251396648044695 0.9147837314396384  
0.6652360515021459 0.4176470588235294 0.9178525226390686  
0.6703296703296703 0.40782122905027934 0.9276485788113695  
0.6872509960159362 0.375 0.9334677419354839  
0.7034632034632035 0.4869109947643979 0.9260954872465664  
0.6619144602851323 0.418848167539267 0.938  
0.6768916155419223 0.3641304347826087 0.9264413518886679  
0.6847599164926931 0.45077720207253885 0.9304635761589404  
0.7342342342342343 0.37264150943396224 0.9115334207077327  
0.6794055201698513 0.43548387096774194 0.9147540983606557  
0.6868250539956804 0.3888888888888889 0.9322813938198553  
0.6695095948827292 0.4072164948453608 0.9216589861751152  
0.6902834008097166 0.4157303370786517 0.9278145695364238  
0.7065462753950339 0.42245989304812837 0.9233247422680413  
0.7306034482758621 0.43349753694581283 0.926072607260726  
0.7300215982721382 0.4010416666666667 0.9174852652259332  
0.702819956616052 0.43956043956043955 0.916829109811566  
0.6778947368421052 0.3282051282051282 0.9378306878306878  
0.6708074534161491 0.46842105263157896 0.9184890656063618  
0.6569037656903766 0.42857142857142855 0.9113009198423128  
0.6949891067538126 0.43147208121827413 0.9292267365661862  
0.69593147751606 0.38974358974358975 0.9322368421052631  
0.6950959488272921 0.3804347826086957 0.9130150425114454  
0.7155172413793104 0.39473684210526316 0.9221204188481675  
0.7020833333333333 0.358695652173913 0.930171277997365  
0.675564681724846 0.38461538461538464 0.936  
0.7010752688172043 0.4052631578947368 0.9266535690897184  
0.7055084745762712 0.425414364640884 0.9306736429038587  
0.6993736951983298 0.4692737430167598 0.9238845144356955  
0.6940928270042194 0.42771084337349397 0.9215304798962386  
0.6805251641137856 0.36082474226804123 0.9229261920313521  
0.7214912280701754 0.35294117647058826 0.9298245614035088  
0.6771488469601677 0.39664804469273746 0.926605504587156  
0.6728110599078341 0.45595854922279794 0.9196141479099679  
0.6978260869565217 0.41450777202072536 0.920863309352518  
0.6790393013100436 0.391304347826087 0.9292207792207792  
0.721030042918455 0.45161290322580644 0.9176470588235294  
0.6963123644251626 0.3582887700534759 0.9289439374185137  
0.7178423236514523 0.3695652173913043 0.91688654353562  
0.680672268907563 0.3556701030927835 0.9146825396825397  
0.7100213219616205 0.42105263157894735 0.9192383453709784  
0.7096774193548387 0.38190954773869346 0.9268774703557312  
0.703030303030303 0.3825136612021858 0.918218085106383  
0.7202643171806168 0.4321608040201005 0.9234793982995422  
0.6666666666666666 0.400990099009901 0.9316069057104913  
0.7175732217573222 0.34831460674157305 0.9298820445609436  
0.6855895196506551 0.42162162162162165 0.9259259259259259  
0.6816326530612244 0.390625 0.9366666666666666  
0.694560669456067 0.39893617021276595 0.9228232189973615  
0.7182795698924731 0.3736842105263158 0.9292730844793713  
0.704 0.35911602209944754 0.9327115256495669  
0.7108167770419426 0.3684210526315789 0.9131578947368421  
0.684 0.39285714285714285 0.9279946164199192  
0.700836820083682 0.41361256544502617 0.9193654990085922  
0.6853448275862069 0.41624365482233505 0.9289940828402367  
0.6995967741935484 0.39344262295081966 0.9301397205588823  
0.7053571428571429 0.45 0.9163449163449163  
0.688659793814433 0.450261780104712 0.9243027888446215  
0.6481113320079522 0.4 0.9373315363881402  
0.7158590308370044 0.3557692307692308 0.9263157894736842  
0.6781857451403888 0.4126984126984127 0.9241830065359478  
0.7042553191489361 0.3723404255319149 0.9238845144356955  
0.7336244541484717 0.40106951871657753 0.9219258295380611  
0.6963562753036437 0.39896373056994816 0.9478260869565217  
0.6927966101694916 0.32019704433497537 0.93364299933643  
0.6519916142557652 0.34554973821989526 0.9326287978863936  
0.7 0.39664804469273746 0.9285254346426272  
0.6834381551362684 0.387434554973822 0.9286657859973579  
0.7145877378435518 0.3592814371257485 0.9228274967574579  
0.678 0.3783783783783784 0.9131596526386105  
0.6820175438596491 0.4088669950738916 0.9087327642810243  
0.6872427983539094 0.35714285714285715 0.9206666666666666  
0.7055084745762712 0.4021164021164021 0.925706771860618  
0.7096069868995634 0.4827586206896552 0.9051612903225806  
0.7484662576687117 0.3471502590673575 0.9366666666666666  
0.6869918699186992 0.37967914438502676 0.9434464404524284  
0.6589473684210526 0.4022346368715084 0.9109947643979057  
0.735357917570499 0.42391304347826086 0.9225764476252439  
0.6989473684210527 0.4120603015075377 0.9277188328912467  
0.6934782608695652 0.4406779661016949 0.9307443365695793  
0.7197452229299363 0.4293193717277487 0.9118421052631579  
0.7312775330396476 0.4473684210526316 0.9115734720416124  
0.6859504132231405 0.415 0.9392523364485982  
0.6887417218543046 0.3891891891891892 0.9294041450777202  
0.6991525423728814 0.41450777202072536 0.9301252471984179  
0.6825726141078838 0.4427083333333333 0.9104774535809018  
0.7015590200445434 0.3867403314917127 0.9065721649484536  
0.6892177589852009 0.43157894736842106 0.9216589861751152  
0.6701030927835051 0.4731182795698925 0.9192587690271343  
0.6687898089171974 0.4146341463414634 0.9289508632138114  
0.7052401746724891 0.4444444444444444 0.9285714285714286  
0.7215189873417721 0.4230769230769231 0.919397116644823  
0.6589958158995816 0.3526570048309179 0.9432197728790915  
0.6782077393075356 0.45 0.9245532759761748  
0.6960167714884696 0.3888888888888889 0.927007299270073  
0.6742268041237114 0.36470588235294116 0.9273084479371316  
0.7032258064516129 0.4074074074074074 0.9227748691099477  
0.6805845511482255 0.40860215053763443 0.9281476598549769  
0.6942675159235668 0.3383838383838384 0.9325842696629213  
0.6623931623931624 0.4583333333333333 0.9244415243101183  
0.674468085106383 0.4120603015075377 0.9332452081956378  
0.6923076923076923 0.38974358974358975 0.9302788844621513  
0.7175732217573222 0.39215686274509803 0.9106666666666666  
0.7178947368421053 0.3403141361256545 0.933377308707124  
0.7048832271762208 0.4574468085106383 0.9258043335521996  
0.7067833698030634 0.3850267379679144 0.9310793237971391  
0.7200811359026369 0.4198895027624309 0.9263925729442971  
0.6978723404255319 0.36507936507936506 0.9284307288246881  
0.737603305785124 0.4789473684210526 0.9230769230769231  
0.6911447084233261 0.39378238341968913 0.9187418086500655  
0.6987179487179487 0.41530054644808745 0.9268451992161986  
0.6757894736842105 0.42613636363636365 0.9203135205747878  
0.6810344827586207 0.35175879396984927 0.9295589203423305  
0.7292110874200426 0.41208791208791207 0.9261920313520575  
0.737417943107221 0.3872549019607843 0.9270216962524654  
0.693304535637149 0.41578947368421054 0.9221713538260301  
0.7445414847161572 0.36180904522613067 0.9422950819672131  
0.6484848484848484 0.422680412371134 0.9484259879437374  
0.6987179487179487 0.40425531914893614 0.9344692005242464  
0.6842105263157895 0.4207650273224044 0.9245406824146981  
0.7094017094017094 0.37745098039215685 0.9218543046357616  
0.7142857142857143 0.39037433155080214 0.921957671957672  
0.664488017429194 0.36597938144329895 0.9306736429038587  
0.6803455723542117 0.4052631578947368 0.9162851536952257  
0.6739562624254473 0.4010989010989011 0.9418837675350702  
0.6876355748373102 0.3867403314917127 0.9337662337662338  
0.6775510204081633 0.3988439306358382 0.9262672811059908  
0.68 0.3582089552238806 0.9307642064010451  
0.6967032967032967 0.41847826086956524 0.9248217757615036  
0.6644591611479028 0.3687150837988827 0.9387096774193548  
0.6974248927038627 0.34972677595628415 0.9262883235485975  
0.6687898089171974 0.413265306122449 0.9366336633663367  
0.6602150537634408 0.43157894736842106 0.9443352979698756  
0.702355460385439 0.390625 0.927774130006566  
0.6872246696035242 0.425414364640884 0.918552036199095  
0.7217391304347827 0.3621621621621622 0.9219258295380611  
0.6816143497757847 0.3034825870646766 0.9276872964169381  
0.721627408993576 0.3559322033898305 0.9271781534460338  
0.7326086956521739 0.42857142857142855 0.908675799086758  
0.6835443037974683 0.40425531914893614 0.9315789473684211  
0.6483050847457628 0.47701149425287354 0.9212239583333334  
0.689873417721519 0.44505494505494503 0.9141546526867628  
0.7101769911504425 0.4207920792079208 0.9168848167539267  
0.6802575107296137 0.3787878787878788 0.9295125164690382  
0.7033898305084746 0.3968253968253968 0.9217619986850756  
0.7043478260869566 0.4329896907216495 0.9267015706806283  
0.709349593495935 0.45901639344262296 0.9256801592568016  
0.7313131313131314 0.38953488372093026 0.9234323432343234  
0.702355460385439 0.41304347826086957 0.930111038536904  
0.6873706004140787 0.39195979899497485 0.9266666666666666  
0.657258064516129 0.41919191919191917 0.9368279569892473  
0.706140350877193 0.43820224719101125 0.9179586563307494  
0.7004405286343612 0.40816326530612246 0.9255874673629243  
0.6808943089430894 0.4662576687116564 0.9332023575638507  
0.7104166666666667 0.42771084337349397 0.9095052083333334  
0.6947368421052632 0.48554913294797686 0.9178617992177314  
0.7262931034482759 0.41935483870967744 0.9066579634464752  
0.6747967479674797 0.4020618556701031 0.9391711229946524  
0.7006109979633401 0.37640449438202245 0.9266358228684732  
0.7033898305084746 0.38219895287958117 0.9354838709677419  
0.6978723404255319 0.36787564766839376 0.9321922317314022  
0.7076923076923077 0.44680851063829785 0.9200779727095516  
0.6939203354297694 0.425 0.9348837209302325  
0.676954732510288 0.40932642487046633 0.9374584165003327  
0.6609442060085837 0.40816326530612246 0.9276315789473685  
0.7324561403508771 0.4079601990049751 0.9160655737704918  
0.7037815126050421 0.4117647058823529 0.9065174456879526  
0.7004132231404959 0.45108695652173914 0.9247027741083224  
0.7304526748971193 0.4387755102040816 0.9226666666666666  
0.7204301075268817 0.3850267379679144 0.9052287581699346  
0.6995708154506438 0.4083769633507853 0.921967213114754  
0.6949152542372882 0.44559585492227977 0.922874093605801  
0.6831275720164609 0.3978494623655914 0.9403973509933775  
0.6982758620689655 0.4095744680851064 0.9169934640522875  
0.6630434782608695 0.40512820512820513 0.9377865094957433  
0.7236286919831224 0.40782122905027934 0.9169391759319817  
0.7148936170212766 0.38578680203045684 0.9247524752475248  
0.6763485477178424 0.45989304812834225 0.929279576999339  
0.7364016736401674 0.42346938775510207 0.9263925729442971  
0.6486486486486487 0.4251497005988024 0.940677966101695  
0.6736842105263158 0.39325842696629215 0.9254414650098103  
0.6548856548856549 0.4101123595505618 0.9297439264609324  
0.6761487964989059 0.37755102040816324 0.9280575539568345  
0.6979591836734694 0.4540229885057471 0.9183135704874835  
0.689727463312369 0.44385026737967914 0.9189723320158103  
0.6378947368421053 0.37628865979381443 0.923331130204891  
0.6927710843373494 0.358695652173913 0.928  
0.7006369426751592 0.40804597701149425 0.9160702667534157  
0.6768558951965066 0.33004926108374383 0.9375410913872453  
