298 95 71 3 127 57 88 290 1153  
312 90 68 6 134 42 81 348 1101  
318 68 59 16 116 54 119 264 1168  
335 68 66 12 132 52 107 253 1157  
319 64 70 14 123 60 94 266 1172  
338 66 63 14 111 51 114 273 1152  
310 77 69 15 119 59 86 285 1162  
307 98 61 12 129 53 102 291 1129  
311 95 81 12 120 45 83 302 1133  
336 67 85 18 118 55 81 232 1190  
311 84 57 15 121 42 98 295 1159  
343 74 58 15 121 61 142 286 1082  
336 84 61 13 126 40 117 293 1112  
331 73 63 15 118 55 111 279 1137  
310 89 61 7 133 36 107 338 1101  
276 112 62 4 137 47 92 274 1178  
318 75 74 12 131 46 109 267 1150  
329 66 66 24 134 40 109 314 1100  
328 69 89 12 118 47 82 270 1167  
332 95 56 15 129 39 71 361 1084  
325 73 72 18 131 35 101 316 1111  
335 91 66 11 128 55 114 278 1104  
325 87 46 16 125 29 126 324 1104  
316 69 80 13 130 51 104 240 1179  
321 67 76 12 124 53 124 259 1146  
356 80 58 14 118 50 111 272 1123  
346 63 61 19 127 39 100 312 1115  
313 86 65 10 136 36 89 323 1124  
320 77 79 17 114 59 105 303 1108  
326 71 76 9 127 53 89 238 1193  
341 82 54 25 125 34 85 327 1109  
332 60 78 13 113 58 98 214 1216  
325 77 68 10 131 49 74 297 1151  
319 98 59 13 142 35 94 318 1104  
335 67 79 16 114 50 95 272 1154  
308 71 70 12 118 53 92 249 1209  
338 82 70 12 133 36 82 268 1161  
323 90 75 14 123 57 100 289 1111  
341 76 71 13 124 55 121 249 1132  
342 70 78 14 121 59 83 269 1146  
304 77 86 9 128 52 94 258 1174  
330 70 53 27 124 44 118 261 1155  
309 84 65 11 135 48 98 339 1093  
309 96 63 13 135 52 93 287 1134  
332 68 70 14 133 43 87 270 1165  
334 73 68 10 135 53 101 261 1147  
318 74 89 23 136 48 109 301 1084  
331 91 55 10 148 43 112 275 1117  
314 76 66 23 113 52 110 257 1171  
327 81 65 11 124 52 82 278 1162  
323 96 59 12 111 65 93 254 1169  
319 68 74 19 111 58 79 307 1147  
348 69 72 13 122 44 82 268 1164  
320 92 69 9 129 49 100 305 1109  
329 66 93 10 110 55 80 250 1189  
311 91 58 15 116 49 112 294 1136  
319 83 62 9 141 35 105 308 1120  
332 69 87 16 122 56 87 246 1167  
308 87 70 7 152 38 73 298 1149  
314 86 70 9 135 41 79 286 1162  
309 62 77 20 133 50 96 268 1167  
339 75 63 20 133 41 98 262 1151  
337 64 72 13 122 59 134 216 1165  
328 67 66 13 107 57 91 265 1188  
314 81 65 7 124 56 110 273 1152  
339 79 54 16 139 38 111 294 1112  
320 78 68 17 120 46 115 281 1137  
300 97 68 7 133 35 81 330 1131  
307 80 74 16 124 59 97 271 1154  
321 66 69 11 136 43 97 341 1098  
353 67 69 21 124 39 89 294 1126  
325 74 73 17 129 48 98 249 1169  
333 106 57 10 155 39 100 292 1090  
343 82 63 8 126 53 91 299 1117  
337 81 82 13 131 44 81 284 1129  
339 81 49 18 142 31 130 346 1046  
318 96 62 7 142 53 88 323 1093  
336 70 64 12 135 37 98 291 1139  
326 69 69 12 136 46 117 271 1136  
345 75 53 17 130 42 127 274 1119  
350 61 66 15 125 41 101 284 1139  
324 91 76 11 142 48 78 323 1089  
302 101 57 5 148 40 91 327 1111  
322 91 65 11 135 46 90 259 1163  
297 85 79 7 128 62 74 273 1177  
339 80 71 11 137 43 102 252 1147  
346 65 76 16 131 49 98 253 1148  
304 102 47 9 133 43 134 345 1065  
325 75 65 12 128 37 119 275 1146  
366 64 55 18 131 48 103 302 1095  
323 84 60 6 146 39 81 319 1124  
328 66 65 21 124 43 124 294 1117  
330 84 61 9 131 43 101 297 1126  
332 88 57 14 123 42 80 318 1128  
336 94 67 11 132 46 102 282 1112  
302 89 59 8 134 33 101 340 1116  
337 68 66 13 137 41 105 332 1083  
338 75 67 13 120 55 90 282 1142  
370 70 63 12 144 37 121 284 1081  
316 90 54 14 123 43 115 294 1133  
318 71 68 14 118 56 86 255 1196  
317 65 47 14 110 60 103 262 1204  
327 76 68 15 126 44 87 276 1163  
297 89 57 17 127 44 107 300 1144  
358 67 58 19 124 52 134 318 1052  
310 89 62 11 129 42 84 295 1160  
322 82 61 18 125 44 97 296 1137  
320 88 58 18 144 34 95 298 1127  
301 92 72 6 163 24 82 326 1116  
320 74 71 15 130 50 90 272 1160  
316 88 70 11 111 57 92 248 1189  
321 73 74 6 111 61 85 290 1161  
338 76 62 13 133 42 87 303 1128  
320 90 65 9 135 45 81 290 1147  
329 58 82 11 126 56 86 263 1171  
326 67 81 16 120 57 98 237 1180  
305 65 72 24 131 51 94 289 1151  
329 82 70 16 138 36 80 282 1149  
307 83 76 17 138 55 103 248 1155  
311 110 66 5 165 31 83 329 1082  
340 76 74 16 123 42 81 298 1132  
330 88 51 18 128 37 99 306 1125  
333 83 63 11 109 44 103 330 1106  
327 89 58 14 124 36 103 370 1061  
318 71 78 17 121 58 99 255 1165  
334 59 72 19 123 46 104 305 1120  
319 78 70 11 135 39 80 305 1145  
332 79 55 12 134 41 131 306 1092  
326 81 78 14 111 48 89 254 1181  
307 94 82 10 135 55 85 268 1146  
304 79 84 11 128 55 94 304 1123  
326 94 70 11 119 51 87 305 1119  
298 93 61 12 123 49 90 280 1176  
325 106 70 6 131 41 103 274 1126  
324 89 52 19 114 60 103 242 1179  
340 81 61 9 132 40 95 298 1126  
357 74 68 18 130 39 109 325 1062  
306 84 76 7 127 52 89 249 1192  
355 50 74 15 128 70 99 218 1173  
327 94 81 12 126 57 84 254 1147  
327 76 52 12 140 39 104 347 1085  
316 78 66 16 143 52 86 268 1157  
331 68 62 15 133 40 111 269 1153  
333 60 82 15 116 57 96 266 1157  
332 77 77 10 118 57 107 267 1137  
332 106 52 12 137 40 111 275 1117  
346 68 74 9 132 51 96 272 1134  
305 99 64 11 139 44 91 339 1090  
324 70 53 19 142 44 101 342 1087  
333 90 59 21 131 38 111 296 1103  
339 73 66 20 108 71 80 245 1180  
317 90 61 13 143 40 68 320 1130  
311 58 79 12 110 65 89 227 1231  
318 79 63 12 133 41 106 293 1137  
319 76 71 13 103 67 90 265 1178  
312 81 59 15 134 45 72 299 1165  
325 87 61 17 98 69 119 267 1139  
297 72 78 7 129 61 85 322 1131  
300 80 78 14 132 52 84 286 1156  
315 80 57 11 133 46 75 287 1178  
333 81 68 20 118 56 97 248 1161  
336 67 67 16 122 55 115 267 1137  
309 80 68 10 122 60 91 273 1169  
315 87 71 13 130 55 77 308 1126  
312 89 66 10 135 46 95 264 1165  
339 66 62 9 126 44 88 283 1165  
325 73 65 8 121 46 85 279 1180  
332 70 75 17 124 51 107 238 1168  
326 90 74 14 123 55 77 302 1121  
329 109 52 10 144 35 95 313 1095  
340 78 72 18 118 53 89 249 1165  
333 83 55 20 141 43 91 306 1110  
332 66 80 9 144 34 118 287 1112  
328 75 62 10 125 45 79 306 1152  
334 70 61 16 141 49 127 260 1124  
320 73 69 10 114 55 105 310 1126  
334 79 60 19 120 54 118 278 1120  
334 84 67 10 141 48 97 288 1113  
321 79 74 6 134 52 73 245 1198  
313 71 78 14 126 58 98 280 1144  
302 95 76 6 136 50 76 274 1167  
340 67 48 17 133 43 113 297 1124  
310 90 66 14 121 43 113 314 1111  
299 92 61 9 131 39 103 350 1098  
322 87 65 8 133 46 91 292 1138  
339 50 98 21 123 65 84 216 1186  
312 95 82 10 125 64 76 253 1165  
324 73 68 21 109 60 100 255 1172  
332 82 66 8 128 37 102 305 1122  
306 63 80 11 113 56 93 239 1221  
332 88 64 13 131 41 130 269 1114  
338 63 67 16 124 57 110 286 1121  
318 64 91 12 134 71 99 243 1150  
299 82 64 12 133 41 86 345 1120  
327 83 66 15 124 43 101 315 1108  
314 79 71 8 132 52 87 313 1126  
308 86 57 13 130 48 92 321 1127  
335 99 43 8 144 35 109 325 1084  
327 65 75 17 117 49 103 254 1175  
336 70 74 14 116 54 102 254 1162  
331 68 86 12 131 62 72 240 1180  
319 57 81 11 117 65 98 254 1180  
320 88 71 5 145 47 86 304 1116  
302 74 84 6 130 58 80 299 1149  
335 68 82 18 128 60 87 259 1145  
330 114 48 6 136 36 122 329 1061  
334 81 63 9 139 50 97 255 1154  
304 98 60 7 130 41 79 366 1097  
306 70 72 11 130 46 106 252 1189  
312 81 69 7 138 43 108 311 1113  
329 90 67 11 126 57 99 290 1113  
305 76 56 15 138 38 97 337 1120  
331 76 62 6 141 42 81 277 1166  
347 65 65 15 123 54 99 247 1167  
328 82 69 16 128 39 97 308 1115  
332 81 68 14 136 41 120 294 1096  
358 63 79 13 124 56 82 257 1150  
321 64 67 11 143 39 88 316 1133  
308 79 71 13 132 54 75 297 1153  
360 71 65 21 127 37 90 289 1122  
298 86 56 18 137 55 80 280 1172  
315 73 76 10 124 56 77 250 1201  
320 65 77 9 125 56 108 254 1168  
337 71 69 22 131 44 98 317 1093  
296 91 67 7 132 49 89 290 1161  
337 87 72 14 129 43 111 288 1101  
307 104 69 8 150 34 72 331 1107  
336 81 56 21 138 35 93 356 1066  
308 81 93 13 132 48 77 264 1166  
324 85 67 13 141 36 102 278 1136  
309 66 99 13 104 70 95 216 1210  
365 76 64 17 112 55 110 232 1151  
308 73 73 10 120 45 80 292 1181  
338 92 64 16 109 47 103 269 1144  
328 83 59 10 136 30 91 294 1151  
366 67 65 22 126 54 106 260 1116  
312 96 68 12 139 45 97 303 1110  
336 85 68 10 136 42 87 280 1138  
334 71 59 13 124 50 98 272 1161  
327 66 68 14 124 49 100 273 1161  
320 105 62 9 137 52 72 314 1111  
334 88 52 13 130 43 150 272 1100  
335 57 75 24 105 61 102 253 1170  
327 78 70 18 116 69 153 215 1136  
298 86 80 5 123 58 101 257 1174  
301 98 59 14 134 43 93 298 1142  
325 67 67 14 124 47 121 283 1134  
321 81 83 12 119 61 68 258 1179  
293 105 70 11 127 56 80 288 1152  
293 68 92 6 125 60 81 232 1225  
318 79 81 16 118 52 94 259 1165  
328 97 64 16 114 50 84 319 1110  
327 80 61 21 122 41 94 289 1147  
344 62 62 22 113 46 102 257 1174  
340 65 57 17 135 45 111 293 1119  
360 63 45 19 120 45 148 283 1099  
323 102 55 15 134 44 112 334 1063  
336 89 57 14 118 50 110 271 1137  
322 73 79 13 125 51 83 278 1158  
315 87 68 17 122 55 93 243 1182  
338 74 62 27 132 41 109 309 1090  
303 99 56 14 146 39 90 315 1120  
326 83 66 15 111 69 76 277 1159  
301 83 69 14 128 51 88 277 1171  
329 81 81 13 131 47 82 280 1138  
332 79 57 18 146 28 104 317 1101  
344 57 55 24 124 36 99 327 1116  
325 77 84 14 112 56 74 267 1173  
356 65 70 19 112 64 99 307 1090  
335 70 73 10 122 50 129 266 1127  
334 59 86 9 115 63 82 238 1196  
328 97 58 18 119 35 129 267 1131  
332 77 78 17 117 57 85 264 1155  
339 64 75 8 120 35 85 298 1158  
323 67 83 16 133 44 106 248 1162  
323 81 76 14 109 69 71 267 1172  
326 97 81 10 135 48 91 244 1150  
324 82 69 15 117 47 108 287 1133  
309 87 82 17 121 58 99 239 1170  
339 85 63 11 128 45 80 320 1111  
352 58 59 17 128 56 131 249 1132  
320 85 67 16 135 51 97 287 1124  
304 97 55 9 141 37 103 329 1107  
319 70 77 10 123 52 103 289 1139  
352 80 61 14 132 39 89 315 1100  
324 96 55 11 123 32 93 312 1136  
328 82 80 15 118 54 114 253 1138  
342 61 78 18 109 44 109 244 1177  
335 86 78 14 125 42 67 305 1130  
310 87 62 13 141 35 79 354 1101  
330 96 66 12 124 52 95 275 1132  
333 69 61 13 130 51 94 300 1131  
329 66 92 16 128 57 67 221 1206  
358 60 68 16 124 51 109 232 1164  
332 69 92 12 119 47 106 249 1156  
316 71 77 12 131 52 96 246 1181  
325 68 75 15 121 47 107 264 1160  
333 83 54 9 131 38 104 316 1114  
350 95 50 14 132 37 98 322 1084  
337 90 61 11 130 38 92 322 1101  
329 76 54 12 130 59 108 243 1171  
330 86 47 16 126 31 109 331 1106  
321 77 66 12 139 41 94 308 1124  
305 88 62 10 134 50 104 320 1109  
321 80 66 11 125 48 90 287 1154  
308 93 64 10 131 42 80 332 1122  
337 79 62 15 115 56 98 297 1123  
309 76 102 10 103 57 77 217 1231  
323 93 63 15 126 43 112 271 1136  
310 77 65 14 120 36 99 317 1144  
356 77 61 6 125 44 102 272 1139  
337 76 63 12 134 28 112 301 1119  
327 76 71 16 125 45 90 290 1142  
332 69 68 14 144 50 79 306 1120  
323 94 57 15 114 53 113 285 1128  
297 93 67 8 136 49 84 310 1138  
339 79 75 10 112 50 103 259 1155  
344 73 54 16 133 44 112 336 1070  
305 66 62 17 127 41 102 319 1143  
330 50 79 16 98 73 105 209 1222  
331 77 56 13 136 40 104 309 1116  
306 83 91 11 120 54 88 226 1203  
319 74 59 12 125 51 99 297 1146  
329 71 79 13 117 59 100 255 1159  
332 84 49 11 154 39 122 335 1056  
325 110 62 8 134 39 90 283 1131  
342 79 51 18 124 38 130 325 1075  
353 72 63 17 129 43 94 308 1103  
332 80 83 12 117 64 115 246 1133  
298 85 86 7 135 55 83 277 1156  
332 85 50 18 130 38 97 341 1091  
330 70 64 11 131 54 110 250 1162  
339 85 70 8 147 30 91 294 1118  
340 76 60 23 114 48 113 274 1134  
336 92 57 15 141 50 89 306 1096  
338 76 61 13 129 35 158 277 1095  
299 79 59 11 122 63 114 234 1201  
316 61 86 13 114 71 97 225 1199  
336 73 79 20 119 54 87 219 1195  
334 48 66 21 110 62 96 278 1167  
320 81 55 15 142 54 108 286 1121  
328 84 68 8 125 44 95 261 1169  
341 75 81 12 134 54 96 252 1137  
339 77 63 6 138 44 96 311 1108  
337 71 78 12 133 53 88 284 1126  
314 75 71 12 124 39 95 279 1173  
347 73 57 24 116 37 118 305 1105  
313 98 58 13 125 43 89 324 1119  
329 72 64 9 133 64 86 251 1174  
321 96 61 19 130 39 95 299 1122  
301 99 56 11 137 41 90 321 1126  
314 101 58 12 127 47 96 299 1128  
321 86 64 12 129 51 85 262 1172  
345 82 58 8 133 53 85 312 1106  
316 58 88 15 117 72 85 234 1197  
334 89 49 10 138 39 130 303 1090  
335 75 80 12 129 60 90 255 1146  
319 100 64 12 127 29 91 316 1124  
340 79 69 21 125 49 101 272 1126  
301 99 80 11 123 45 64 314 1145  
344 72 70 10 138 40 77 288 1143  
333 77 58 14 115 50 101 276 1158  
317 95 61 13 124 36 104 303 1129  
328 80 68 8 133 43 90 317 1115  
305 60 100 11 125 52 80 261 1188  
316 98 67 8 140 42 89 286 1136  
316 85 68 10 129 52 84 266 1172  
316 72 74 10 107 72 86 262 1183  
325 75 68 21 127 50 107 278 1131  
316 75 86 10 107 64 86 223 1215  
336 85 67 6 133 60 97 288 1110  
342 63 72 15 131 63 96 245 1155  
330 83 71 9 124 45 78 336 1106  
321 81 61 18 127 45 110 302 1117  
337 68 61 19 127 53 115 285 1117  
316 67 76 20 134 51 105 252 1161  
333 94 60 13 131 33 100 312 1106  
377 58 75 20 122 51 121 254 1104  
309 96 71 14 136 42 67 305 1142  
339 87 53 13 134 33 102 319 1102  
334 89 52 17 136 33 118 327 1076  
339 65 66 17 118 50 92 279 1156  
347 82 68 12 135 45 109 290 1094  
355 78 62 10 137 42 116 255 1127  
337 65 74 17 110 48 135 243 1153  
325 85 57 11 121 47 95 296 1145  
337 78 48 16 137 35 102 331 1098  
330 66 69 11 128 57 81 290 1150  
336 64 68 23 106 47 118 269 1151  
283 95 68 6 144 40 93 314 1139  
306 99 58 1 138 58 111 261 1150  
332 59 64 10 120 52 112 309 1124  
336 78 66 17 128 41 91 295 1130  
351 75 56 22 119 38 95 292 1134  
329 74 68 20 128 45 95 277 1146  
325 88 57 13 147 32 89 352 1079  
313 73 74 9 117 51 91 255 1199  
333 84 62 13 130 45 90 317 1108  
335 76 71 8 126 59 89 255 1163  
316 88 61 8 126 57 103 245 1178  
306 87 81 8 128 41 81 282 1168  
318 83 67 12 134 51 85 299 1133  
326 88 69 15 123 51 96 273 1141  
345 76 58 14 136 46 102 301 1104  
319 81 57 22 129 45 118 291 1120  
336 67 72 21 117 50 105 262 1152  
322 72 74 20 111 61 94 238 1190  
326 62 70 14 115 52 92 266 1185  
325 92 76 4 123 51 97 320 1094  
354 82 56 17 122 45 145 282 1079  
303 82 68 17 130 36 87 316 1143  
324 71 77 21 119 51 91 273 1155  
343 69 65 7 117 49 101 298 1133  
341 68 76 13 142 51 109 291 1091  
317 82 50 11 130 44 113 307 1128  
348 70 61 17 112 45 96 293 1140  
335 81 57 10 152 27 89 338 1093  
316 86 63 13 143 51 75 254 1181  
339 81 64 14 128 49 109 296 1102  
333 85 50 15 136 50 132 276 1105  
322 63 61 12 140 46 72 283 1183  
305 114 59 7 140 37 89 341 1090  
342 88 78 12 132 54 99 242 1135  
335 79 57 10 143 44 104 266 1144  
324 69 66 15 121 39 104 281 1163  
301 95 66 15 133 44 81 335 1112  
324 74 65 11 120 59 92 262 1175  
320 94 66 11 139 38 109 286 1119  
344 73 65 11 137 39 90 290 1133  
343 66 59 12 115 38 118 310 1121  
308 93 82 6 124 58 68 278 1165  
356 76 59 13 137 39 89 321 1092  
312 96 77 9 129 59 85 327 1088  
316 67 66 13 127 57 112 294 1130  
310 93 53 14 146 33 76 369 1088  
338 82 63 11 134 51 74 306 1123  
331 91 57 18 142 36 97 328 1082  
323 61 82 9 106 83 89 231 1198  
316 98 78 11 132 52 93 278 1124  
332 90 60 8 143 43 102 295 1109  
311 109 50 11 142 40 81 316 1122  
339 92 66 7 138 40 83 266 1151  
336 94 67 17 124 39 114 300 1091  
311 79 84 6 135 57 106 229 1175  
331 84 59 14 120 53 104 258 1159  
369 68 66 26 119 37 98 271 1128  
317 80 64 15 137 41 108 296 1124  
320 84 57 14 130 42 86 321 1128  
319 86 82 10 128 44 88 279 1146  
304 81 66 11 151 41 88 330 1110  
318 94 61 16 119 37 102 304 1131  
334 63 75 28 123 50 101 248 1160  
320 71 71 16 116 57 93 258 1180  
310 81 92 10 124 56 89 250 1170  
313 90 68 11 129 37 89 303 1142  
329 57 79 14 100 72 125 206 1200  
317 90 74 5 134 61 102 237 1162  
368 54 68 14 111 69 111 211 1176  
308 88 68 10 142 33 105 314 1114  
314 84 68 18 119 57 89 283 1150  
321 82 82 10 132 49 83 285 1138  
341 61 80 17 129 43 110 280 1121  
325 67 75 7 115 57 95 232 1209  
341 89 58 13 143 43 93 288 1114  
303 79 88 20 131 40 93 311 1117  
330 73 74 17 122 57 119 216 1174  
305 85 77 11 129 47 95 313 1120  
331 67 69 18 127 44 116 291 1119  
314 84 72 10 117 48 94 326 1117  
340 95 68 11 134 33 81 297 1123  
296 76 68 14 131 45 94 303 1155  
315 69 60 23 115 39 132 304 1125  
313 81 79 16 126 50 87 272 1158  
332 73 79 4 112 60 99 244 1179  
369 72 69 15 107 62 117 249 1122  
317 56 81 12 122 78 78 244 1194  
336 79 52 12 116 64 86 258 1179  
299 71 76 19 125 43 79 333 1137  
349 74 62 16 123 44 122 304 1088  
340 81 57 9 148 31 87 302 1127  
321 80 63 16 118 56 107 277 1144  
323 80 66 9 133 46 111 259 1155  
331 70 70 10 131 51 89 260 1170  
315 74 70 9 140 62 87 289 1136  
327 109 48 6 140 33 97 354 1068  
325 92 57 13 151 33 97 318 1096  
321 96 57 15 143 25 98 315 1112  
316 90 58 16 141 44 104 319 1094  
303 99 58 12 142 40 89 343 1096  
334 100 54 15 130 36 105 309 1099  
312 87 63 9 130 48 110 280 1143  
339 59 60 14 147 37 149 280 1097  
314 92 53 8 133 50 93 299 1140  
333 93 60 18 129 26 90 334 1099  
328 74 73 18 141 42 100 306 1100  
324 78 75 8 115 52 79 261 1190  
323 87 51 20 123 47 119 330 1082  
327 70 75 13 127 45 92 275 1158  
331 73 70 18 136 56 83 268 1147  
326 86 72 5 137 56 97 291 1112  
294 73 75 22 119 55 93 246 1205  
345 80 58 13 134 43 83 319 1107  
359 63 74 20 117 46 138 267 1098  
321 73 75 10 127 57 110 275 1134  
339 71 56 19 126 42 141 320 1068  
316 87 60 8 132 47 100 278 1154  
311 98 55 17 130 34 102 295 1140  
317 68 67 19 116 58 86 254 1197  
316 92 55 15 127 37 125 308 1107  
343 82 56 19 127 47 132 279 1097  
321 74 79 21 118 44 86 312 1127  
318 89 67 10 119 34 83 366 1096  
304 106 55 11 150 33 104 341 1078  
312 94 82 12 129 48 82 304 1119  
350 66 61 22 109 58 107 261 1148  
333 83 68 10 134 34 113 310 1097  
345 68 77 16 107 63 91 206 1209  
320 92 55 16 134 33 92 321 1119  
321 72 70 13 138 36 98 301 1133  
297 103 85 10 128 54 73 277 1155  
311 79 72 7 128 55 96 256 1178  
320 76 82 13 125 51 88 286 1141  
341 83 71 7 117 42 100 259 1162  
319 80 59 18 115 58 92 284 1157  
324 61 84 13 128 53 91 257 1171  
328 87 72 11 126 52 78 295 1133  
329 67 62 16 147 49 111 330 1071  
326 72 77 8 124 58 109 237 1171  
331 83 58 11 135 43 102 301 1118  
323 76 60 9 116 58 118 263 1159  
348 68 68 17 119 49 95 307 1111  
348 86 61 11 139 35 84 298 1120  
323 77 81 9 113 69 82 244 1184  
300 68 84 13 118 63 98 275 1163  
333 61 84 12 114 54 108 254 1162  
357 54 62 30 104 60 98 260 1157  
325 85 71 8 145 51 92 278 1127  
335 68 87 22 121 40 125 289 1095  
323 88 89 10 119 63 81 268 1141  
301 80 69 16 126 45 93 315 1137  
304 97 58 7 141 49 105 312 1109  
333 87 60 17 136 40 96 311 1102  
308 89 71 13 146 38 100 331 1086  
335 71 70 16 125 48 66 294 1157  
345 63 71 20 130 34 88 325 1106  
329 80 76 11 115 52 88 288 1143  
324 70 69 8 141 39 93 326 1112  
340 71 56 16 134 51 114 294 1106  
315 75 84 17 123 63 74 275 1156  
318 67 62 21 103 52 123 272 1164  
335 73 52 16 128 52 92 309 1125  
341 64 86 12 110 69 84 219 1197  
331 73 78 9 127 49 97 265 1153  
325 74 73 19 124 49 87 277 1154  
316 75 85 12 148 38 84 294 1130  
334 58 76 24 100 66 102 217 1205  
333 85 54 16 134 39 113 319 1089  
308 57 89 19 110 60 112 254 1173  
328 70 67 14 131 38 103 300 1131  
339 66 75 21 117 48 104 278 1134  
331 69 71 9 140 54 102 256 1150  
325 69 77 12 124 42 107 296 1130  
316 65 73 11 118 56 94 264 1185  
333 96 66 17 133 55 84 297 1101  
307 95 69 5 138 52 113 246 1157  
309 77 82 14 134 41 91 246 1188  
338 73 67 8 129 47 121 286 1113  
359 72 61 11 118 39 119 293 1110  
325 89 82 6 122 59 86 292 1121  
334 67 66 7 120 48 94 276 1170  
334 84 67 12 129 48 81 264 1163  
325 72 77 10 126 52 100 217 1203  
325 77 78 8 125 60 114 226 1169  
350 77 60 19 128 49 96 296 1107  
323 72 66 17 131 50 79 289 1155  
321 92 57 9 144 31 94 352 1082  
334 82 67 10 115 56 89 272 1157  
304 66 94 7 123 61 81 251 1195  
344 70 79 8 125 50 78 297 1131  
310 88 63 14 136 37 80 305 1149  
309 81 66 8 131 42 103 326 1116  
332 74 54 17 149 30 97 354 1075  
315 68 86 8 125 59 104 224 1193  
339 69 61 12 107 62 94 260 1178  
359 78 60 11 131 47 116 268 1112  
339 70 66 22 115 48 100 292 1130  
338 83 67 19 119 49 108 265 1134  
302 75 66 18 139 37 107 301 1137  
300 94 73 12 124 43 92 286 1158  
328 70 71 15 122 57 131 255 1133  
309 80 98 11 119 46 91 257 1171  
307 102 59 5 146 49 91 343 1080  
302 87 76 6 118 48 78 298 1169  
325 64 76 17 132 50 79 253 1186  
303 81 73 14 132 57 107 246 1169  
314 101 47 13 145 37 118 331 1076  
334 77 72 14 139 44 100 286 1116  
343 81 68 6 136 55 112 276 1105  
325 84 62 14 129 42 98 322 1106  
318 65 71 9 145 55 88 319 1112  
321 67 86 10 110 59 106 220 1203  
330 73 60 17 117 46 85 283 1171  
321 94 79 15 137 50 96 245 1145  
302 101 68 8 125 53 98 267 1160  
355 79 65 16 97 54 98 278 1140  
329 83 52 13 148 34 110 334 1079  
314 94 74 11 139 51 114 243 1142  
320 79 64 24 108 50 97 267 1173  
317 62 63 12 126 54 108 277 1163  
324 87 59 11 139 40 108 305 1109  
339 103 68 10 133 33 96 278 1122  
330 87 64 12 135 40 103 268 1143  
297 86 70 10 132 50 107 295 1135  
322 104 58 12 147 34 109 330 1066  
327 75 63 21 139 51 102 293 1111  
306 80 69 15 128 41 70 281 1192  
328 84 74 16 122 50 97 265 1146  
336 66 76 15 121 44 105 273 1146  
297 82 90 9 133 47 70 248 1206  
345 61 59 18 139 36 116 303 1105  
327 74 67 22 133 58 96 248 1157  
328 73 80 11 135 44 88 285 1138  
319 89 43 14 130 41 109 301 1136  
315 93 73 11 132 53 97 254 1154  
330 81 80 9 136 48 107 281 1110  
327 82 63 18 130 36 106 276 1144  
341 74 56 8 124 62 95 283 1139  
309 94 64 10 115 51 89 281 1169  
338 95 67 15 130 52 98 271 1116  
316 78 74 12 123 58 88 235 1198  
311 69 66 11 150 51 87 294 1143  
314 79 80 15 125 57 87 282 1143  
335 75 60 18 129 45 86 294 1140  
287 119 71 11 133 37 91 340 1093  
312 76 57 12 128 39 101 319 1138  
328 71 73 18 119 52 106 264 1151  
318 82 68 16 128 52 86 261 1171  
313 76 75 13 117 60 93 270 1165  
332 82 59 12 132 43 109 295 1118  
341 68 74 19 131 49 98 260 1142  
341 95 59 13 147 39 99 282 1107  
336 84 48 12 144 47 123 300 1088  
323 101 56 11 143 41 102 317 1088  
329 94 57 13 129 43 85 301 1131  
315 80 74 8 133 64 91 251 1166  
312 88 57 10 142 45 84 302 1142  
327 101 72 7 124 44 81 317 1109  
346 71 66 12 110 53 106 282 1136  
304 83 84 12 140 32 85 286 1156  
315 90 61 12 136 56 108 280 1124  
333 52 80 22 128 57 113 274 1123  
355 72 68 12 131 46 91 252 1155  
338 75 54 17 132 50 109 322 1085  
311 100 53 8 123 31 88 298 1170  
331 101 74 13 139 54 102 255 1113  
287 69 87 14 119 45 103 254 1204  
303 92 82 8 120 62 101 250 1164  
344 67 68 23 122 51 102 235 1170  
336 80 56 22 145 32 96 316 1099  
313 82 85 7 125 57 78 284 1151  
326 76 85 7 117 55 96 276 1144  
345 85 47 13 126 44 109 289 1124  
357 77 59 10 130 49 100 278 1122  
338 71 57 15 119 45 126 300 1111  
322 66 79 17 134 48 92 231 1193  
316 103 63 13 132 39 80 329 1107  
319 61 103 10 111 71 71 210 1226  
335 80 58 6 119 50 86 296 1152  
328 75 74 16 129 47 89 277 1147  
330 84 69 16 106 53 69 273 1182  
335 107 56 12 137 37 75 353 1070  
318 65 97 13 114 50 85 266 1174  
367 65 58 17 135 33 120 308 1079  
332 81 65 14 128 43 98 308 1113  
303 67 89 13 108 62 96 268 1176  
307 67 84 13 110 70 109 229 1193  
345 64 75 19 114 48 103 263 1151  
292 88 94 10 118 53 90 256 1181  
331 82 68 7 119 49 70 323 1133  
338 91 69 10 126 42 94 323 1089  
325 100 47 8 133 29 124 317 1099  
315 67 71 15 125 50 102 260 1177  
324 63 77 20 125 44 102 252 1175  
332 70 64 12 139 48 84 291 1142  
336 71 64 23 128 40 105 283 1132  
307 85 72 15 122 63 97 242 1179  
329 85 59 12 142 42 96 303 1114  
307 95 75 9 142 52 96 296 1110  
326 84 69 9 131 36 93 321 1113  
327 67 69 11 105 57 105 279 1162  
308 94 57 17 136 38 99 305 1128  
342 76 62 16 119 47 108 272 1140  
300 76 60 18 130 53 87 315 1143  
318 88 71 11 134 40 91 310 1119  
323 93 64 10 128 42 75 264 1183  
333 68 69 15 120 61 116 261 1139  
305 89 61 14 124 45 92 269 1183  
324 78 76 8 136 42 88 302 1128  
358 71 50 9 141 35 106 321 1091  
336 93 70 13 121 48 94 249 1158  
340 81 59 15 137 43 101 283 1123  
328 75 71 9 132 49 100 308 1110  
331 76 83 9 133 62 94 212 1182  
334 90 63 9 129 43 106 293 1115  
310 70 79 12 116 57 91 254 1193  
326 76 80 11 132 51 92 262 1152  
330 78 68 12 130 31 110 300 1123  
342 84 45 16 140 33 94 337 1091  
303 100 78 6 120 48 92 307 1128  
325 85 78 15 128 50 64 291 1146  
336 75 65 23 129 49 110 309 1086  
328 99 58 20 129 35 113 315 1085  
330 92 77 12 139 31 79 284 1138  
318 83 63 18 121 52 102 332 1093  
327 83 46 16 117 57 113 290 1133  
322 98 57 7 138 37 99 350 1074  
348 74 61 14 122 53 110 296 1104  
327 90 62 9 138 37 74 306 1139  
306 81 50 15 122 39 73 356 1140  
304 94 73 13 130 57 82 288 1141  
313 93 62 13 133 43 107 308 1110  
308 94 66 9 130 44 124 269 1138  
347 80 59 13 133 37 104 281 1128  
327 83 59 14 131 38 93 321 1116  
315 85 67 9 148 38 104 269 1147  
331 62 79 18 105 58 87 249 1193  
301 83 76 13 130 44 79 294 1162  
329 84 68 15 128 42 110 272 1134  
318 109 48 7 139 32 96 364 1069  
334 75 75 12 119 50 94 288 1135  
320 67 81 10 124 66 95 249 1170  
327 83 58 12 140 36 108 301 1117  
333 85 60 11 133 46 100 268 1146  
312 89 46 12 142 42 113 322 1104  
330 82 53 10 144 27 109 331 1096  
358 70 79 21 115 53 105 256 1125  
323 86 80 6 123 49 78 264 1173  
312 72 73 11 130 65 87 238 1194  
331 67 63 17 121 61 95 280 1147  
318 105 53 9 149 30 87 334 1097  
334 62 78 15 106 73 86 246 1182  
331 86 66 9 126 51 78 313 1122  
324 66 66 21 118 49 125 261 1152  
337 71 67 12 117 56 112 275 1135  
317 104 60 14 140 27 83 363 1074  
300 91 59 14 138 49 92 308 1131  
351 66 61 14 120 54 98 276 1142  
320 95 64 8 132 48 71 286 1158  
325 89 67 14 124 42 85 271 1165  
323 78 60 18 140 43 107 284 1129  
335 69 67 19 131 54 96 268 1143  
329 66 87 7 130 41 95 267 1160  
317 61 80 19 118 57 97 274 1159  
321 69 75 18 122 58 100 263 1156  
300 76 86 13 121 49 99 257 1181  
305 50 84 20 100 73 84 202 1264  
301 99 72 7 120 44 78 296 1165  
316 73 55 12 137 36 107 294 1152  
337 71 68 14 130 47 88 287 1140  
330 80 66 8 126 53 75 287 1157  
320 69 62 13 131 63 113 245 1166  
324 98 63 9 124 41 95 319 1109  
335 88 61 11 120 47 101 292 1127  
314 94 80 10 128 51 72 262 1171  
316 73 56 15 140 41 121 311 1109  
306 87 70 12 142 49 91 262 1163  
341 65 70 13 112 55 99 249 1178  
309 88 80 12 115 56 84 306 1132  
312 83 72 8 117 49 110 271 1160  
341 88 70 8 139 41 107 248 1140  
322 80 69 10 140 44 91 305 1121  
341 66 94 16 112 69 100 213 1171  
318 99 54 16 128 50 106 278 1133  
336 66 60 20 131 48 110 268 1143  
306 82 89 9 119 46 80 232 1219  
335 84 75 13 137 40 106 289 1103  
326 89 69 11 125 53 102 295 1112  
292 83 95 14 118 66 85 264 1165  
314 75 67 10 139 41 81 292 1163  
321 82 68 15 132 50 72 310 1132  
327 84 69 13 131 46 93 294 1125  
344 77 66 20 135 44 102 302 1092  
336 79 52 23 136 37 119 297 1103  
334 62 74 14 119 56 105 235 1183  
345 63 78 17 112 60 85 253 1169  
318 81 62 14 129 60 115 263 1140  
330 83 88 14 111 51 82 266 1157  
327 83 75 11 133 49 79 257 1168  
332 88 73 9 135 45 90 288 1122  
306 92 61 7 131 44 96 317 1128  
294 101 57 13 129 39 98 323 1128  
326 82 61 15 135 39 101 298 1125  
316 96 64 10 133 42 86 329 1106  
290 102 64 12 154 30 72 338 1120  
299 79 59 17 127 43 112 300 1146  
331 61 76 17 111 62 93 256 1175  
334 71 66 12 120 59 101 269 1150  
332 77 72 13 125 47 89 274 1153  
335 89 71 5 142 38 85 282 1135  
343 61 64 15 124 50 97 278 1150  
325 74 79 13 111 56 81 281 1162  
328 87 75 14 131 55 97 308 1087  
331 70 73 13 122 58 88 256 1171  
301 91 68 16 127 47 102 322 1108  
338 79 85 13 115 56 85 290 1121  
327 80 66 7 134 55 121 262 1130  
301 72 83 12 115 45 81 290 1183  
301 104 62 2 136 34 82 355 1106  
357 75 69 16 142 36 115 286 1086  
325 101 62 12 137 34 84 336 1091  
331 73 80 19 114 41 90 293 1141  
305 91 69 16 123 58 85 259 1176  
313 86 68 9 119 37 101 282 1167  
304 88 80 16 128 48 96 311 1111  
334 77 49 15 125 42 105 300 1135  
335 57 77 15 137 43 80 273 1165  
326 65 65 17 134 41 102 298 1134  
319 78 67 12 136 50 122 252 1146  
327 75 75 13 103 63 108 235 1183  
321 92 71 8 128 51 87 295 1129  
308 92 58 10 122 54 108 293 1137  
321 84 81 12 122 48 84 247 1183  
333 75 59 13 133 40 90 293 1146  
297 96 84 3 134 46 72 320 1130  
318 78 73 17 132 35 99 300 1130  
312 79 62 12 132 47 103 269 1166  
323 112 56 8 116 36 94 364 1073  
322 83 69 12 113 56 103 254 1170  
313 87 58 8 126 38 91 335 1126  
320 54 91 10 115 70 89 252 1181  
319 56 79 26 109 56 92 261 1184  
326 79 65 12 130 40 97 324 1109  
321 87 60 21 133 34 84 329 1113  
316 83 66 14 116 49 111 264 1163  
326 81 71 18 108 61 118 239 1160  
300 87 63 4 130 47 84 292 1175  
340 80 50 16 126 28 136 340 1066  
302 93 87 4 125 48 69 287 1167  
327 62 61 14 110 53 89 267 1199  
349 54 79 15 98 67 109 226 1185  
318 86 88 15 127 57 80 278 1133  
325 78 70 12 130 51 87 247 1182  
333 81 61 13 121 47 103 300 1123  
316 103 58 11 141 33 98 311 1111  
329 77 60 13 132 33 90 300 1148  
304 74 71 12 136 40 88 310 1147  
325 59 81 18 114 52 103 256 1174  
321 99 69 14 125 48 98 228 1180  
336 93 72 10 119 51 94 269 1138  
345 87 60 16 118 41 105 299 1111  
336 89 60 12 125 46 79 306 1129  
300 80 82 10 132 62 74 274 1168  
342 70 58 17 134 37 114 331 1079  
319 84 81 18 129 43 95 294 1119  
334 77 67 25 117 41 100 293 1128  
317 72 66 15 125 51 97 261 1178  
343 75 76 19 118 47 103 276 1125  
318 79 58 15 127 46 98 310 1131  
327 57 81 26 135 49 118 242 1147  
335 61 80 8 120 52 127 211 1188  
311 71 73 17 102 59 89 231 1229  
324 70 72 13 117 58 92 252 1184  
319 85 64 17 130 49 89 303 1126  
350 61 66 23 109 55 114 246 1158  
337 67 52 17 132 61 70 268 1178  
333 94 61 23 107 62 97 273 1132  
286 99 78 11 129 39 82 296 1162  
332 110 59 9 122 45 91 303 1111  
351 65 66 17 130 38 105 312 1098  
333 81 64 13 123 58 120 261 1129  
351 60 57 17 129 47 106 267 1148  
346 95 46 11 131 32 119 356 1046  
328 90 65 11 133 39 93 292 1131  
310 76 77 18 130 48 84 262 1177  
332 91 71 7 118 38 114 286 1125  
334 81 68 17 122 44 119 287 1110  
337 76 66 13 128 53 96 276 1137  
318 84 73 15 144 43 74 303 1128  
366 63 58 16 122 59 127 247 1124  
327 90 63 8 135 43 84 305 1127  
308 90 58 7 147 44 77 335 1116  
343 80 63 13 116 47 95 288 1137  
309 83 78 9 111 68 76 252 1196  
325 77 79 14 133 44 105 255 1150  
327 75 61 14 119 47 101 264 1174  
325 86 66 11 107 61 98 269 1159  
318 98 73 12 118 49 85 277 1152  
305 83 62 17 145 31 101 321 1117  
322 51 74 20 118 53 85 293 1166  
309 84 63 9 147 47 91 287 1145  
344 54 62 23 118 47 119 268 1147  
329 68 72 5 132 48 116 280 1132  
342 72 60 11 127 31 91 302 1146  
331 82 76 7 126 42 106 296 1116  
353 62 66 9 111 55 101 295 1130  
321 69 71 17 126 47 77 275 1179  
319 94 66 12 124 43 87 291 1146  
343 69 65 9 154 47 92 288 1115  
306 120 59 14 137 48 88 283 1127  
315 82 67 15 122 62 84 288 1147  
311 77 76 7 126 53 82 286 1164  
325 94 60 7 123 49 83 271 1170  
324 70 61 23 114 40 90 289 1171  
348 77 58 26 130 41 144 271 1087  
338 76 73 6 103 66 85 258 1177  
330 75 51 16 121 54 110 295 1130  
316 73 78 14 107 58 86 284 1166  
298 75 80 11 114 67 84 245 1208  
353 54 54 14 138 51 93 297 1128  
311 84 90 17 129 53 73 239 1186  
318 84 65 14 121 51 108 316 1105  
367 79 62 15 125 48 98 293 1095  
339 78 48 10 150 37 112 294 1114  
313 79 60 19 133 50 104 275 1149  
341 65 77 14 130 48 119 266 1122  
348 71 59 27 113 51 114 249 1150  
346 80 59 16 121 60 122 247 1131  
344 66 65 18 116 46 116 284 1127  
329 84 62 11 131 43 94 289 1139  
337 68 79 23 113 49 81 246 1186  
325 88 61 8 107 62 113 256 1162  
320 87 73 11 133 45 89 359 1065  
328 71 71 21 128 53 93 305 1112  
342 67 81 21 123 54 101 271 1122  
343 75 59 15 125 54 95 299 1117  
314 69 86 10 116 62 103 235 1187  
317 79 62 11 129 54 115 276 1139  
321 81 50 12 151 38 88 347 1094  
321 79 72 14 111 46 102 306 1131  
338 97 61 13 122 65 104 262 1120  
321 82 79 7 130 58 90 272 1143  
344 58 87 9 106 61 108 241 1168  
333 83 56 22 132 42 119 307 1088  
344 56 89 13 120 66 104 213 1177  
333 73 53 16 143 37 95 317 1115  
346 84 56 20 119 37 117 282 1121  
310 82 65 14 118 55 72 294 1172  
326 79 58 13 128 44 86 304 1144  
329 74 52 10 122 44 107 305 1139  
325 84 79 12 124 60 83 271 1144  
335 72 63 14 130 52 102 281 1133  
308 89 86 9 136 37 80 292 1145  
345 71 72 11 124 52 106 290 1111  
309 86 91 6 139 47 81 307 1116  
323 68 62 17 113 40 108 301 1150  
314 68 80 13 123 48 98 259 1179  
302 108 69 6 133 38 87 311 1128  
316 92 80 5 115 51 79 301 1143  
323 76 66 17 126 49 112 242 1171  
330 72 76 15 116 54 118 243 1158  
337 80 57 17 114 41 86 310 1140  
306 82 62 15 119 54 115 280 1149  
330 85 65 16 125 46 92 313 1110  
347 84 41 16 132 35 114 319 1094  
318 102 62 12 133 32 82 372 1069  
345 75 66 15 121 56 85 282 1137  
304 84 56 15 145 46 102 288 1142  
338 77 62 19 140 41 96 299 1110  
327 80 63 13 128 47 103 289 1132  
321 81 68 9 124 45 72 296 1166  
330 88 68 12 126 47 84 313 1114  
337 88 63 15 111 55 100 295 1118  
316 72 91 8 147 56 82 244 1166  
334 75 49 16 128 53 99 292 1136  
329 74 66 11 117 53 104 251 1177  
303 78 79 14 124 58 106 220 1200  
331 78 65 13 129 39 81 271 1175  
315 84 67 15 126 51 95 294 1135  
329 62 67 7 127 58 112 247 1173  
332 71 63 8 132 55 86 285 1150  
316 68 67 11 125 54 76 261 1204  
322 87 67 10 127 56 92 232 1189  
333 83 84 18 110 70 82 245 1157  
340 71 76 17 126 58 93 256 1145  
325 84 61 13 134 49 84 280 1152  
328 63 81 18 130 50 100 266 1146  
361 56 78 25 113 52 114 219 1164  
308 77 73 17 119 55 91 303 1139  
300 86 84 11 125 51 83 258 1184  
337 65 57 16 122 45 99 318 1123  
325 59 73 9 125 54 108 293 1136  
322 82 67 12 140 49 66 354 1090  
339 74 84 13 131 45 70 273 1153  
316 80 92 7 112 61 106 240 1168  
335 78 67 7 126 55 89 285 1140  
309 86 74 9 128 47 85 263 1181  
314 89 57 10 140 45 92 317 1118  
308 66 73 18 117 55 110 227 1208  
299 96 72 5 131 62 82 253 1182  
329 84 71 7 138 36 115 297 1105  
343 67 76 10 110 43 117 291 1125  
284 77 92 11 141 51 83 297 1146  
316 74 73 14 121 56 103 281 1144  
325 91 70 17 129 39 85 276 1150  
319 70 75 9 130 44 91 301 1143  
325 85 60 12 116 46 109 321 1108  
321 59 75 16 111 57 95 273 1175  
305 83 75 11 140 49 78 271 1170  
325 81 70 12 132 44 109 276 1133  
315 92 88 10 117 51 92 243 1174  
