0.6987104337631888 0.363376251788269 0.8200568990042675  
0.7180667433831991 0.3554376657824934 0.8033564392557461  
0.7082405345211582 0.3659305993690852 0.8248587570621468  
0.7258938244853738 0.4067796610169491 0.8287965616045846  
0.7250000000000001 0.37846153846153846 0.8270995059985886  
0.7245444801714899 0.3546325878594249 0.8213903743315507  
0.7151095732410612 0.35311572700296734 0.8232376904002834  
0.6922209695603156 0.36235955056179775 0.816636528028933  
0.696528555431131 0.345821325648415 0.8159884767734966  
0.7280606717226435 0.38815789473684215 0.8400988351570773  
0.7100456621004566 0.35693215339233036 0.8249110320284698  
0.7035897435897436 0.35693215339233036 0.798229435632608  
0.7096092925026399 0.36950146627565983 0.8131627056672761  
0.7164502164502164 0.35866261398176286 0.8173975557153127  
0.7013574660633484 0.36141304347826086 0.8024781341107872  
0.6715328467153284 0.38537271448663857 0.8322147651006712  
0.7019867549668874 0.39577039274924475 0.8226037195994277  
0.7128927410617552 0.37640449438202245 0.8061561011359474  
0.7224669603524229 0.3722397476340694 0.8270729978738482  
0.7369589345172031 0.33593749999999994 0.8044526901669758  
0.711159737417943 0.37215909090909094 0.8091769847050255  
0.703781512605042 0.3704775687409551 0.8114663726571113  
0.7027027027027027 0.35410764872521244 0.8079034028540066  
0.7037861915367484 0.41074249605055285 0.832333215672432  
0.6970684039087948 0.38810641627543035 0.8174037089871612  
0.7302564102564102 0.36196319018404904 0.8206065034709537  
0.7401069518716579 0.3697234352256186 0.8132749817651349  
0.7146118721461187 0.3741403026134801 0.8141977544367982  
0.6971677559912854 0.33333333333333337 0.8023171614771905  
0.7268673355629878 0.4064 0.8395496129486276  
0.7349137931034482 0.34818941504178275 0.8160412067696836  
0.7272727272727273 0.3957968476357268 0.8444444444444443  
0.739476678043231 0.3769784172661871 0.825089605734767  
0.7073170731707317 0.37967914438502676 0.8135593220338984  
0.7227615965480043 0.36018957345971564 0.8231098430813124  
0.7154471544715447 0.3800322061191626 0.839000693962526  
0.7331887201735359 0.40060240963855415 0.83585313174946  
0.6983783783783784 0.35344827586206895 0.8100619759387533  
0.7082035306334371 0.3868954758190328 0.8202898550724637  
0.7362755651237891 0.37003058103975534 0.8241639697950377  
0.6956521739130435 0.3926380368098159 0.8273431994362227  
0.7112068965517241 0.38153846153846155 0.829145728643216  
0.7054794520547945 0.35904255319148937 0.7989766081871347  
0.6998867497168744 0.37604456824512533 0.8208469055374593  
0.7353266888150609 0.40242057488653554 0.8321428571428572  
0.726086956521739 0.40479760119940034 0.8260712999639899  
0.6831364124597208 0.37883008356545955 0.7985267034990792  
0.7118279569892474 0.4139860139860139 0.8216255976461934  
0.6954595791805094 0.35646687697160884 0.8284400424478245  
0.7323628219484882 0.37014925373134333 0.829703677258122  
0.7130242825607064 0.3420647149460709 0.8323246707013172  
0.7266514806378132 0.3293768545994065 0.8157894736842105  
0.7467811158798283 0.3824451410658307 0.8332140300644238  
0.7032967032967034 0.3618513323983169 0.8091937249179132  
0.7254685777287763 0.36605657237936773 0.8326330532212884  
0.6926503340757239 0.34067547723935393 0.8157989228007181  
0.7112597547380157 0.39330543933054396 0.8145454545454545  
0.7193932827735645 0.38668779714738505 0.8306049822064058  
0.7221570926143024 0.4141689373297002 0.8275117032769175  
0.7201834862385321 0.3901734104046243 0.8300000000000001  
0.7079037800687286 0.3993993993993994 0.8261946902654868  
0.7259100642398287 0.4006024096385542 0.8322487346348517  
0.7042842215256008 0.4093959731543624 0.8288865172536465  
0.734602463605823 0.34740259740259744 0.8322241681260946  
0.7048260381593714 0.37293233082706767 0.8205128205128205  
0.7228144989339019 0.39432624113475173 0.8173465637633224  
0.6971677559912854 0.36253776435045315 0.8168103448275863  
0.7033997655334114 0.3619047619047619 0.8148414985590777  
0.6969353007945517 0.36795252225519287 0.8216447134211463  
0.7254237288135592 0.3710777626193725 0.7997086671522214  
0.7415966386554621 0.37070254110612855 0.8209989063069633  
0.7127192982456141 0.3993808049535604 0.8332145402708481  
0.7092651757188497 0.40951122853368566 0.8170914542728636  
0.7376344086021506 0.3631123919308357 0.8153284671532848  
0.723952738990333 0.3830409356725146 0.8213895962168062  
0.7092050209205022 0.3736842105263158 0.7900302114803625  
0.7154105736782903 0.3722149410222804 0.806047197640118  
0.7336244541484715 0.39705882352941174 0.8229768786127168  
0.7094668117519043 0.4059701492537313 0.8187387387387389  
0.7172557172557174 0.38922155688622756 0.8185808339429408  
0.7423117709437963 0.38402457757296465 0.8223826714801445  
0.7168141592920354 0.3751651254953765 0.8057713651498335  
0.703962703962704 0.38491547464239273 0.8118377785896967  
0.7147613762486128 0.3988183161004431 0.8348887293610912  
0.7079856972586412 0.37481698389458273 0.8282899366643209  
0.7197452229299361 0.41515151515151516 0.830557566980449  
0.730728616684266 0.40620155038759687 0.8282828282828283  
0.6755555555555557 0.3477124183006536 0.7891811782141533  
0.7057546145494029 0.3908396946564885 0.8220946915351507  
0.7530864197530864 0.3775216138328531 0.8117123795404003  
0.7366020524515393 0.39459459459459456 0.8183472879504915  
0.7038626609442059 0.36904761904761896 0.8094202898550724  
0.7213114754098362 0.3769784172661871 0.8177196804647785  
0.7353266888150609 0.34745762711864403 0.8194696694515075  
0.7103594080338266 0.37876614060258246 0.8173465637633223  
0.7015098722415796 0.36314363143631434 0.807233273056058  
0.7278617710583153 0.3763736263736264 0.7992619926199263  
0.7339847991313789 0.3609022556390977 0.822174226061915  
0.7355864811133201 0.4167872648335745 0.8106486689163855  
0.6983425414364641 0.3580786026200873 0.8174603174603176  
0.7268571428571428 0.3734177215189874 0.8372418620931048  
0.7346465816917729 0.3542673107890499 0.8361111111111111  
0.7266666666666667 0.3800904977375566 0.8304177079614423  
0.6875 0.36079545454545453 0.8183118741058655  
0.7203219315895372 0.35227272727272724 0.7891972993248312  
0.7159353348729793 0.37122302158273385 0.8276846236175526  
0.7139689578713969 0.36231884057971014 0.8203463203463203  
0.7119021134593994 0.396694214876033 0.8229280759401241  
0.7049180327868853 0.4211886304909561 0.8157894736842106  
0.7191011235955056 0.3874813710879284 0.8276846236175526  
0.7077267637178052 0.3546325878594249 0.8358523725834798  
0.7295454545454546 0.34049079754601225 0.8199152542372881  
0.7396061269146608 0.38 0.8203636363636364  
0.7231638418079096 0.3835227272727273 0.8266666666666667  
0.7351955307262571 0.39375 0.8278543655001767  
0.7133479212253829 0.3889789303079417 0.8330391810801271  
0.7052023121387283 0.37916063675832123 0.8198005698005698  
0.7262693156732891 0.3988439306358382 0.8308026030368764  
0.6875699888017918 0.40648011782032395 0.8273638968481375  
0.7020316027088036 0.4099378881987577 0.8095772540216984  
0.7335490830636462 0.36283185840707965 0.8205871692642261  
0.7205240174672489 0.3631205673758865 0.8202697776157492  
0.7192224622030238 0.3177842565597668 0.8037790697674417  
0.7124183006535948 0.32760898282694845 0.7891409445890666  
0.7058823529411765 0.3763608087091757 0.8262411347517731  
0.7245119305856832 0.3644444444444445 0.8095410191543189  
0.7274800456100343 0.3840682788051209 0.8225574712643678  
0.7056323060573858 0.3796033994334278 0.8038277511961722  
0.7133479212253829 0.3586429725363489 0.8343341575415048  
0.6937853107344633 0.38737446197991393 0.8238677210639828  
0.6940639269406393 0.36312056737588655 0.8070427596119296  
0.7133479212253829 0.34048640915593703 0.8135223555070884  
0.699530516431925 0.3617647058823529 0.8305084745762711  
0.6951871657754011 0.38026124818577645 0.8218978102189781  
0.7113062568605928 0.3573667711598746 0.8376554174067494  
0.7343412526997841 0.3815028901734104 0.8201019664967225  
0.7263479145473042 0.3631284916201117 0.7969981238273921  
0.7050691244239631 0.39318885448916413 0.8364912280701755  
0.7489451476793249 0.42036124794745483 0.8357677235482722  
0.7070270270270271 0.37668161434977576 0.8281588447653431  
0.7282850779510022 0.3713527851458886 0.8001474926253689  
0.7198177676537585 0.4085714285714286 0.8305814788226848  
0.7211328976034859 0.4042553191489362 0.827116212338594  
0.7247007616974973 0.3682539682539682 0.82202486678508  
0.7101604278074867 0.3647604327666152 0.8173975557153128  
0.7026455026455026 0.38755304101838756 0.8237463126843657  
0.7369542066027689 0.39759036144578314 0.8214415067004708  
0.6971428571428572 0.36057068741893644 0.8020603384841797  
0.7272727272727273 0.37417654808959155 0.8010316875460575  
0.7032734952481521 0.3705799151343706 0.8140221402214022  
0.7393675027262814 0.34559999999999996 0.8362863217576189  
0.7321016166281755 0.3818424566088117 0.822117133503092  
0.7232558139534884 0.37800687285223367 0.8425735797399042  
0.7098214285714286 0.38494934876989867 0.8188692833993517  
0.7184684684684685 0.328548644338118 0.8269568269568269  
0.7332549941245593 0.3785310734463277 0.8306595365418894  
0.69593147751606 0.30817610062893086 0.8153185397279884  
0.7105263157894737 0.35833333333333334 0.8055555555555556  
0.7009345794392524 0.3793103448275862 0.8221906116642959  
0.738569753810082 0.3855072463768116 0.8351648351648351  
0.7145922746781116 0.3681747269890795 0.8319598710139734  
0.7171824973319103 0.3759630200308166 0.8185745140388768  
0.7128027681660899 0.3658170914542728 0.8261484098939929  
0.7175398633257403 0.35961272475795303 0.8150560984437205  
0.7058823529411765 0.3976435935198822 0.8318457693680829  
0.7508305647840531 0.38532110091743127 0.8300676879230495  
0.7377979568671963 0.3734567901234568 0.8324514991181657  
0.7116827438370847 0.3974358974358974 0.832205201282508  
0.7188533627342889 0.347949080622348 0.8152727272727271  
0.7121212121212119 0.3814569536423841 0.8156424581005587  
0.7257203842049094 0.3722397476340694 0.8342284282133907  
0.7278688524590162 0.3841961852861035 0.8176795580110496  
0.7086446104589114 0.42105263157894735 0.8107911046299671  
0.7437641723356009 0.36443148688046645 0.8240343347639486  
0.7091295116772823 0.4165435745937961 0.8189435336976321  
0.713489409141583 0.33727810650887574 0.8068792547474024  
0.7076271186440679 0.35820895522388063 0.8145454545454546  
0.7213822894168468 0.39606741573033705 0.8165810711665444  
0.7345537757437071 0.4123076923076923 0.8436619718309859  
0.705749718151071 0.3733333333333333 0.8165596002855103  
0.704784130688448 0.3902439024390244 0.8306049822064056  
0.7351351351351353 0.38550724637681155 0.8177519097853766  
0.6866002214839425 0.3442389758179232 0.8056562726613489  
0.6929316338354577 0.3484042553191489 0.7988359403419425  
0.7195530726256983 0.3805436337625179 0.8216606498194946  
0.728249194414608 0.411371237458194 0.83668430335097  
0.7034949267192784 0.37202380952380953 0.8306595365418895  
0.7120879120879121 0.34768740031897927 0.8291475061903076  
0.7201735357917569 0.3720930232558139 0.8148148148148149  
0.7124563445867288 0.3798319327731093 0.8391752577319587  
0.6923879040667362 0.3893016344725111 0.815519765739385  
0.7253218884120172 0.37014925373134333 0.8117306299782766  
0.70509977827051 0.4072948328267478 0.8202567760342369  
0.7102137767220902 0.35656836461126 0.8069164265129682  
0.7116430903155603 0.35227272727272724 0.8084640642101422  
0.7193585337915236 0.3687150837988827 0.8115315315315315  
0.7129629629629631 0.35714285714285715 0.8131313131313131  
0.7212055974165769 0.3814569536423841 0.808955223880597  
0.7155361050328228 0.3780290791599354 0.8300953726598376  
0.7210300429184548 0.3717948717948718 0.8276353276353275  
0.7355555555555556 0.40683229813664595 0.8368794326241135  
0.72090395480226 0.3768115942028986 0.8257522743177047  
0.7191011235955057 0.3950953678474114 0.8145985401459854  
0.7122641509433962 0.37302725968436157 0.8151826888967718  
0.7243243243243243 0.3872919818456883 0.8243340532757379  
0.6947368421052633 0.3593130779392338 0.7986450884456153  
0.7276688453159041 0.413075780089153 0.832311575910566  
0.7136150234741785 0.3367875647668394 0.8007299270072993  
0.7026406429391504 0.4068857589984351 0.8332165381920112  
0.701912260967379 0.38440111420612816 0.8073993471164309  
0.7113513513513513 0.36 0.8127053669222343  
0.7142857142857143 0.3719676549865229 0.8092485549132948  
0.7463359639233371 0.4128843338213762 0.8346456692913385  
0.7398720682302772 0.3923444976076555 0.8338692390139336  
0.7130434782608696 0.3651925820256776 0.8129784907036093  
0.7011615628299894 0.38746438746438744 0.807366482504604  
0.751311647429171 0.3893249607535322 0.829127613554434  
0.7362385321100917 0.39944134078212296 0.8162824207492795  
0.7213114754098362 0.37340876944837337 0.822689975026757  
0.7445708376421925 0.3779761904761904 0.82348623853211  
0.7129186602870813 0.38429172510518933 0.8326820603907638  
0.7274826789838339 0.3893249607535323 0.8395665851101013  
0.7119021134593992 0.3943217665615142 0.8251501236312258  
0.721627408993576 0.36592178770949724 0.8054532056005896  
0.6997635933806147 0.37660485021398 0.8242811501597445  
0.7035490605427975 0.3739130434782609 0.8107511045655376  
0.7081891580161476 0.38610038610038605 0.8139705882352941  
0.7280606717226437 0.3589076723016905 0.7979041916167665  
0.7 0.3940298507462687 0.8287135749822317  
0.7081967213114756 0.40634005763688763 0.8246823956442831  
0.6936026936026936 0.36300174520069806 0.8344827586206897  
0.7321965897693078 0.37086092715231794 0.833152370611654  
0.7230046948356809 0.36363636363636365 0.8281907433380085  
0.7108307045215563 0.3395638629283489 0.8256946950559365  
0.7296996662958843 0.39477503628447025 0.829250720461095  
0.7379032258064516 0.38473282442748086 0.8214942951785056  
0.6956521739130433 0.3787465940054496 0.8122941822173435  
0.7288503253796095 0.3947750362844703 0.826734471485652  
0.7348734873487348 0.3792048929663609 0.8289896465548018  
0.7250554323725056 0.38153846153846155 0.82574679943101  
0.7207207207207208 0.363395225464191 0.8163115356355621  
0.6879505664263645 0.38461538461538464 0.8097165991902835  
0.7219827586206896 0.347107438016529 0.8265630519251148  
0.6721479958890031 0.37908496732026137 0.817560273479669  
0.6866359447004607 0.3773006134969325 0.8255977496483826  
0.6951501154734412 0.37170596393897365 0.8224702916816709  
0.707290533188248 0.37632776934749623 0.814070351758794  
0.724604966139955 0.36615384615384616 0.8338048090523339  
0.6877934272300469 0.35574229691876746 0.823445318084346  
0.7034813925570227 0.40584415584415584 0.8404802744425386  
0.7019867549668874 0.36760124610591904 0.8274147727272728  
0.7153762268266085 0.3211267605633803 0.8111070515162587  
0.7186813186813188 0.36148148148148146 0.8254767902123066  
0.7350427350427351 0.36867862969004894 0.8341030195381883  
0.7311827956989247 0.39130434782608686 0.8155976676384838  
0.7236180904522613 0.3692307692307692 0.8083854358219933  
0.6946236559139786 0.35124508519003933 0.7959565705728192  
0.713375796178344 0.35757575757575755 0.8233164373642289  
0.7219730941704036 0.3759398496240602 0.8250801567509797  
0.7039106145251397 0.37770897832817335 0.8374070138150903  
0.7130801687763714 0.36923076923076925 0.807108478341355  
0.700578034682081 0.38471673254281946 0.8175182481751825  
0.7309417040358744 0.3333333333333333 0.8260869565217391  
0.7032710280373831 0.3759177679882526 0.8284400424478244  
0.7191256830601094 0.38360175695461196 0.8228488792480116  
0.7201735357917571 0.39782016348773847 0.8131462333825702  
0.7453954496208017 0.3583815028901734 0.8119316114950892  
0.7230255839822025 0.3510971786833856 0.829854969932791  
0.7378238341968911 0.32989690721649484 0.8014705882352942  
0.7037815126050421 0.38125000000000003 0.8131313131313131  
0.7389380530973451 0.3839732888146911 0.8360713037399511  
0.6847599164926931 0.3633587786259542 0.822246455834242  
0.7209554831704668 0.3605546995377504 0.8267716535433071  
0.745054945054945 0.37209302325581395 0.8244927020291919  
0.7037037037037037 0.41497659906396256 0.8285204991087344  
0.7274774774774776 0.33590138674884434 0.8291475061903076  
0.7003222341568207 0.40358744394618834 0.8321273516642548  
0.702819956616052 0.3518796992481203 0.8159884767734966  
0.6843853820598007 0.3763608087091757 0.8303761533002129  
0.7393675027262815 0.35704323570432356 0.813919413919414  
0.7265221878224974 0.4025157232704403 0.8205871692642263  
0.7071823204419889 0.38081805359661497 0.8174545454545455  
0.6972477064220183 0.37400530503978774 0.8086194302410518  
0.710467706013363 0.36881559220389803 0.8138620936048588  
0.7426160337552743 0.3707865168539326 0.8136094674556212  
0.717607973421927 0.3529411764705882 0.8219971056439942  
0.6927138331573389 0.36874999999999997 0.8195894850558156  
0.72 0.37264957264957266 0.832096147048427  
0.73224043715847 0.35868005738880915 0.8212209302325582  
0.7200929152148664 0.3657587548638132 0.8060029282576867  
0.7104413347685683 0.363103953147877 0.8226744186046511  
0.7375415282392027 0.37518037518037517 0.8171965317919074  
0.7319243604004448 0.4155844155844156 0.8466128466128465  
0.73890608875129 0.4085667215815486 0.8350071736011477  
0.704135737009544 0.3869918699186992 0.8239486813970064  
0.7117117117117115 0.40746500777604977 0.833745146487822  
0.7103825136612022 0.3805031446540881 0.8247422680412371  
0.7270742358078602 0.3700564971751413 0.8131386861313868  
0.7314524555903866 0.36065573770491804 0.8104672897196262  
0.7262931034482759 0.3606102635228849 0.8110497237569061  
0.724669603524229 0.39999999999999997 0.8346400570206699  
0.7189542483660131 0.35195530726256985 0.8102564102564102  
0.7205387205387205 0.388268156424581 0.8153790351831701  
0.6979405034324943 0.3641304347826087 0.8053740014524329  
0.7221597300337458 0.3698224852071006 0.8245802072168631  
0.7137891077636153 0.35453315290933696 0.8124547429398986  
0.7262931034482759 0.33973412112259976 0.8140630663283799  
0.6998867497168743 0.3639575971731449 0.8445969125214409  
0.6953713670613563 0.37388724035608306 0.8228902571532053  
0.7085714285714285 0.3508771929824562 0.815686274509804  
0.7432150313152401 0.3852080123266564 0.8262604280014507  
0.7193169690501602 0.39124087591240875 0.8161925601750546  
0.7210584343991179 0.3692762186115214 0.8215827338129498  
0.7427293064876956 0.3961485557083906 0.8166241341596792  
0.6983783783783785 0.33777777777777773 0.8162083936324168  
0.7021276595744681 0.3715846994535519 0.8169418521177315  
0.7174603174603175 0.360128617363344 0.8258848766535573  
0.7295864262990456 0.3619047619047619 0.7967237527922562  
0.7117852975495915 0.36441893830703015 0.8135231316725979  
0.7252747252747253 0.3602941176470589 0.8398625429553265  
0.7258771929824561 0.38255977496483823 0.8143013498723094  
0.6915254237288135 0.39087947882736157 0.8397905759162303  
0.7233560090702947 0.36549707602339176 0.8191565403859901  
0.7144408251900108 0.37025316455696206 0.824617573817147  
0.7139784946236558 0.39639639639639634 0.7948814452389913  
0.7065217391304348 0.3785310734463277 0.8267543859649122  
0.7110187110187111 0.3502824858757062 0.7980697847067557  
0.7415966386554622 0.3696275071633238 0.8128224023581428  
0.6960167714884696 0.3679245283018868 0.8168709444844989  
0.6954492415402567 0.38904899135446686 0.8218983291859225  
0.7264770240700219 0.3504043126684636 0.8057607090103398  
0.7213114754098361 0.40494590417310666 0.8294075660242685  
0.7274678111587983 0.41350210970464135 0.8217567070929805  
0.7142857142857143 0.3513097072419106 0.8208469055374593  
0.7264864864864865 0.37852348993288587 0.81365998515219  
0.6869918699186992 0.39150227617602423 0.8048511576626239  
0.6945412311265969 0.3866877971473851 0.8363509749303621  
0.7109111361079866 0.3812709030100334 0.8335071254779284  
0.7218045112781954 0.3940397350993377 0.8448214916931778  
0.7430478309232481 0.3497615262321145 0.8229901269393511  
0.7119021134593995 0.3944444444444444 0.8167577413479052  
0.7200878155872668 0.3863987635239567 0.8332145402708482  
0.7209302325581396 0.40544629349470496 0.8248095756256801  
0.7369565217391305 0.38655462184873957 0.8117216117216117  
0.7302275189599132 0.3877551020408163 0.8174228675136116  
0.7128263337116912 0.37978560490045943 0.8289752650176677  
0.7184265010351968 0.34575260804769004 0.8104143747708104  
0.7081447963800904 0.3434065934065934 0.8132267441860466  
0.7401574803149605 0.4018126888217523 0.8346960540348382  
0.7031763417305587 0.36465638148667606 0.8195763330898468  
0.7016317016317015 0.36729222520107235 0.8159420289855072  
0.7016759776536313 0.3562412342215989 0.818577648766328  
0.7221597300337457 0.38565022421524664 0.8353528153955808  
0.7475622968580716 0.3689320388349514 0.8132352941176471  
0.7198177676537585 0.38172920065252847 0.8332753219631047  
0.7061310782241015 0.3849372384937238 0.807108478341355  
0.7227615965480042 0.3909090909090909 0.8253510983075262  
0.7049723756906078 0.35724331926863573 0.8180494905385736  
0.7157894736842105 0.37257824143070045 0.8209989063069631  
0.7032710280373831 0.3440559440559441 0.8199069101324741  
0.7502726281352236 0.4023323615160349 0.8279608837377761  
0.7270742358078603 0.3554868624420402 0.8268475544448411  
0.699007717750827 0.35683453237410073 0.8175235336712526  
0.7272727272727273 0.3725490196078431 0.811499272197962  
0.7084785133565622 0.3943217665615142 0.8281631230393867  
0.7069351230425055 0.39215686274509803 0.8243831640058055  
0.7189988623435724 0.3845007451564828 0.8329779673063256  
0.7231121281464531 0.3396825396825397 0.8272727272727273  
0.7057546145494028 0.3746312684365782 0.8180831826401446  
0.7109111361079865 0.3651877133105802 0.8411214953271028  
0.7249190938511326 0.37730496453900714 0.8125915080527086  
0.7354838709677419 0.40432098765432095 0.829145728643216  
0.732519422863485 0.34396671289875175 0.8067104303428154  
0.7039473684210525 0.3628571428571429 0.8117732558139534  
0.7193169690501601 0.374079528718704 0.8129548762736537  
0.7022222222222223 0.40729483282674767 0.8275124732715611  
0.7138263665594856 0.36694677871148457 0.8141332351858667  
0.7334630350194553 0.3891547049441786 0.8150609080841638  
0.7136258660508082 0.373113854595336 0.82484651498736  
0.7266881028938907 0.37222222222222223 0.8129841386942088  
0.7076271186440678 0.3685636856368564 0.8023862788963461  
0.7385620915032679 0.3647604327666152 0.826009289031797  
0.7191709844559585 0.3862660944206009 0.8103703703703704  
0.7274590163934426 0.4157814871016691 0.8259435690729207  
0.6984455958549223 0.37099494097807756 0.8218104062722738  
0.7238307349665926 0.355359765051395 0.822262118491921  
0.7342047930283224 0.37329700272479566 0.8097345132743363  
0.7440811724915445 0.3764705882352941 0.8223096174472649  
0.711111111111111 0.34471544715447155 0.8209700427960056  
0.6835748792270532 0.3876177658142665 0.8156104547081992  
0.6946651532349603 0.3971223021582734 0.8249641319942612  
0.7304730473047305 0.35820895522388063 0.8071813285457811  
0.7272727272727273 0.3726346433770015 0.8209226298583364  
0.7389473684210526 0.35789473684210527 0.8250272826482358  
0.7191256830601093 0.38095238095238093 0.8253510983075261  
0.7246376811594202 0.3774069319640565 0.8028273809523809  
0.7170675830469644 0.3762057877813505 0.8358313001045661  
0.7278688524590164 0.36161335187760785 0.8117216117216117  
0.7330415754923412 0.3876923076923077 0.8307142857142857  
0.7085201793721974 0.3876923076923077 0.8348688873139617  
0.7042577675489068 0.3798219584569733 0.8280751506557957  
0.7202718006795018 0.3758765778401122 0.8186416184971098  
0.7086956521739131 0.3655274888558692 0.8235294117647058  
0.7340425531914894 0.38363892806770095 0.8132596685082872  
0.6965065502183406 0.3701578192252511 0.8142493638676844  
0.7171824973319104 0.36908517350157727 0.824919441460795  
0.7123893805309733 0.3621533442088091 0.8359676852827538  
0.7325842696629212 0.3685897435897436 0.831578947368421  
0.7072905331882481 0.34502103786816274 0.8008784773060028  
0.7023809523809523 0.364179104477612 0.8034251675353686  
0.7046511627906977 0.3656821378340366 0.8184747583243823  
0.7136563876651981 0.363914373088685 0.8244111349036404  
0.7392241379310345 0.3561643835616438 0.8154012234616768  
0.7194092827004218 0.4016973125884017 0.8054632705795496  
0.7123595505617979 0.3693181818181818 0.8144404332129963  
0.7404255319148937 0.3451463790446841 0.8216216216216216  
0.7386990077177509 0.4 0.8105302187615869  
0.7272727272727273 0.4144927536231884 0.8420677361853833  
0.7167019027484144 0.367816091954023 0.8096987509184422  
0.7025316455696202 0.38968481375358166 0.8130978660779984  
0.7558685446009389 0.40935672514619886 0.8366336633663366  
0.6939704209328782 0.35943517329910135 0.8056171470805615  
0.7117585848074922 0.4 0.8275610645278892  
0.7282608695652174 0.41751824817518246 0.8292859731786879  
0.7184035476718403 0.3746130030959752 0.8259943181818181  
0.7008149010477299 0.35231788079470194 0.8087272727272727  
0.7280898876404494 0.3715170278637771 0.830975954738331  
0.6956521739130435 0.39321074964639313 0.8176835951772013  
0.7421790722761596 0.39883551673944695 0.824  
0.7290116896918171 0.35060975609756095 0.8102638236357066  
0.7121387283236993 0.363103953147877 0.8274147727272728  
0.750263435194942 0.3789764868603043 0.8112927191679048  
0.7003367003367004 0.3444592790387183 0.7988252569750367  
0.710112359550562 0.3708029197080292 0.8103262818214414  
0.7242990654205607 0.3645443196004994 0.8038418913926856  
0.7461368653421633 0.3732590529247911 0.8197080291970803  
0.7156756756756757 0.37516512549537645 0.8068605518269949  
0.7282976324689966 0.3557046979865771 0.831655675112808  
0.6929824561403509 0.3755334281650071 0.8177519097853765  
0.7186147186147185 0.39612188365650974 0.8160412067696836  
0.7124856815578465 0.3736842105263158 0.8216770413767851  
0.7321814254859611 0.4052863436123348 0.8349655422560753  
0.6970954356846473 0.3553008595988539 0.8075499629903775  
0.693422519509476 0.421216848673947 0.8315640481245576  
0.7172264355362947 0.3697996918335901 0.8302292263610316  
0.7409638554216866 0.371875 0.8269794721407625  
0.7036625971143174 0.3881019830028329 0.8153790351831701  
0.7264472190692395 0.3606102635228849 0.8167994207096307  
0.7057522123893806 0.37925925925925924 0.8229802513464991  
0.711943793911007 0.39477124183006534 0.8087431693989071  
0.6996699669966997 0.3454281567489114 0.8177874186550975  
0.7144385026737967 0.3874015748031496 0.8303507516105942  
0.7182940516273849 0.3659305993690852 0.831278619232124  
0.695067264573991 0.38449612403100775 0.8277325787053413  
0.7081447963800905 0.36909871244635195 0.8212873067241999  
0.7052518756698821 0.36429872495446264 0.8327550312283136  
0.7005524861878454 0.40544629349470496 0.8305932809149393  
0.7487283825025434 0.3894736842105263 0.8367129135538953  
0.6944757609921083 0.38957475994513036 0.8107714701601165  
0.7080045095828637 0.35 0.8223096174472648  
0.71412680756396 0.3826086956521739 0.8201801801801801  
0.7178947368421054 0.3915022761760243 0.8137931034482758  
0.727069351230425 0.38785834738617203 0.8404588112617309  
0.7294117647058823 0.39777468706536856 0.8221402214022141  
0.6839729119638827 0.3679775280898876 0.8076644974692697  
0.6998939554612937 0.40197693574958815 0.8343994314143568  
0.6947608200455581 0.3613445378151261 0.8080808080808081  
0.7103004291845493 0.3768545994065282 0.8114575779550398  
0.7072072072072073 0.33333333333333337 0.8053352559480893  
0.7272727272727273 0.38068181818181823 0.8242201834862385  
0.7014218009478673 0.3742857142857143 0.8191489361702127  
0.6892778993435449 0.3458646616541353 0.8078994614003591  
0.7041619797525309 0.37555886736214605 0.825962910128388  
0.7225244831338411 0.37024793388429755 0.8302816901408451  
0.7299703264094956 0.34967320261437906 0.8186793141189347  
0.7363530778164925 0.38485804416403785 0.8323457650749391  
0.7458379578246394 0.3596899224806201 0.8367636621717529  
0.7093712930011863 0.34916201117318435 0.8106951871657754  
0.7181069958847738 0.35964912280701755 0.8035450516986707  
0.7439824945295405 0.41168289290681503 0.8253387037715122  
0.7070484581497799 0.3548872180451128 0.8197778573987818  
0.7083333333333334 0.40303030303030307 0.8273638968481376  
0.734739178690344 0.4012251148545176 0.8327402135231317  
0.7241379310344828 0.39215686274509803 0.8172661870503596  
0.7155361050328227 0.35805626598465473 0.8005997001499251  
0.715071507150715 0.39841688654353563 0.8127549128661475  
0.7070484581497797 0.3880597014925374 0.8179477749172489  
0.7022222222222222 0.3754993342210386 0.8064872834500554  
0.701388888888889 0.3650385604113111 0.8052902277736959  
0.7091295116772824 0.3611111111111111 0.8134715025906736  
0.6987681970884657 0.38011695906432746 0.8202368137782563  
0.7062499999999999 0.4298245614035088 0.8066176470588234  
0.7185354691075516 0.37202797202797205 0.8216216216216218  
0.7184466019417475 0.35390946502057613 0.8116691285081241  
0.7122692725298587 0.3905817174515236 0.8085262771040058  
0.7297297297297297 0.36565977742448336 0.8359676852827537  
0.6998916576381364 0.336986301369863 0.7982294356326078  
0.7234513274336284 0.3866057838660579 0.8262575811630395  
0.7306843267108167 0.395924308588064 0.8278599783471671  
0.7149122807017544 0.38483146067415724 0.8116788321167884  
0.6909518213866039 0.3753943217665615 0.8370962139631817  
0.7467532467532468 0.3706777316735823 0.8148693411851307  
0.7087857847976307 0.37142857142857144 0.8070562293274532  
0.7054945054945055 0.3796711509715994 0.814362657091562  
0.7025906735751296 0.35795454545454547 0.7925788497217069  
0.7125140924464486 0.3859649122807018 0.8263515932688866  
0.6957494407158837 0.3693181818181818 0.824295010845987  
0.7254004576659039 0.3676703645007924 0.8373557187827912  
0.6877040261153428 0.3597733711048159 0.8083242059145673  
0.7035897435897436 0.37298091042584436 0.8101920236336779  
0.7117516629711751 0.34352256186317326 0.8122522522522522  
0.71864406779661 0.3229308005427408 0.799416484318016  
0.6877828054298643 0.37926675094816686 0.801785050204537  
0.697986577181208 0.3603351955307263 0.812636165577342  
0.7322175732217574 0.3488 0.8250089831117499  
0.7085106382978724 0.3801418439716312 0.8069143067304156  
0.732484076433121 0.3774250440917108 0.8469352014010507  
0.7150837988826816 0.3671232876712329 0.8170865279299014  
0.71731843575419 0.3954154727793696 0.817755322988091  
0.6867052023121387 0.3657142857142857 0.8252947481243301  
0.7100456621004566 0.3920367534456356 0.8310405643738977  
0.7119021134593992 0.3698224852071006 0.8182144137683758  
0.7232237539766702 0.37439999999999996 0.8311874105865522  
0.7192784667418264 0.34328358208955223 0.8243676522978268  
0.7224080267558529 0.39999999999999997 0.8284400424478245  
0.7256637168141593 0.3615494978479196 0.820123054650742  
0.7199124726477023 0.38888888888888884 0.7951002227171493  
0.7102396514161219 0.3980738362760835 0.8296138859369464  
0.7227074235807861 0.38135593220338976 0.816058394160584  
0.7106710671067108 0.3636363636363636 0.8228611998580049  
0.7372881355932204 0.35051546391752575 0.8106530463334548  
0.7420042643923241 0.39265536723163846 0.8241353936718175  
0.7217877094972067 0.3616 0.8326300984528833  
0.6952491309385864 0.3603053435114504 0.8172874209416726  
0.715359828141783 0.37438423645320196 0.8229461756373939  
0.745302713987474 0.3398692810457516 0.8282032927702219  
0.717439293598234 0.40730337078651685 0.820830298616169  
0.6893004115226337 0.36611195158850224 0.8019040644452582  
0.7067833698030634 0.3568215892053973 0.8199784405318002  
0.7000000000000001 0.3559322033898305 0.8133047210300429  
0.6948571428571427 0.3775100401606426 0.8088986141502554  
0.7192224622030237 0.37414030261348 0.8129841386942088  
0.6929133858267715 0.382699868938401 0.8008849557522124  
0.7502799552071668 0.36818851251840945 0.8287965616045846  
0.7403433476394848 0.3703703703703704 0.8102564102564103  
0.7207009857612268 0.34795763993948564 0.8193548387096775  
0.7297297297297296 0.3889655172413793 0.8084332969829153  
0.7257203842049093 0.3828571428571429 0.811147781444811  
0.7159090909090908 0.363905325443787 0.8233618233618234  
0.6996699669966997 0.3333333333333333 0.8205851251321818  
0.7419712070874862 0.3626062322946176 0.8166969147005445  
0.7349137931034483 0.3767123287671233 0.8394109396914445  
0.7203482045701851 0.3907692307692308 0.8250447227191413  
0.7198228128460686 0.3718140929535233 0.8260558339298496  
0.7117117117117117 0.413986013986014 0.8185440057950018  
0.7198275862068966 0.35398230088495575 0.8394287704632531  
0.7130620985010706 0.36863823933975237 0.8057713651498335  
0.6898096304591265 0.36065573770491804 0.8199930094372597  
0.7208791208791208 0.3830409356725146 0.8166064981949459  
0.7182203389830509 0.3616692426584235 0.8178867652362063  
0.7250821467688937 0.4191616766467066 0.8264462809917354  
0.7103825136612022 0.37181409295352325 0.8123652048885693  
0.7222857142857142 0.37341772151898733 0.8295414770738537  
0.7168998923573734 0.36388508891928867 0.8143491124260355  
0.6852678571428572 0.40949554896142426 0.8282032927702219  
0.7006802721088434 0.41486068111455116 0.8377997179125528  
0.7153439153439154 0.38392857142857145 0.8103385511467055  
0.7319062181447502 0.36251920122887865 0.8125915080527086  
0.7119386637458927 0.3536231884057971 0.8120246287576965  
0.7405764966740577 0.3761755485893417 0.8286118980169971  
0.7324561403508772 0.3873873873873874 0.8348887293610912  
0.715071507150715 0.417910447761194 0.8436185133239831  
0.7011866235167207 0.4025764895330113 0.8302556818181818  
0.7352941176470589 0.36728837876614057 0.8154696132596685  
0.734090909090909 0.3797101449275362 0.8267716535433071  
0.7181208053691276 0.3730569948186529 0.8020756115641215  
0.7292576419213975 0.3538461538461538 0.8270192994996426  
0.7102803738317757 0.3898573692551506 0.8307264511644074  
0.7453954496208016 0.3703703703703704 0.8177874186550976  
0.7167630057803468 0.3798882681564246 0.8257276320517427  
0.7054794520547945 0.36439499304589706 0.8060671722643553  
0.7328918322295805 0.38551099611901685 0.8007448789571695  
0.703125 0.4105090311986864 0.8345575376005596  
0.7417943107221006 0.34683954619124796 0.831627250264737  
0.7304170905391658 0.3933933933933934 0.8191528545119706  
0.7243589743589743 0.34743202416918434 0.8170643528561099  
0.7093389296956979 0.36391437308868496 0.8226332970620239  
0.6942528735632184 0.3921015514809591 0.8165170556552963  
0.6888633754305395 0.36310395314787697 0.8241992882562277  
0.6956521739130436 0.38065522620904835 0.8151079136690648  
0.6881959910913139 0.37658227848101267 0.826393789696542  
0.7049368541905855 0.3691529709228824 0.7994078460399703  
0.7097532314923618 0.3496296296296296 0.8238195912614519  
0.7336343115124154 0.40740740740740744 0.8381625441696113  
0.6878547105561861 0.3987915407854985 0.8287841191066997  
0.6923925027563396 0.3756476683937824 0.8014897579143389  
0.7175080558539205 0.39771101573676676 0.8163862472567666  
0.7198321091290661 0.39420289855072466 0.8122013965453877  
0.7158590308370044 0.35833333333333334 0.8084795321637427  
0.7318757192174914 0.3929539295392954 0.8066739209285455  
0.7047200878155871 0.3819444444444445 0.8362877997914495  
0.7374301675977653 0.3583460949464012 0.8316761363636364  
0.693304535637149 0.40412979351032446 0.8297101449275361  
0.6871444823663254 0.36818851251840945 0.82679971489665  
0.7334710743801652 0.31239935587761675 0.8216216216216216  
0.7183406113537119 0.38947368421052625 0.802827380952381  
0.6818675352877308 0.41063515509601184 0.8257411424439624  
0.7079646017699115 0.33962264150943394 0.8307365439093485  
0.7212741751990899 0.3835616438356165 0.8224893917963225  
0.7097480832420592 0.3855755894590846 0.8124542124542126  
0.7099476439790575 0.3855072463768116 0.825303420375138  
0.7127429805615553 0.3988183161004431 0.8279608837377762  
0.6851211072664359 0.3744680851063829 0.8130372492836676  
0.6947141316073355 0.37984496124031003 0.8006008261359369  
0.7147540983606557 0.3871866295264624 0.8136213841083851  
0.723404255319149 0.3803863298662705 0.8379613356766256  
0.7076591154261057 0.37025796661608495 0.8250539956803455  
0.7194860813704497 0.378125 0.8215053763440862  
0.7029585798816569 0.4079754601226994 0.841297523543774  
0.7309322033898306 0.3994252873563218 0.8113069016152716  
0.7163198247535597 0.3982035928143713 0.8314768235716853  
0.7224669603524229 0.39531478770131767 0.8207717273710782  
0.7144456886898097 0.3687943262411348 0.8214027476500362  
0.6969026548672567 0.3911111111111111 0.8287253141831239  
0.704375667022412 0.39363241678726485 0.8114035087719299  
0.7085590465872157 0.3869047619047619 0.8262910798122065  
0.7453551912568307 0.36740740740740746 0.8211968276856526  
0.7062857142857143 0.3453453453453454 0.8281969535954659  
0.7108307045215563 0.37518037518037517 0.8205882352941176  
0.7149321266968327 0.39109697933227344 0.8404068747807787  
0.7274853801169591 0.41379310344827586 0.8211206896551725  
0.7064116985376828 0.36603221083455345 0.8187679083094556  
0.7370737073707371 0.3739130434782609 0.8245931283905968  
0.6628175519630485 0.3441138421733506 0.8022018348623853  
0.7172413793103448 0.3646723646723647 0.8151862464183381  
0.7099567099567099 0.37013996889580086 0.8230246692885235  
0.7162162162162163 0.3838080959520239 0.83374866500534  
0.7089467723669308 0.35834609494640124 0.8239038189533239  
0.7170626349892009 0.3793103448275862 0.8154631655725748  
0.724760892667375 0.39817629179331304 0.8260397830018082  
0.719409282700422 0.40663900414937754 0.8221314519123654  
0.7156549520766773 0.39398084815321477 0.8077208611729769  
0.7052401746724891 0.37830687830687826 0.8083209509658247  
0.7254685777287763 0.36389280677009866 0.8231441048034934  
0.7134767836919593 0.3976083707025411 0.829302987197724  
0.7230590961761297 0.38957475994513036 0.8239538239538239  
0.7147540983606557 0.3458856345885635 0.8118594436310396  
0.7307286166842661 0.3448275862068965 0.817560273479669  
0.6972477064220183 0.4040404040404041 0.826009289031797  
0.6992230854605993 0.38309859154929576 0.8165637486378496  
0.7138263665594856 0.38729198184568836 0.8108303249097473  
0.74501573976915 0.40683229813664595 0.8348391760028913  
0.7261009667024704 0.3626373626373626 0.8022181146025879  
0.7141216991963262 0.36017569546120054 0.8327402135231318  
0.6953781512605042 0.39657631954350925 0.8210992253780892  
0.6776859504132231 0.38387096774193546 0.8312046945115638  
0.6816647919010124 0.36809815950920244 0.8246546227417642  
0.7257383966244726 0.3935483870967742 0.8369098712446352  
0.7257019438444925 0.39189189189189194 0.8146775389177168  
0.7129840546697039 0.3676470588235294 0.8203848895224519  
0.7117903930131004 0.3611111111111111 0.8171428571428572  
0.7309322033898306 0.3689604685212299 0.8213372305443917  
0.74375 0.3857566765578635 0.8219780219780219  
0.7153439153439154 0.35575485799701045 0.8079999999999999  
0.7171492204899776 0.42539682539682544 0.8413258110014105  
0.7093153759820425 0.35294117647058826 0.8124770642201834  
0.7225368063420159 0.3867595818815331 0.8434812521499828  
0.7444444444444445 0.35522388059701493 0.8246241947029349  
0.7208791208791209 0.3833580980683507 0.8248831355627474  
0.7349665924276169 0.33228840125391845 0.8359264497878359  
0.7282608695652174 0.3499361430395913 0.8042089440060127  
0.7098214285714285 0.36655948553054657 0.8250175685172172  
0.738430583501006 0.38961038961038963 0.806126260739634  
0.7201735357917571 0.3646723646723647 0.8124087591240877  
0.6957520091848449 0.34504792332268375 0.8203697244506453  
0.6922209695603156 0.36727879799666113 0.8290479499652537  
0.7255520504731862 0.36655948553054657 0.8247939806520961  
0.674364896073903 0.36702954898911355 0.8273204903677759  
0.7446569178852642 0.34048640915593703 0.8162824207492794  
0.7191489361702128 0.35097493036211697 0.8048780487804879  
0.6996770721205599 0.36944444444444446 0.8095764272559853  
0.711864406779661 0.38940809968847345 0.8297497356362356  
0.712087912087912 0.397456279809221 0.831858407079646  
0.7427293064876958 0.3977110157367668 0.8242511728617827  
0.718716577540107 0.38038632986627047 0.8214804063860667  
0.6953567383918459 0.37596302003081666 0.8326271186440677  
0.7230769230769231 0.39118457300275483 0.8167155425219941  
0.6906636670416199 0.38586956521739135 0.8105147864184009  
0.718853362734289 0.36797752808988765 0.8109289617486338  
0.7218543046357617 0.33653846153846156 0.8200423429781228  
0.6976217440543601 0.3746556473829201 0.818874773139746  
0.7230443974630021 0.36671802773497686 0.8234019501625136  
0.7134363852556481 0.3601108033240997 0.8161370938950374  
0.7090301003344482 0.3737796373779637 0.8138181818181818  
0.7274774774774776 0.3849624060150376 0.8416933475631448  
0.7130620985010706 0.372093023255814 0.8179533213644524  
0.7043879907621247 0.37293233082706767 0.8351570773032121  
0.7216035634743875 0.3874643874643875 0.8162083936324168  
0.7521008403361346 0.392757660167131 0.8099480326651819  
0.7133757961783439 0.3751937984496124 0.8339935181850918  
0.7264957264957265 0.3936781609195403 0.822108345534407  
0.7200878155872668 0.374468085106383 0.8078602620087336  
0.7164502164502164 0.4255999999999999 0.8397868561278863  
0.7136752136752137 0.3722943722943723 0.8153564899451554  
0.7110091743119266 0.3712 0.8322288106034182  
0.7156970362239298 0.3975903614457832 0.8261025457153103  
0.7112068965517241 0.381791483113069 0.8152450090744101  
0.7410617551462622 0.37333333333333335 0.8108509847640283  
0.6870748299319728 0.34236804564907275 0.8112189859762674  
0.7286995515695068 0.3672883787661406 0.825945945945946  
0.7111111111111111 0.36134453781512604 0.8029574861367839  
0.693446088794926 0.35488308115543327 0.8063916759568933  
0.717391304347826 0.3988522238163558 0.8285402257007645  
0.70509977827051 0.3328748280605227 0.7992687385740403  
0.7171052631578947 0.34411764705882353 0.8174603174603174  
0.7116022099447515 0.359375 0.798216276477146  
0.7287958115183246 0.35829662261380324 0.809384164222874  
0.7356580427446568 0.3844011142061282 0.8262604280014508  
0.7364620938628159 0.33197278911564626 0.8148677626876341  
0.6988505747126437 0.3651685393258427 0.8202731847591661  
0.6947835738068813 0.36791147994467494 0.8102189781021898  
0.6776677667766776 0.38461538461538464 0.8189996401583304  
0.7305263157894737 0.3929098966026588 0.824260138838144  
0.7242524916943521 0.36490250696378834 0.8137076193948232  
0.7039106145251397 0.4246771879483501 0.8275613275613276  
0.7290748898678414 0.35175879396984927 0.8345575376005596  
0.7057444314185228 0.37463976945244953 0.8249911253106141  
0.7037433155080214 0.38266068759342303 0.8217391304347826  
0.7098214285714286 0.3518987341772152 0.7983569828230023  
0.7229437229437229 0.358974358974359 0.8174288800864242  
0.7166853303471445 0.38749999999999996 0.8265630519251149  
0.7147540983606557 0.39325842696629215 0.8162221410303252  
0.7223427331887201 0.393491124260355 0.8286334056399132  
0.7058823529411765 0.37917222963951935 0.808495056755767  
0.7221006564551423 0.3902439024390244 0.8082595870206489  
0.7225025227043391 0.36507936507936506 0.8202697776157492  
0.7209821428571429 0.3778801843317972 0.832800851970181  
0.7197231833910034 0.40247678018575855 0.8376008418098914  
0.7323008849557522 0.36281859070464767 0.8213390619405658  
0.7146067415730337 0.38402061855670105 0.8131949592290587  
0.734873487348735 0.3486842105263158 0.8303477344573236  
0.7347391786903441 0.35443037974683544 0.8154069767441859  
0.6997840172786176 0.37282780410742494 0.8213903743315508  
0.7200854700854701 0.36111111111111105 0.816546762589928  
0.7083798882681563 0.35532994923857864 0.8011935844834018  
0.7009345794392522 0.37398373983739835 0.8166064981949458  
0.7460148777895854 0.36923076923076925 0.8236566895059503  
0.7289293849658315 0.37660485021398 0.8315978456014362  
0.718232044198895 0.3734939759036144 0.8336314847942755  
0.7106710671067108 0.39829302987197723 0.8204941860465115  
0.7274701411509229 0.3898809523809524 0.8249729339588596  
0.7207009857612268 0.40561622464898595 0.8256227758007116  
0.7115600448933782 0.36476043276661513 0.8202406227883935  
0.7101769911504425 0.37423312883435583 0.8233618233618233  
0.6864988558352402 0.37990580847723704 0.827900455660708  
0.7193396226415094 0.3669724770642202 0.850891955570515  
0.7016317016317017 0.3498542274052478 0.8262411347517731  
0.7189988623435721 0.397677793904209 0.8240343347639484  
0.7366120218579235 0.38291605301914583 0.8231046931407943  
0.7424071991001124 0.37058823529411766 0.827906976744186  
0.7134894091415831 0.40184049079754597 0.8284191829484902  
0.7097480832420591 0.34685314685314683 0.8106725146198831  
0.7196562835660579 0.35398230088495575 0.8181488203266788  
0.7104072398190046 0.3803863298662704 0.8343427146419664  
0.7045707915273133 0.3888888888888889 0.8074262832180561  
0.701834862385321 0.4092219020172911 0.8313080771979985  
0.7341227125941873 0.36963696369636967 0.832803110639802  
0.7006802721088435 0.3323699421965318 0.8114695340501793  
0.6956521739130435 0.3627906976744186 0.8221119773210489  
0.7141361256544504 0.4193061840120664 0.830298616168973  
0.720357941834452 0.38942976356050063 0.8149763722282807  
0.7118997912317327 0.38095238095238093 0.8310858765081617  
0.6981339187705818 0.36623748211731044 0.8228031953522149  
0.7241379310344827 0.39457831325301207 0.8246753246753247  
0.7018348623853211 0.39209225700164746 0.8450606585788561  
0.7067510548523206 0.39142857142857146 0.8122238586156112  
0.7063921993499458 0.35816618911174786 0.8107911046299671  
0.6782810685249709 0.3559577677224736 0.8204225352112675  
0.7293844367015099 0.3994252873563219 0.8286426790167438  
0.7303754266211603 0.3661581137309292 0.8191027496382055  
0.7163198247535597 0.3748211731044349 0.8175872093023256  
0.7219307450157397 0.37868162692847124 0.8094885100074128  
0.711111111111111 0.384180790960452 0.8137218738472888  
0.7237269772481041 0.3933884297520661 0.8342736248236953  
0.7395498392282958 0.3630470016207455 0.8308457711442785  
0.7004405286343612 0.3816568047337278 0.8201438848920863  
0.7119741100323624 0.34905660377358494 0.8261335237415209  
0.7250554323725057 0.3993993993993994 0.8354792560801145  
0.7186147186147186 0.38571428571428573 0.818978102189781  
0.7050691244239632 0.3628808864265928 0.8132660418168709  
0.6861143523920654 0.35149863760217986 0.8135593220338982  
0.7156970362239298 0.3835227272727273 0.8184794470716625  
0.7117117117117117 0.35800807537012114 0.809366995975119  
0.6987951807228916 0.389873417721519 0.8163265306122449  
0.6913294797687862 0.3665223665223665 0.8168210976478973  
0.7282728272827282 0.3592233009708738 0.8283397955586888  
0.7276688453159039 0.36866359447004604 0.8228980322003577  
0.7256830601092897 0.37821482602118006 0.8271162123385941  
0.7282608695652174 0.4068767908309456 0.8266569555717408  
0.7432286023835319 0.3803680981595092 0.8246683399067766  
0.7246376811594204 0.34365325077399383 0.8238213399503722  
0.7061356297093649 0.3608815426997245 0.8025101513473607  
0.7306843267108167 0.38065522620904835 0.8313809016684417  
0.6848691695108078 0.34794520547945207 0.8043557168784028  
0.720682302771855 0.344311377245509 0.8129079042784626  
0.7047413793103448 0.3988095238095238 0.8176555716353111  
0.708235294117647 0.3543913713405239 0.8258289703315881  
0.7065727699530516 0.35462842242503256 0.8058287795992715  
0.7219413549039434 0.40746054519368724 0.8110530246452575  
0.7150715071507151 0.3619550858652576 0.8087472201630838  
0.7164502164502164 0.34862385321100914 0.8190954773869346  
0.7003444316877153 0.3671641791044776 0.8331562167906482  
0.7033707865168538 0.36503067484662577 0.8270729978738484  
0.6846846846846847 0.3560500695410292 0.8059484947406603  
0.7308533916849015 0.3654970760233918 0.8206796818510484  
0.7452725250278086 0.41389728096676737 0.8312522297538353  
0.7236403995560488 0.3889695210449927 0.8175919250180246  
0.6957470010905126 0.40963855421686746 0.8235716852317643  
0.7070270270270269 0.347972972972973 0.8310502283105022  
0.7133333333333333 0.36467236467236464 0.8175235336712527  
0.6968325791855203 0.35209235209235207 0.8159311087190527  
0.7109634551495018 0.384251968503937 0.8372257607926399  
0.7375415282392027 0.3871906841339156 0.8262436914203316  
0.6996466431095405 0.3656207366984993 0.8123652048885693  
0.7043189368770765 0.3804034582132565 0.8167690639681967  
0.7090909090909091 0.3934426229508197 0.8290081763242091  
0.705240174672489 0.30851063829787234 0.795994065281899  
0.7069154774972557 0.358161648177496 0.8291991495393338  
0.7195402298850574 0.35000000000000003 0.8118240807498197  
0.7239819004524887 0.3733766233766234 0.8247206703910616  
0.7160493827160493 0.353322528363047 0.8291316526610644  
0.7204419889502762 0.36363636363636365 0.8083090379008747  
0.7181208053691276 0.36092265943012214 0.814489571899012  
0.6975717439293597 0.36137071651090347 0.8259943181818181  
0.6936170212765956 0.3512195121951219 0.8259166963332147  
0.7159904534606204 0.37681159420289856 0.8286318758815232  
0.7068607068607068 0.3519553072625698 0.7937453462397616  
0.7047841306884479 0.36656891495601174 0.8261946902654868  
0.7431818181818182 0.3571428571428572 0.8361227336122733  
0.7308900523560209 0.3512544802867384 0.8312872676253947  
0.7027624309392265 0.3681159420289855 0.8183459732755508  
0.7246376811594203 0.4012345679012346 0.8385952465413267  
0.7207792207792209 0.3543191800878477 0.8146536089952847  
0.7006651884700665 0.3810810810810811 0.816311535635562  
0.732739420935412 0.38427947598253276 0.8261964735516373  
0.712778429073857 0.384180790960452 0.8184088476632179  
0.7135016465422612 0.3719412724306689 0.8267605633802818  
0.6963123644251628 0.39123630672926446 0.8419550481626829  
0.7141339001062699 0.36006051437216346 0.8240405503258509  
0.720250521920668 0.3475699558173785 0.8148148148148148  
0.736842105263158 0.3556187766714083 0.8213895962168061  
0.7092198581560283 0.3826086956521739 0.8260254596888259  
0.7253446447507953 0.3706777316735823 0.7998517420311343  
0.6965065502183405 0.3701578192252511 0.8135223555070883  
0.7129135538954109 0.34925373134328364 0.8182807399347117  
0.7171945701357465 0.3852080123266564 0.8322147651006712  
0.7153284671532847 0.3614088820826953 0.8175872093023255  
0.7178329571106095 0.36079545454545453 0.8154289834174477  
0.6987179487179487 0.4192546583850932 0.8239942528735631  
0.7082452431289641 0.4195804195804196 0.8348559381588194  
0.713302752293578 0.3505154639175258 0.8446735395189003  
0.724022346368715 0.37320574162679426 0.833216045038705  
0.7144456886898096 0.36414565826330536 0.8168298875589409  
0.7261410788381742 0.361525704809287 0.8280300321773328  
0.765909090909091 0.38995568685376664 0.8393302458140364  
0.7077577045696067 0.3213213213213213 0.8211824446862531  
0.679334916864608 0.3669985775248933 0.8244058176658389  
0.7116827438370847 0.3431786216596343 0.8169117647058823  
0.7350785340314137 0.37572254335260113 0.8082443871917557  
0.7055084745762712 0.37329286798179057 0.8178196305686346  
0.7452229299363057 0.39753466872110943 0.8279841327082582  
0.7185877466251298 0.34656084656084657 0.7909262759924386  
0.7169398907103827 0.3810888252148997 0.822246455834242  
0.7085714285714286 0.39156626506024095 0.8332743362831857  
0.7011615628299894 0.35866261398176297 0.8155128669807903  
0.7009443861490032 0.362555720653789 0.8108108108108109  
0.7286486486486486 0.37982195845697325 0.8224231464737795  
0.7210884353741497 0.39290586630286495 0.8206620589305201  
0.7349397590361446 0.38791732909379967 0.8207374954362906  
0.7274749721913236 0.3770949720670391 0.8199345216442342  
0.7264150943396226 0.3818181818181818 0.8128186453022578  
0.7321237993596584 0.35151515151515156 0.8218286953379109  
0.7152777777777778 0.3501577287066246 0.834612700628053  
0.7027027027027026 0.40548780487804875 0.8264462809917356  
0.7226519337016575 0.3730407523510971 0.8323289613612194  
0.7135016465422613 0.33385335413416534 0.8243243243243242  
0.7035398230088495 0.35119047619047616 0.8263988522238163  
0.6987399770904926 0.3908355795148248 0.812659148781375  
0.7368421052631579 0.3614088820826952 0.8219950652097286  
0.7144508670520231 0.4077669902912622 0.8243340532757379  
0.7272727272727273 0.375796178343949 0.8222222222222223  
0.7159956474428727 0.39699248120300756 0.814388489208633  
0.7450980392156862 0.3791044776119403 0.8256484149855907  
0.7095391211146838 0.3711340206185567 0.811046511627907  
0.7478813559322034 0.3452566096423017 0.8138278718041052  
0.732876712328767 0.38181818181818183 0.8338048090523339  
0.7112597547380156 0.36046511627906974 0.8247571068729759  
0.744842562432139 0.42718446601941745 0.8192505510653931  
0.6853303471444568 0.3707713125845737 0.8250366032210835  
0.7175398633257404 0.35311143270622286 0.8207513416815742  
0.7199074074074074 0.37333333333333335 0.8240707964601771  
0.7270693512304252 0.36881559220389803 0.8348198358901178  
0.726457399103139 0.3507692307692308 0.8299078667611623  
0.6953046953046953 0.3851851851851852 0.8087797619047619  
0.7379912663755458 0.33660130718954245 0.8300423131170662  
0.7236842105263158 0.3548387096774193 0.8158844765342961  
0.7157417893544734 0.3328149300155521 0.8217054263565893  
0.7044917257683215 0.3642172523961661 0.8354080221300139  
0.7665580890336591 0.3988439306358381 0.8200654307524538  
0.7020316027088037 0.39631336405529954 0.8390519985850725  
0.701212789415656 0.34229137199434234 0.8036363636363636  
0.742914979757085 0.36496350364963503 0.8138238573021183  
0.7321814254859611 0.4172461752433935 0.8194189040088267  
0.704954954954955 0.386066763425254 0.8245425188374597  
0.7126436781609194 0.3981623277182236 0.8148148148148148  
0.7197518097207858 0.36217948717948717 0.8294266137756943  
0.7141382868937048 0.37519379844961237 0.8225454545454546  
0.7219307450157398 0.3591331269349845 0.8151898734177215  
0.7238723872387237 0.3802612481857765 0.8235719450469993  
0.7286486486486486 0.36928104575163395 0.8390519985850726  
0.7065217391304348 0.3407643312101911 0.8252840909090909  
0.7111111111111111 0.3463541666666667 0.790059347181009  
0.7192982456140351 0.3626062322946176 0.809905316824472  
0.7169811320754716 0.3732928679817905 0.8157033805888768  
0.7376344086021506 0.3607503607503607 0.8150310105800803  
0.7008928571428571 0.3815789473684211 0.8300699300699301  
0.7036625971143174 0.3805309734513274 0.8179533213644524  
0.7353951890034365 0.3871794871794872 0.8070822574695684  
0.7062706270627062 0.3328335832083958 0.8113342898134863  
0.7108307045215562 0.35829662261380324 0.8199121522693996  
0.7133333333333334 0.3829160530191458 0.8208258527827649  
0.7242105263157894 0.3648881239242685 0.8245675961877866  
0.7040169133192389 0.36768802228412256 0.8059259259259259  
0.7242105263157894 0.40816326530612246 0.8329794762915782  
0.7375415282392026 0.39231824417009603 0.8162518301610542  
0.7141382868937048 0.36006051437216335 0.8200438917337236  
0.7268464243845252 0.3465491923641703 0.8282685512367493  
0.7342342342342344 0.367816091954023 0.823021582733813  
0.7302996670366259 0.3604135893648449 0.8176597272074659  
0.7158590308370044 0.36740740740740746 0.8227256382596189  
0.7274701411509229 0.3829160530191458 0.8198263386396527  
0.7 0.3891273247496423 0.8222621184919211  
0.7263157894736842 0.369047619047619 0.8103574033552152  
0.7006802721088435 0.3839779005524862 0.8092820884699057  
0.7169811320754716 0.3466257668711657 0.8182141586623977  
0.7080045095828635 0.38801261829652994 0.8294055575096729  
0.6910755148741419 0.36488340192043894 0.8170952553422672  
0.7117117117117118 0.3387334315169367 0.8173042545584555  
0.7044711014176662 0.39622641509433965 0.8331554606901458  
0.7013815090329436 0.3766233766233766 0.8250801567509797  
0.7374179431072211 0.33727810650887574 0.8219178082191781  
0.690744920993228 0.3557548579970105 0.8180847276610893  
0.7189542483660132 0.352112676056338 0.8114035087719299  
0.7312961011591149 0.36768802228412256 0.8112717834631072  
0.7114093959731543 0.3392857142857143 0.7959791511541325  
0.741138560687433 0.3611940298507463 0.8230184581976113  
0.7028901734104047 0.4011065006915629 0.8227665706051873  
0.7268817204301076 0.39106145251396646 0.8167770419426048  
0.7163198247535597 0.3737226277372263 0.8185104844540854  
0.7362385321100917 0.36524300441826213 0.8290081763242091  
0.7236842105263157 0.3539325842696629 0.8131386861313867  
0.7170212765957445 0.32888888888888895 0.813386686067661  
0.7141242937853107 0.43620178041543023 0.8313725490196079  
0.7364939360529217 0.3699421965317919 0.8216998191681735  
0.7207009857612267 0.37560192616372395 0.8323903818953323  
0.6862967157417894 0.40129449838187703 0.8382815228781  
0.7363737486095662 0.3915022761760243 0.8374910905203137  
0.7070707070707072 0.3620689655172414 0.8174288800864242  
0.7262693156732893 0.40445859872611467 0.8289752650176677  
0.7443946188340808 0.38653001464128844 0.8246683399067766  
0.7400468384074942 0.3881987577639751 0.8401953942777391  
0.7155555555555556 0.3974960876369327 0.8417699115044248  
0.7138263665594856 0.34591194968553457 0.827906976744186  
0.7257203842049094 0.3853211009174312 0.8258204111071042  
0.7286995515695066 0.3861671469740634 0.8293736501079915  
0.7145969498910676 0.39573820395738196 0.8217999282897096  
0.7256281407035177 0.3910034602076125 0.8341096381225367  
0.7048054919908467 0.34492753623188405 0.8135714285714286  
0.6944444444444444 0.38109756097560976 0.8326300984528834  
0.7398463227222831 0.3546511627906977 0.8122965641952984  
0.7230255839822025 0.3759398496240602 0.8114285714285714  
0.7393800229621125 0.36036036036036034 0.8026509572901326  
0.7377584330794342 0.39280359820089955 0.830093592512599  
0.6892039258451472 0.3660130718954248 0.8239858906525573  
0.7354555433589463 0.3722304283604136 0.8213256484149856  
0.7087155963302751 0.3872919818456884 0.8343341575415049  
0.7168949771689496 0.3778677462887989 0.8139788860575173  
0.6976217440543601 0.39 0.8385977091287747  
0.7010550996483 0.3864306784660767 0.8344511118955171  
0.7037433155080215 0.39428571428571424 0.8098204470502016  
0.7175732217573222 0.34865293185419965 0.8102268635217861  
0.6835138387484958 0.39275766016713093 0.814209591474245  
0.7053571428571429 0.36281859070464767 0.8168511245983577  
0.7119386637458927 0.3788546255506608 0.8303249097472923  
0.7225368063420159 0.38011695906432746 0.8173042545584555  
0.7096069868995635 0.3333333333333333 0.805232558139535  
0.7237880496054115 0.35406698564593303 0.8245614035087719  
0.7117852975495916 0.4034582132564841 0.8318521151795236  
0.7049891540130152 0.3899556868537666 0.8195298372513562  
0.6907894736842105 0.37142857142857144 0.8320340184266477  
