0.7660668380462725 0.248046875 0.9000780640124902  
0.7819548872180451 0.23426573426573427 0.9091659785301404  
0.7019867549668874 0.25892857142857145 0.9117876658860266  
0.737885462555066 0.2913907284768212 0.9074509803921569  
0.747072599531616 0.271523178807947 0.9001536098310292  
0.7253218884120172 0.24666666666666667 0.909952606635071  
0.754257907542579 0.24740124740124741 0.9007751937984496  
0.7292161520190024 0.24903474903474904 0.9082864038616251  
0.7660098522167488 0.23210831721470018 0.8999205718824463  
0.7724137931034483 0.2829736211031175 0.8947368421052632  
0.7334905660377359 0.242 0.9213036565977742  
0.686 0.2515592515592516 0.9009159034138218  
0.721030042918455 0.2504970178926441 0.9167353668590272  
0.7242888402625821 0.251063829787234 0.9059760956175299  
0.7311320754716981 0.2375 0.9190317195325542  
0.7419354838709677 0.26195028680688337 0.9153069153069153  
0.724373576309795 0.2769556025369979 0.905511811023622  
0.7121212121212122 0.2607003891050584 0.912106135986733  
0.7772511848341233 0.25820568927789933 0.8956254796623178  
0.7942583732057417 0.2205128205128205 0.9194232400339271  
0.7319819819819819 0.2519230769230769 0.9121510673234812  
0.7282608695652174 0.2575452716297787 0.9012244897959184  
0.69593147751606 0.2332089552238806 0.9363867684478372  
0.7297921478060047 0.296127562642369 0.9  
0.7024070021881839 0.27555555555555555 0.8988235294117647  
0.7401247401247402 0.251063829787234 0.9122664500406173  
0.7440860215053764 0.25298804780876494 0.9176954732510288  
0.7597087378640777 0.24954128440366974 0.9175510204081633  
0.7239819004524887 0.23076923076923078 0.8892455858747994  
0.7688679245283019 0.29128440366972475 0.9024205748865356  
0.7560975609756098 0.2340823970037453 0.9264828738512949  
0.7494356659142212 0.29198966408268734 0.8994082840236687  
0.7946210268948656 0.2594059405940594 0.9077287066246057  
0.7488262910798122 0.25448028673835127 0.9215358931552587  
0.7511210762331838 0.25165562913907286 0.8994544037412315  
0.7475728155339806 0.2694063926940639 0.9076576576576577  
0.7824074074074074 0.2753623188405797 0.9163378058405682  
0.7391304347826086 0.2450199203187251 0.8938053097345132  
0.7178947368421053 0.27616926503340755 0.8998410174880763  
0.7790432801822323 0.26304347826086955 0.8932190179267342  
0.7469287469287469 0.27645788336933047 0.8948170731707317  
0.6947368421052632 0.2725274725274725 0.9225239616613419  
0.7392344497607656 0.24193548387096775 0.906301824212272  
0.744578313253012 0.2606177606177606 0.9079263410728583  
0.766743648960739 0.2823779193205945 0.9115805946791862  
0.750561797752809 0.2878464818763326 0.9045741324921136  
0.7066666666666667 0.26614481409001955 0.8877968877968878  
0.7306843267108167 0.28793774319066145 0.9193415637860082  
0.7024608501118568 0.2533632286995516 0.9084561675717611  
0.7785714285714286 0.2567287784679089 0.90852228303362  
0.7546728971962616 0.24078091106290672 0.9040989945862336  
0.7649880095923262 0.22839506172839505 0.8967943706020328  
0.7855530474040632 0.2657952069716776 0.909375  
0.745920745920746 0.24524714828897337 0.9038304808475958  
0.7852028639618138 0.25821596244131456 0.8893044128646223  
0.7100456621004566 0.2315369261477046 0.913917940466613  
0.7367205542725174 0.2650375939849624 0.9202958093672966  
0.7632183908045977 0.2791762013729977 0.8908396946564886  
0.7938144329896907 0.28305400372439476 0.9140811455847255  
0.7810945273631841 0.26627218934911245 0.9128043990573449  
0.7270588235294118 0.28725701943844495 0.901854714064915  
0.7417943107221007 0.28297872340425534 0.9171314741035856  
0.6962809917355371 0.3034825870646766 0.8989197530864198  
0.7592592592592593 0.2437357630979499 0.9061784897025171  
0.728538283062645 0.2594142259414226 0.9049489395129615  
0.7274678111587983 0.271484375 0.9235880398671097  
0.7079646017699115 0.25052192066805845 0.9088729016786571  
0.7731958762886598 0.2375 0.9165316045380876  
0.7309523809523809 0.26105263157894737 0.8966588966588966  
0.7482517482517482 0.2504604051565378 0.9074380165289256  
0.7624190064794817 0.2556701030927835 0.9124797406807131  
0.7386363636363636 0.2853982300884956 0.9062015503875969  
0.7516930022573364 0.28028933092224234 0.9190556492411467  
0.7760180995475113 0.2485207100591716 0.9059205190592052  
0.7819025522041764 0.26411290322580644 0.899601593625498  
0.6960985626283368 0.24956063268892795 0.9289520426287744  
0.7699757869249395 0.2531194295900178 0.9048013245033113  
0.7533632286995515 0.2721774193548387 0.9185483870967742  
0.7164835164835165 0.2857142857142857 0.9080735411670664  
0.7055214723926381 0.27139874739039666 0.9217462932454695  
0.7510729613733905 0.26595744680851063 0.9141252006420546  
0.784503631961259 0.25539568345323743 0.8977741137675186  
0.7587939698492462 0.2569444444444444 0.9197019867549668  
0.7612293144208038 0.27835051546391754 0.9128728414442701  
0.7857142857142857 0.26337448559670784 0.8930197268588771  
0.75 0.2921108742004264 0.9095955590800952  
0.7521739130434782 0.29175946547884185 0.9018067556952082  
0.680089485458613 0.2293103448275862 0.922077922077922  
0.7127192982456141 0.26778242677824265 0.9182692307692307  
0.7515400410677618 0.2635814889336016 0.9140233722871453  
0.7878048780487805 0.2659380692167577 0.9190515126737531  
0.693446088794926 0.256198347107438 0.9118367346938776  
0.75 0.255859375 0.9154471544715447  
0.7793427230046949 0.23251417769376181 0.9193154034229829  
0.7483296213808464 0.25984251968503935 0.9077551020408163  
0.7347931873479319 0.23801065719360567 0.9238410596026491  
0.7406593406593407 0.25512104283054005 0.9100840336134454  
0.7664399092970522 0.25157232704402516 0.9034810126582279  
0.73558648111332 0.2891566265060241 0.9153259949195597  
0.7101123595505618 0.24260355029585798 0.9211382113821138  
0.7607655502392344 0.26576576576576577 0.906060606060606  
0.7304147465437788 0.2517162471395881 0.9183829138062548  
0.7622377622377622 0.26359832635983266 0.912156862745098  
0.7054631828978623 0.24612403100775193 0.9188755020080321  
0.700587084148728 0.24361493123772102 0.9053356282271945  
0.7654320987654321 0.25146198830409355 0.9177215189873418  
0.7368421052631579 0.2485089463220676 0.9154589371980676  
0.7390300230946882 0.27169811320754716 0.9245283018867925  
0.7737789203084833 0.28055077452667815 0.9207920792079208  
0.7529411764705882 0.27310924369747897 0.9055425448868072  
0.7541766109785203 0.2483221476510067 0.9034954407294833  
0.779126213592233 0.23417721518987342 0.8958333333333334  
0.771689497716895 0.259765625 0.9155844155844156  
0.7804878048780488 0.2621359223300971 0.9124900556881463  
0.7723004694835681 0.28187919463087246 0.894576012223071  
0.740909090909091 0.2830188679245283 0.8952959028831563  
0.7210401891252955 0.27010309278350514 0.9034536891679749  
0.7741176470588236 0.2749003984063745 0.9155378486055777  
0.7189695550351288 0.2942430703624733 0.8981337480559876  
0.7794486215538847 0.2731788079470199 0.917726887192536  
0.7780320366132724 0.24748490945674045 0.907051282051282  
0.738255033557047 0.24521072796934865 0.9274525968672712  
0.7449664429530202 0.20881226053639848 0.9117889530090684  
0.7364864864864865 0.21269296740994853 0.9186147186147187  
0.7327188940092166 0.27069351230425054 0.8954650269023828  
0.7308533916849015 0.25256673511293637 0.9046849757673667  
0.7780487804878049 0.2606177606177606 0.9130781499202552  
0.6989473684210527 0.2581888246628131 0.9191919191919192  
0.7599067599067599 0.24887892376681614 0.9035960214231064  
0.763681592039801 0.2716297786720322 0.8932190179267342  
0.7432762836185819 0.25048923679060664 0.8898573692551506  
0.7688679245283019 0.22972972972972974 0.9024193548387097  
0.745 0.24798387096774194 0.9144634525660964  
0.7488479262672811 0.2563600782778865 0.910266774454325  
0.726457399103139 0.25617977528089886 0.9132455460883037  
0.7657657657657657 0.2583170254403131 0.9176854115729421  
0.737603305785124 0.24574669187145556 0.9084687767322498  
0.7611940298507462 0.27608695652173915 0.9030303030303031  
0.7569296375266524 0.32323232323232326 0.8906605922551253  
0.7730496453900709 0.26582278481012656 0.8926070038910506  
0.7381489841986456 0.24866785079928952 0.9226190476190477  
0.7559808612440191 0.29243353783231085 0.9074509803921569  
0.7242888402625821 0.28297872340425534 0.9187250996015937  
0.75 0.26244343891402716 0.8927469135802469  
0.7394209354120267 0.2554112554112554 0.8945712037765539  
0.7296703296703296 0.2644787644787645 0.923904052936311  
0.7671840354767184 0.2796610169491525 0.9007148530579825  
0.7493857493857494 0.24090121317157712 0.9098497495826378  
0.7297297297297297 0.2563176895306859 0.9180743243243243  
0.7161290322580646 0.25338491295938104 0.9191666666666667  
0.7722095671981777 0.2535211267605634 0.8959757023538345  
0.7964824120603015 0.2585895117540687 0.9179528838342811  
0.7548543689320388 0.27848101265822783 0.8952727272727272  
0.7293577981651376 0.2633663366336634 0.9161966156325544  
0.7559241706161137 0.23198198198198197 0.8951367781155015  
0.7819548872180451 0.2607003891050584 0.9180457052797478  
0.7049891540130152 0.2168141592920354 0.8975571315996848  
0.7634961439588689 0.24665391969407266 0.8905511811023622  
0.7537688442211056 0.26506024096385544 0.8989113530326595  
0.7855361596009975 0.266 0.9195940671350508  
0.74 0.2639821029082774 0.9035019455252918  
0.7194860813704497 0.2675438596491228 0.9030976965845909  
0.7536585365853659 0.25684210526315787 0.9013107170393215  
0.7777777777777778 0.24761904761904763 0.8993610223642172  
0.7482014388489209 0.2766393442622951 0.9122944400939702  
0.7775229357798165 0.26526315789473687 0.9166011014948859  
0.777511961722488 0.2558139534883721 0.9140201394268009  
0.7280701754385965 0.28703703703703703 0.9026275115919629  
0.7817745803357314 0.23883495145631067 0.8968  
0.7580645161290323 0.254416961130742 0.9263959390862944  
0.7606263982102909 0.2651685393258427 0.9031007751937985  
0.75 0.2660377358490566 0.9188741721854304  
0.7233115468409586 0.289738430583501 0.9070146818923328  
0.7865707434052758 0.24703557312252963 0.9150119142176331  
0.70020964360587 0.29936305732484075 0.9108589951377634  
0.735632183908046 0.22937625754527163 0.9008  
0.7091295116772823 0.25157232704402516 0.9076175040518638  
0.7573696145124716 0.27485380116959063 0.9063517915309446  
0.8025 0.2925764192139738 0.904833836858006  
0.7364705882352941 0.2641509433962264 0.89375  
0.7864583333333334 0.2693069306930693 0.9025522041763341  
0.723404255319149 0.2676056338028169 0.9251028806584363  
0.7093821510297483 0.23047619047619047 0.910655737704918  
0.7274939172749392 0.2286212914485166 0.9165275459098498  
0.7648456057007126 0.259765625 0.911128903122498  
0.7635135135135135 0.3161953727506427 0.8791697553743514  
0.7839195979899497 0.2642706131078224 0.8886346300533944  
0.7280898876404495 0.2494279176201373 0.9015384615384615  
0.751131221719457 0.24854368932038834 0.9159183673469388  
0.7463414634146341 0.27228915662650605 0.8997789240972734  
0.6989473684210527 0.26844262295081966 0.9138638228055783  
0.728448275862069 0.26215644820295986 0.9004016064257028  
0.7412587412587412 0.30385487528344673 0.8765243902439024  
0.7531486146095718 0.2375 0.9142857142857143  
0.7381489841986456 0.23754789272030652 0.9104354971240756  
0.7677261613691931 0.25190839694656486 0.9015212169735789  
0.7457627118644068 0.24208566108007448 0.9147727272727273  
0.7411504424778761 0.2535211267605634 0.9328743545611016  
0.7315436241610739 0.268348623853211 0.9045419553502695  
0.7433628318584071 0.2636363636363636 0.9007751937984496  
0.7975903614457831 0.2984054669703872 0.8885542168674698  
0.7453271028037384 0.2733644859813084 0.889894419306184  
0.7785888077858881 0.27001862197392923 0.9043760129659644  
0.7783505154639175 0.2584493041749503 0.8900077459333849  
0.7613636363636364 0.2813186813186813 0.8896658896658897  
0.7205240174672489 0.23488773747841105 0.9266375545851528  
0.759090909090909 0.2926315789473684 0.9108129439621152  
0.7794871794871795 0.21885521885521886 0.9156928213689483  
0.723404255319149 0.28761061946902655 0.909716908951798  
0.7306791569086651 0.26037735849056604 0.9085714285714286  
0.7494305239179955 0.2490118577075099 0.8997574777687954  
0.7314148681055156 0.25045372050816694 0.9225700164744646  
0.7918660287081339 0.2854251012145749 0.9181102362204724  
0.7527114967462039 0.2827586206896552 0.9074650077760498  
0.7437641723356009 0.2471042471042471 0.9116925592804579  
0.7124463519313304 0.26614481409001955 0.9095435684647303  
0.7902869757174393 0.27927927927927926 0.8949416342412452  
0.7642857142857142 0.2734225621414914 0.9144471347861178  
0.7777777777777778 0.25984251968503935 0.9021909233176839  
0.7643312101910829 0.26078028747433263 0.9166666666666666  
0.7525252525252525 0.27236580516898606 0.9134840218238504  
0.7835820895522388 0.27740492170022374 0.9009752438109527  
0.7322654462242563 0.28153153153153154 0.897770945426595  
0.737417943107221 0.2524084778420039 0.906301824212272  
0.7551020408163265 0.2573099415204678 0.9091620986687549  
0.7294372294372294 0.25595238095238093 0.9054276315789473  
0.7932816537467701 0.2564102564102564 0.9148760330578513  
0.7466666666666667 0.24 0.9213483146067416  
0.7738693467336684 0.27672955974842767 0.8921193573068095  
0.7380410022779044 0.27976190476190477 0.9168684422921711  
0.7410071942446043 0.2694300518134715 0.8774474256707759  
0.741869918699187 0.26666666666666666 0.9062992125984252  
0.7738693467336684 0.24742268041237114 0.9091608929946112  
0.7396061269146609 0.23191489361702128 0.9115537848605577  
0.7645687645687645 0.2651072124756335 0.9282258064516129  
0.7408906882591093 0.2781456953642384 0.9036437246963562  
0.7410926365795725 0.258364312267658 0.9076042518397384  
0.7759815242494227 0.2714570858283433 0.9118589743589743  
0.750561797752809 0.26552462526766596 0.9141732283464566  
0.7414965986394558 0.2678185745140389 0.9084507042253521  
0.7980049875311721 0.24640287769784172 0.9069387755102041  
0.6720321931589537 0.2653061224489796 0.9205020920502092  
0.7266811279826464 0.25301204819277107 0.8958652373660031  
0.6566265060240963 0.28361858190709044 0.8909803921568628  
0.7376237623762376 0.26394849785407726 0.8948170731707317  
0.7377450980392157 0.2528301886792453 0.9180064308681672  
0.7065217391304348 0.2616033755274262 0.9086538461538461  
0.800498753117207 0.259825327510917 0.891156462585034  
0.7630208333333334 0.24423076923076922 0.9014084507042254  
0.7710526315789473 0.29411764705882354 0.8896151053013798  
0.7429906542056075 0.25877192982456143 0.8975346687211094  
0.7663551401869159 0.21509433962264152 0.9068627450980392  
0.7398190045248869 0.2484725050916497 0.9183346677341874  
0.7350427350427351 0.26157407407407407 0.9157566302652106  
0.7264957264957265 0.2738336713995943 0.9164619164619164  
0.683111954459203 0.2575107296137339 0.9243061396131202  
0.7177777777777777 0.23508771929824562 0.9148020654044751  
0.7304347826086957 0.24686192468619247 0.9139871382636656  
0.7703349282296651 0.26260504201680673 0.8990683229813664  
0.7411764705882353 0.26991150442477874 0.9057471264367816  
0.7130801687763713 0.2563106796116505 0.9136630343671417  
0.7444717444717445 0.26071428571428573 0.9218106995884774  
0.7817745803357314 0.2356687898089172 0.8956723338485317  
0.7468982630272953 0.26229508196721313 0.9070487993803253  
0.7759433962264151 0.266260162601626 0.8988941548183255  
0.7312775330396476 0.2693726937269373 0.9283305227655987  
0.7366167023554604 0.2440944881889764 0.9246064623032312  
0.7869249394673123 0.24561403508771928 0.8933739527798934  
0.7510548523206751 0.23140495867768596 0.8905228758169934  
0.7067510548523207 0.2663755458515284 0.9016  
0.7858823529411765 0.279126213592233 0.8892193308550186  
0.6905263157894737 0.2463768115942029 0.9240196078431373  
0.7649769585253456 0.2554585152838428 0.8953488372093024  
0.7847222222222222 0.24896265560165975 0.9132492113564669  
0.7258426966292135 0.296875 0.9014740108611327  
0.7916666666666666 0.23851203501094093 0.8899012908124525  
0.7634660421545667 0.28361344537815125 0.8991399530883503  
0.7248322147651006 0.24074074074074073 0.9071257005604484  
0.7270588235294118 0.27069351230425054 0.8931297709923665  
0.7883720930232558 0.2401500938086304 0.911402789171452  
0.704 0.2942528735632184 0.9077786688051324  
0.7390300230946882 0.26627218934911245 0.9049919484702094  
0.7307692307692307 0.24867724867724866 0.9232693911592994  
0.7384259259259259 0.2551867219917012 0.8982649842271293  
0.7736263736263737 0.2504743833017078 0.9166666666666666  
0.7570093457943925 0.23163841807909605 0.92886345053148  
0.7177242888402626 0.26048565121412803 0.8946540880503144  
0.7292110874200426 0.2632850241545894 0.9060816012317167  
0.8052884615384616 0.24224806201550386 0.904  
0.7711442786069652 0.2422680412371134 0.9190317195325542  
0.7551487414187643 0.2505050505050505 0.9056  
0.7568181818181818 0.2605210420841683 0.909895414320193  
0.7985436893203883 0.30843373493975906 0.8900369003690037  
0.7412008281573499 0.2980769230769231 0.9072486360093531  
0.7377777777777778 0.2723112128146453 0.8926640926640926  
0.7452830188679245 0.2924107142857143 0.9015267175572519  
0.727069351230425 0.2671081677704194 0.9048361934477379  
0.7466367713004485 0.24716981132075472 0.9237147595356551  
0.7575757575757576 0.24043715846994534 0.9257045260461144  
0.7659090909090909 0.23985239852398524 0.9175  
0.732739420935412 0.289532293986637 0.911993769470405  
0.7252747252747253 0.23204419889502761 0.9341216216216216  
0.7517564402810304 0.2652671755725191 0.9130787977254264  
0.7279236276849642 0.24723247232472326 0.9082719082719083  
0.7606635071090048 0.2540650406504065 0.9100946372239748  
0.7738693467336684 0.2356115107913669 0.9136807817589576  
0.7488888888888889 0.23421588594704684 0.9049153908138597  
0.7803030303030303 0.2601010101010101 0.8856115107913669  
0.7177777777777777 0.2571428571428571 0.9146537842190016  
0.7328605200945626 0.23346303501945526 0.9188755020080321  
0.7672413793103449 0.26371308016877637 0.9155948553054662  
0.7310195227765727 0.2622309197651663 0.9247933884297521  
0.7551963048498845 0.2545824847250509 0.9077901430842608  
0.7811764705882352 0.2774566473988439 0.9046849757673667  
0.7161862527716186 0.23123732251521298 0.9111470113085622  
0.7634961439588689 0.2523191094619666 0.9074960127591707  
0.75 0.24888888888888888 0.90234375  
0.7288135593220338 0.24538745387453875 0.916095890410959  
0.7193396226415094 0.248046875 0.9173354735152488  
0.7317073170731707 0.27450980392156865 0.8893740902474527  
0.7388392857142857 0.26053639846743293 0.9207920792079208  
0.7555555555555555 0.27972027972027974 0.892433234421365  
0.7418604651162791 0.25201612903225806 0.9124203821656051  
0.744343891402715 0.26410835214446954 0.8936006168080185  
0.7139784946236559 0.268760907504363 0.9230769230769231  
0.7683215130023641 0.25426944971537 0.9180194805194806  
0.6979591836734694 0.23484848484848486 0.9235395189003437  
0.7607758620689655 0.25343811394891946 0.91232423490488  
0.7233115468409586 0.26410835214446954 0.88515625  
0.7680412371134021 0.2716297786720322 0.8912875867386276  
0.7427293064876958 0.23381294964028776 0.9253604749787956  
0.7317073170731707 0.29046563192904656 0.9078125  
0.773972602739726 0.279467680608365 0.9178981937602627  
0.7142857142857143 0.24568965517241378 0.9130434782608695  
0.7636363636363637 0.26159554730983303 0.9110556940980881  
0.6640471512770137 0.2676348547717842 0.9193954659949622  
0.7051886792452831 0.28045977011494255 0.907785336356765  
0.7417840375586855 0.285 0.8842182890855457  
0.7584650112866818 0.2895377128953771 0.8998493975903614  
0.7405764966740577 0.25229357798165136 0.9011583011583012  
0.7223476297968398 0.27897838899803534 0.9113821138211382  
0.7610208816705336 0.26595744680851063 0.912568306010929  
0.7594654788418709 0.29067245119305857 0.8938679245283019  
0.7687074829931972 0.2623574144486692 0.9119341563786009  
0.7711670480549199 0.2725409836065574 0.8957836117740652  
0.7458432304038005 0.2594142259414226 0.9142634450506625  
0.7096114519427403 0.23481781376518218 0.9216013344453712  
0.7542168674698795 0.22851919561243145 0.9172131147540984  
0.7759433962264151 0.2916666666666667 0.901689708141321  
0.7379310344827587 0.24761904761904763 0.9181669394435352  
0.7487562189054726 0.2459605026929982 0.9206868356500408  
0.7440758293838863 0.2409867172675522 0.9148418491484185  
0.7679425837320574 0.27044025157232704 0.9106449106449106  
0.7876712328767124 0.2523719165085389 0.9087921117502055  
0.7596153846153846 0.2860635696821516 0.8820928518791452  
0.7046413502109705 0.26037735849056604 0.9252971137521222  
0.7665903890160183 0.28104575163398693 0.8911353032659409  
0.7559241706161137 0.23388581952117865 0.923582580115037  
0.7359307359307359 0.26260504201680673 0.905144694533762  
0.800531914893617 0.2294776119402985 0.9015748031496063  
0.7981438515081206 0.27710843373493976 0.9122106943335994  
0.7433035714285714 0.24572649572649571 0.9146919431279621  
0.7304147465437788 0.23754789272030652 0.9208809135399674  
0.7699530516431925 0.2509433962264151 0.9094616639477977  
0.7702020202020202 0.2802690582959641 0.8865671641791045  
0.7651331719128329 0.26717557251908397 0.9124497991967871  
0.7707317073170732 0.26875 0.9071207430340558  
0.7669902912621359 0.24263038548752835 0.8901429646350639  
0.717439293598234 0.26458333333333334 0.9055244195356285  
0.7669902912621359 0.2641975308641975 0.8901098901098901  
0.765375854214123 0.2628458498023715 0.8973322554567502  
0.7549668874172185 0.2984054669703872 0.8953488372093024  
0.7913669064748201 0.2283609576427256 0.9050736497545008  
0.7149220489977728 0.24901960784313726 0.9133278822567457  
0.7154989384288747 0.26458333333333334 0.9073923639317628  
0.7165532879818595 0.2958057395143488 0.9013975155279503  
0.7466367713004485 0.24394785847299813 0.9224353628023353  
0.7277992277992278 0.28110599078341014 0.8975609756097561  
0.7923076923076923 0.2532588454376164 0.9099601593625498  
0.7466960352422908 0.24814814814814815 0.9276094276094277  
0.7121535181236673 0.2463768115942029 0.9267872523686477  
0.7566964285714286 0.2554112554112554 0.9088050314465409  
0.7414529914529915 0.26627218934911245 0.9063794531897266  
0.738045738045738 0.29148936170212764 0.9155158407798538  
0.689161554192229 0.2631578947368421 0.9043137254901961  
0.7540603248259861 0.2410358565737052 0.9167333867093675  
0.7406593406593407 0.2509157509157509 0.9297205757832345  
0.7819905213270142 0.2644628099173554 0.9012539184952978  
0.7044025157232704 0.24145785876993167 0.9091627172195893  
0.7408376963350786 0.2603978300180832 0.9133921411387329  
0.7320574162679426 0.27710843373493976 0.9083728278041074  
0.7312775330396476 0.2459016393442623 0.9064516129032258  
0.7567567567567568 0.2554890219560878 0.9135004042037187  
0.75 0.2448559670781893 0.9234527687296417  
0.740990990990991 0.267223382045929 0.9102462271644162  
0.7611241217798594 0.2504258943781942 0.9238013698630136  
0.7578692493946732 0.26292134831460673 0.9055891238670695  
0.7637614678899083 0.2448210922787194 0.9119341563786009  
0.7754629629629629 0.27571115973741794 0.8994586233565351  
0.7400468384074942 0.27450980392156865 0.9089506172839507  
0.7746835443037975 0.2575452716297787 0.9054263565891473  
0.7662650602409639 0.2596899224806202 0.9056754596322941  
0.7459954233409611 0.25413223140495866 0.9048374306106265  
0.7483731019522777 0.2651072124756335 0.9139072847682119  
0.6949891067538126 0.25748502994011974 0.9165302782324058  
0.7272727272727273 0.2623318385650224 0.9042386185243328  
0.7385321100917431 0.26365795724465557 0.8981132075471698  
0.7546296296296297 0.2595936794582393 0.9066564651874521  
0.7629107981220657 0.22990654205607478 0.895986895986896  
0.686046511627907 0.25102880658436216 0.9144067796610169  
0.7444717444717445 0.24621212121212122 0.9165998396150762  
0.7431192660550459 0.2570194384449244 0.9002338269680437  
0.7605321507760532 0.24173553719008264 0.9085805934242182  
0.7365010799136069 0.2834331337325349 0.8957307060755336  
0.7188208616780045 0.2504816955684008 0.9230769230769231  
0.754880694143167 0.23578947368421052 0.9149277688603531  
0.771889400921659 0.266199649737303 0.9286321155480034  
0.7821782178217822 0.29606625258799174 0.911969111969112  
0.7337662337662337 0.25346534653465347 0.9069958847736626  
0.69375 0.27364185110663986 0.91701244813278  
0.7931034482758621 0.2880658436213992 0.9170542635658915  
0.7605985037406484 0.23529411764705882 0.9190556492411467  
0.7549668874172185 0.2857142857142857 0.8958168902920284  
0.7461024498886414 0.2930327868852459 0.9188755020080321  
0.7313769751693002 0.25690021231422505 0.917192429022082  
0.7581863979848866 0.23623445825932504 0.9099836333878887  
0.7587822014051522 0.2631578947368421 0.9045419553502695  
0.7272727272727273 0.2678227360308285 0.9149632052330335  
0.7730337078651686 0.274 0.9159256265157639  
0.7251585623678647 0.23421588594704684 0.9203612479474549  
0.806282722513089 0.2505050505050505 0.89272030651341  
0.777292576419214 0.2565543071161049 0.9176470588235294  
0.7684729064039408 0.23369565217391305 0.8888888888888888  
0.7165532879818595 0.26024590163934425 0.9018355945730248  
0.775 0.24013157894736842 0.9267461669505963  
0.7990543735224587 0.2567049808429119 0.9078415521422797  
0.742152466367713 0.2531194295900178 0.9208510638297872  
0.7672209026128266 0.2663316582914573 0.8789435069699193  
0.7523809523809524 0.25984251968503935 0.8963317384370016  
0.751131221719457 0.2708333333333333 0.915016501650165  
0.771712158808933 0.25044091710758376 0.9257425742574258  
0.7902097902097902 0.2782258064516129 0.9156722354813047  
0.7194860813704497 0.23938223938223938 0.9114452798663325  
0.735224586288416 0.3047404063205418 0.8928571428571429  
0.7371937639198218 0.2597402597402597 0.9118804091266719  
0.7484787018255578 0.259825327510917 0.9163281884646629  
0.7204545454545455 0.26705653021442494 0.9145646867371847  
0.7619047619047619 0.24299065420560748 0.9193154034229829  
0.7649880095923262 0.25963488843813387 0.9009433962264151  
0.7543424317617866 0.26868327402135234 0.9120788824979458  
0.7293577981651376 0.23017408123791103 0.9202603742880391  
0.7213822894168467 0.2834101382488479 0.9027237354085603  
0.745920745920746 0.2606741573033708 0.9021406727828746  
0.7579462102689487 0.2725274725274725 0.8877086494688923  
0.7578692493946732 0.2471264367816092 0.9157979149959904  
0.7029914529914529 0.27548209366391185 0.8882309400444115  
0.7476415094339622 0.29067245119305857 0.8959136468774094  
0.7464503042596349 0.29521276595744683 0.8956587966488957  
0.7281323877068558 0.2610294117647059 0.9168724279835391  
0.7458432304038005 0.2448559670781893 0.9019607843137255  
0.7753623188405797 0.26452905811623245 0.8967691095350669  
0.7286324786324786 0.274468085106383 0.9011254019292605  
0.7611241217798594 0.2777777777777778 0.901565995525727  
0.7628635346756152 0.275 0.9168724279835391  
0.7283653846153846 0.2514395393474088 0.8971887550200803  
0.7081545064377682 0.29683698296836986 0.8996168582375479  
0.7420924574209246 0.24478178368121442 0.9003215434083601  
0.7118279569892473 0.2618556701030928 0.9082792207792207  
0.7511961722488039 0.222011385199241 0.9029911075181891  
0.7870370370370371 0.25475285171102663 0.9174836601307189  
0.7326732673267327 0.2568627450980392 0.9108832807570978  
0.6702127659574468 0.23565573770491804 0.9191176470588235  
0.7524038461538461 0.2630480167014614 0.8997668997668997  
0.7632183908045977 0.26107226107226106 0.8945371775417299  
0.7365269461077845 0.25 0.8954509177972865  
0.7788697788697788 0.2890995260663507 0.8824833702882483  
0.7741935483870968 0.2560706401766004 0.9104247104247104  
0.7531486146095718 0.23629489603024575 0.9052547770700637  
0.7166324435318275 0.24550898203592814 0.9112227805695142  
0.7798165137614679 0.2787193973634652 0.9275720164609054  
0.722972972972973 0.24842105263157896 0.9057798891528107  
0.7291196388261851 0.2817796610169492 0.9116022099447514  
0.7697674418604651 0.2841648590021692 0.9062742060418281  
0.7664233576642335 0.2783300198807157 0.8958990536277602  
0.7604651162790698 0.23217247097844113 0.9295039164490861  
0.7471264367816092 0.26916221033868093 0.924114671163575  
0.7396313364055299 0.2581227436823105 0.931323283082077  
0.7247706422018348 0.25636363636363635 0.9147157190635451  
0.75 0.24315068493150685 0.9179229480737019  
0.73568281938326 0.24118738404452691 0.9243061396131202  
0.7238979118329466 0.26156941649899396 0.9114832535885168  
0.6752988047808764 0.30246913580246915 0.9187604690117253  
0.7566265060240964 0.2538167938931298 0.917135961383749  
0.7551020408163265 0.23201438848920863 0.9274261603375528  
0.7354260089686099 0.2706333973128599 0.9053497942386831  
0.7883211678832117 0.2533039647577093 0.9035687167805618  
0.6991341991341992 0.22777777777777777 0.9169491525423729  
0.7569444444444444 0.2690677966101695 0.9061032863849765  
0.7662037037037037 0.2851153039832285 0.9010212097407698  
0.7616822429906542 0.26653696498054474 0.896774193548387  
0.7188264058679706 0.271689497716895 0.9026217228464419  
0.782312925170068 0.25140712945590993 0.9163907284768212  
0.6943907156673114 0.26174496644295303 0.9014778325123153  
0.7278911564625851 0.2673684210526316 0.8957345971563981  
0.6793587174348698 0.2437137330754352 0.9159519725557461  
0.7452830188679245 0.2655935613682093 0.9151467089611419  
0.7232558139534884 0.248565965583174 0.9275834011391375  
0.7511848341232228 0.2648401826484018 0.905446293494705  
0.6929824561403509 0.2409867172675522 0.9232693911592994  
0.694331983805668 0.26024590163934425 0.9141666666666667  
0.75 0.23412698412698413 0.9016  
0.7737226277372263 0.2073170731707317 0.9156223893065998  
0.7255369928400954 0.25125628140703515 0.9245283018867925  
0.7684729064039408 0.24478178368121442 0.8959167333867094  
0.7306889352818372 0.25 0.9060773480662984  
0.7302631578947368 0.25426944971537 0.9149291075896581  
0.7632743362831859 0.28083989501312334 0.8962194217939214  
0.7476635514018691 0.2449725776965265 0.9270919635459818  
0.7430555555555556 0.2700587084148728 0.9144471347861178  
0.781578947368421 0.25196850393700787 0.89258114374034  
0.751207729468599 0.27645788336933047 0.9026819923371647  
0.7600950118764845 0.25667351129363447 0.8956043956043956  
0.7611607142857143 0.2549019607843137 0.9113725490196078  
0.7435897435897436 0.24008350730688935 0.9081632653061225  
0.7570093457943925 0.28699551569506726 0.8952599388379205  
0.7865707434052758 0.24803149606299213 0.9013524264120922  
0.7214912280701754 0.2702205882352941 0.9060913705583756  
0.7358916478555305 0.2863741339491917 0.8966309341500766  
0.7454954954954955 0.26011560693641617 0.9171452009844134  
0.7177777777777777 0.2549450549450549 0.9075959279561472  
0.7565217391304347 0.2408906882591093 0.9047231270358306  
0.7855530474040632 0.26577437858508607 0.9210526315789473  
0.7801932367149759 0.26036866359447003 0.8875562218890555  
0.7299270072992701 0.2559652928416486 0.8877862595419848  
0.7350993377483444 0.26573426573426573 0.8938461538461538  
0.7360824742268042 0.24880382775119617 0.9046129788897577  
0.7647058823529411 0.2854330708661417 0.9023218574859888  
0.6950207468879668 0.25313807531380755 0.8960720130932897  
0.7801932367149759 0.2505263157894737 0.8824439288476411  
0.7341463414634146 0.2418426103646833 0.9088729016786571  
0.7307692307692307 0.25636363636363635 0.9120065789473685  
0.7466367713004485 0.2546816479400749 0.9168053244592346  
0.7315914489311164 0.2579505300353357 0.9087866108786611  
0.8033573141486811 0.25510204081632654 0.9074509803921569  
0.7615894039735099 0.25096525096525096 0.9132947976878613  
0.7686915887850467 0.23809523809523808 0.8992918961447679  
0.7623529411764706 0.26256983240223464 0.9114754098360656  
0.723404255319149 0.2685370741482966 0.9117889530090684  
0.7758620689655172 0.26004228329809725 0.8871834228702993  
0.6883116883116883 0.2330316742081448 0.9107981220657277  
0.7562076749435666 0.25098039215686274 0.9153783563873068  
0.7803203661327232 0.27989821882951654 0.8853550295857988  
0.7574370709382151 0.2731182795698925 0.90078125  
0.7540603248259861 0.26105263157894737 0.9043887147335423  
0.7669902912621359 0.2862669245647969 0.9018355945730248  
0.7260869565217392 0.26666666666666666 0.894580549368968  
0.7207792207792207 0.24907063197026022 0.9213197969543148  
0.7015945330296127 0.26128266033254155 0.8872919818456884  
0.7370786516853932 0.26147704590818366 0.9150485436893204  
0.7306034482758621 0.25379609544468545 0.9021479713603818  
0.748868778280543 0.3010752688172043 0.9019607843137255  
0.7319819819819819 0.25357873210633947 0.9047237790232185  
0.7505938242280285 0.2639821029082774 0.9018264840182648  
0.7672811059907834 0.25285171102661597 0.9009819967266776  
0.7223529411764706 0.2881002087682672 0.905320813771518  
0.7463768115942029 0.29321663019693656 0.9061784897025171  
0.7237687366167024 0.26434426229508196 0.9070904645476773  
0.7341513292433538 0.2443064182194617 0.9173553719008265  
0.7793764988009593 0.24254473161033796 0.8882725832012678  
0.767816091954023 0.2591792656587473 0.9112149532710281  
0.7822014051522248 0.27044025157232704 0.9100156494522692  
0.7471264367816092 0.3036144578313253 0.9031531531531531  
0.727069351230425 0.29205607476635514 0.8944146901300689  
0.7526881720430108 0.2554890219560878 0.9103618421052632  
0.7708830548926014 0.266260162601626 0.9087332808811959  
0.7570754716981132 0.24489795918367346 0.9247863247863248  
0.7713625866050808 0.24520255863539445 0.90390625  
0.7755102040816326 0.27954545454545454 0.8851851851851852  
0.8 0.2540650406504065 0.8976190476190476  
0.7673267326732673 0.2570888468809074 0.9199359487590072  
0.7357142857142858 0.24349442379182157 0.9117647058823529  
0.7443946188340808 0.2582322357019064 0.9275237273511648  
0.7377049180327869 0.2997601918465228 0.8916292974588939  
0.7617977528089888 0.24541284403669725 0.9054573405073021  
0.7386831275720165 0.2746331236897275 0.9122231337161608  
0.735357917570499 0.24109014675052412 0.9083601286173634  
0.7268817204301076 0.25481798715203424 0.9072  
0.7072599531615925 0.26990291262135924 0.9169354838709678  
0.7425742574257426 0.24603174603174602 0.9089481946624803  
0.6919831223628692 0.27293064876957496 0.8984932593180016  
0.7518248175182481 0.26096491228070173 0.8904942965779468  
0.7617866004962779 0.2470389170896785 0.9090909090909091  
0.7823834196891192 0.2345924453280318 0.9040989945862336  
0.7719714964370546 0.29398663697104677 0.9039634146341463  
0.714622641509434 0.2875816993464052 0.8999230177059276  
0.7056179775280899 0.2512998266897747 0.9275862068965517  
0.7455357142857143 0.27689243027888444 0.9058441558441559  
0.7440347071583514 0.27586206896551724 0.8998371335504886  
0.7437070938215103 0.2411214953271028 0.9140495867768595  
0.7662650602409639 0.2741020793950851 0.8982229402261712  
0.7345537757437071 0.2770780856423174 0.892433234421365  
0.7638888888888888 0.24735729386892177 0.9169929522317932  
0.7430555555555556 0.28781512605042014 0.8987441130298273  
0.7401960784313726 0.2535496957403651 0.9055425448868072  
0.7569296375266524 0.21365638766519823 0.9054805401111994  
0.7278761061946902 0.26194690265486725 0.9261802575107296  
0.715261958997722 0.2920168067226891 0.9013417521704814  
0.7256235827664399 0.23788546255506607 0.9114219114219114  
0.7254004576659039 0.2709677419354839 0.90859375  
0.7313769751693002 0.2617702448210923 0.918046357615894  
0.7617977528089888 0.2587548638132296 0.9174161896974653  
0.7415730337078652 0.2755102040816326 0.9165998396150762  
0.717391304347826 0.2573099415204678 0.9043824701195219  
0.7268623024830699 0.25301204819277107 0.9205526770293609  
0.7266666666666667 0.27416173570019725 0.9069387755102041  
0.782608695652174 0.261758691206544 0.9155145929339478  
0.7437641723356009 0.25902335456475584 0.9023622047244094  
0.7368421052631579 0.26304347826086955 0.9052132701421801  
0.7898936170212766 0.28725701943844495 0.8979895755770663  
0.7202505219206681 0.27634194831013914 0.9208333333333333  
0.7348314606741573 0.2923076923076923 0.9024960998439937  
0.7681498829039812 0.2738336713995943 0.901743264659271  
0.7217194570135747 0.25 0.9311475409836065  
0.7446808510638298 0.2755741127348643 0.9015625  
0.7399103139013453 0.27309236947791166 0.8966074313408724  
0.7250554323725056 0.26639344262295084 0.9203539823008849  
0.7680180180180181 0.2577962577962578 0.9061256961018298  
0.7573529411764706 0.23469387755102042 0.910436137071651  
0.7494456762749445 0.2620967741935484 0.9036437246963562  
0.7596153846153846 0.28211009174311924 0.9007518796992481  
0.7603911980440098 0.29239766081871343 0.9071428571428571  
0.7548076923076923 0.257201646090535 0.89296875  
0.7630979498861048 0.25903614457831325 0.9156626506024096  
0.7377892030848329 0.22466216216216217 0.9100749375520399  
0.7341176470588235 0.2447418738049713 0.9222042139384117  
0.7256637168141593 0.2621145374449339 0.9020376175548589  
0.7571428571428571 0.27176220806794055 0.9070487993803253  
0.747016706443914 0.2526997840172786 0.8961538461538462  
0.7328918322295805 0.2593320235756385 0.9163934426229509  
0.7445414847161572 0.28540305010893247 0.9027667984189723  
0.7527593818984547 0.28053435114503816 0.9186721991701244  
0.7133757961783439 0.2727272727272727 0.9196956889264581  
0.7408256880733946 0.2549019607843137 0.9181434599156119  
0.7704918032786885 0.24618320610687022 0.9187652315190902  
0.7608695652173914 0.28663793103448276 0.8941717791411042  
0.7684729064039408 0.2669172932330827 0.9180064308681672  
0.7879518072289157 0.22878228782287824 0.9053061224489796  
0.7456896551724138 0.23758099352051837 0.9051792828685259  
0.7581047381546134 0.275049115913556 0.9088050314465409  
0.7241379310344828 0.26877470355731226 0.9057211925866236  
0.7115384615384616 0.28193832599118945 0.8912698412698413  
0.7751091703056768 0.2879120879120879 0.9101654846335697  
0.728448275862069 0.2495274102079395 0.9125315391084945  
0.7641277641277642 0.236084452975048 0.9330143540669856  
0.742152466367713 0.2808080808080808 0.8968573730862208  
0.7103960396039604 0.2692307692307692 0.9011976047904192  
0.7354368932038835 0.2597402597402597 0.8899082568807339  
0.7334754797441365 0.28773584905660377 0.9076803723816912  
0.7400881057268722 0.2680221811460259 0.9258635214827295  
0.7864321608040201 0.2545824847250509 0.8901778808971385  
0.7599067599067599 0.24946695095948826 0.8909657320872274  
0.7387580299785867 0.252 0.9251028806584363  
0.7644539614561028 0.26804123711340205 0.9121951219512195  
0.7056367432150313 0.24285714285714285 0.9159109645507008  
0.7470997679814385 0.3109048723897912 0.9037878787878788  
0.7726161369193154 0.23404255319148937 0.9156327543424317  
0.7975 0.2905759162303665 0.8757142857142857  
0.7845433255269321 0.2404040404040404 0.9142857142857143  
0.7575057736720554 0.2681912681912682 0.9045741324921136  
0.7951807228915663 0.22894168466522677 0.906441717791411  
0.7938388625592417 0.22948073701842547 0.9200343938091143  
0.7644230769230769 0.25617977528089886 0.8887206661619985  
0.7281746031746031 0.265748031496063 0.9222222222222223  
0.7477477477477478 0.24758220502901354 0.9115479115479116  
0.7354368932038835 0.24379232505643342 0.8862094951017332  
0.7156177156177156 0.270935960591133 0.8856718634001485  
0.7387580299785867 0.2585034013605442 0.9034536891679749  
0.7448979591836735 0.2554112554112554 0.8893072289156626  
0.8112745098039216 0.22709923664122136 0.9064  
0.7647058823529411 0.23333333333333334 0.9075  
0.7111597374179431 0.24181818181818182 0.9353191489361702  
0.7291666666666666 0.27654867256637167 0.9067796610169492  
0.726457399103139 0.2840909090909091 0.9066358024691358  
0.7757009345794392 0.278 0.9106858054226475  
0.7241379310344828 0.26556016597510373 0.9158576051779935  
0.7326968973747017 0.2717149220489978 0.8972602739726028  
0.7528604118993135 0.2679245283018868 0.9168724279835391  
0.7451456310679612 0.26641651031894936 0.8973322554567502  
0.7616822429906542 0.24440298507462688 0.9137931034482759  
0.7381489841986456 0.2328159645232816 0.9021739130434783  
0.7264150943396226 0.2542056074766355 0.9223221586263287  
0.7339055793991416 0.25481798715203424 0.9127301841473179  
0.7407407407407407 0.2495201535508637 0.910031847133758  
0.7571428571428571 0.2518796992481203 0.9097560975609756  
0.7916666666666666 0.2639175257731959 0.9177657098525989  
0.7176724137931034 0.267260579064588 0.8975571315996848  
0.7420924574209246 0.2572614107883817 0.9177657098525989  
0.7714285714285715 0.26356589147286824 0.9052969502407705  
0.7568710359408034 0.26454033771106944 0.9277210884353742  
0.7584650112866818 0.2613390928725702 0.9075235109717869  
0.7456140350877193 0.27345309381237526 0.916734693877551  
0.7505720823798627 0.2563106796116505 0.9024390243902439  
0.7626728110599078 0.3159144893111639 0.8907309721175584  
0.7438752783964365 0.251953125 0.9131859131859131  
0.7506053268765133 0.2636363636363636 0.8976674191121143  
0.7599067599067599 0.28085106382978725 0.8978955572876072  
0.7300884955752213 0.2559055118110236 0.9189852700490998  
0.7566371681415929 0.24955436720142601 0.9332763045337895  
0.7556109725685786 0.22770398481973433 0.8995215311004785  
0.8044554455445545 0.25396825396825395 0.8995290423861853  
0.7164179104477612 0.25146198830409355 0.905  
0.7114967462039046 0.23756906077348067 0.9210526315789473  
0.7838479809976246 0.26990291262135924 0.913322632423756  
0.726027397260274 0.22574626865671643 0.9048013245033113  
0.7171052631578947 0.23877551020408164 0.9166666666666666  
0.7523364485981309 0.2354948805460751 0.9195205479452054  
0.7372881355932204 0.24796747967479674 0.9064039408866995  
0.7975609756097561 0.25842696629213485 0.9200323101777059  
0.7766497461928934 0.2182468694096601 0.9275834011391375  
0.7619047619047619 0.25390625 0.8977183320220299  
0.7228637413394919 0.24906367041198502 0.9135802469135802  
0.6984126984126984 0.26369168356997974 0.9118589743589743  
0.7478448275862069 0.2692307692307692 0.9215686274509803  
0.7534562211981567 0.24485981308411214 0.920032976092333  
0.735981308411215 0.2948207171314741 0.9161341853035144  
0.7591743119266054 0.25240384615384615 0.8969924812030076  
0.7659033078880407 0.2564102564102564 0.906396255850234  
0.724669603524229 0.2644628099173554 0.9115755627009646  
0.7553444180522565 0.22712418300653595 0.9303742384682332  
0.759090909090909 0.24688796680497926 0.9007936507936508  
0.7529411764705882 0.2818181818181818 0.8883826879271071  
0.7315436241610739 0.26717557251908397 0.9223781998348473  
0.75 0.2736625514403292 0.9153354632587859  
0.7139588100686499 0.25678119349005424 0.9261744966442953  
0.734966592427617 0.2585278276481149 0.9319727891156463  
0.7396694214876033 0.26077097505668934 0.8949880668257757  
0.7936117936117936 0.26004228329809725 0.9009216589861752  
0.7609756097560976 0.29545454545454547 0.8963963963963963  
0.7471783295711061 0.25854700854700857 0.9024390243902439  
0.7681159420289855 0.2534013605442177 0.9296610169491526  
0.767816091954023 0.2560386473429952 0.886721680420105  
0.7918660287081339 0.24 0.9055690072639225  
0.6893617021276596 0.2651685393258427 0.909234411996843  
0.7310195227765727 0.2526997840172786 0.9022257551669316  
0.7657004830917874 0.23064250411861614 0.9250645994832042  
0.7389162561576355 0.2569832402234637 0.9128329297820823  
0.7580993520518359 0.2597402597402597 0.9085123309466985  
0.8020050125313283 0.2573099415204678 0.9118110236220472  
0.7665094339622641 0.256198347107438 0.9144427001569859  
0.7209821428571429 0.2788844621513944 0.9163961038961039  
0.7444444444444445 0.2799145299145299 0.9042721518987342  
0.7633410672853829 0.28077753779697623 0.9006211180124224  
0.7321016166281755 0.26048565121412803 0.8942901234567902  
0.7312072892938497 0.2687224669603524 0.8968192397207138  
0.7281553398058253 0.2665198237885463 0.8974164133738601  
0.7457212713936431 0.2840909090909091 0.8895144264602393  
0.7797927461139896 0.23300970873786409 0.9094457455113193  
0.7264367816091954 0.2718253968253968 0.9267900241351569  
0.7676537585421412 0.26639344262295084 0.9083665338645418  
0.7990314769975787 0.25557809330628806 0.9067398119122257  
0.7174887892376681 0.2943820224719101 0.9031758326878389  
0.7570093457943925 0.22920517560073936 0.9142621599340478  
0.7494407158836689 0.24 0.9125506072874494  
0.7929292929292929 0.2644628099173554 0.8993855606758833  
0.6991150442477876 0.26717557251908397 0.9195688225538972  
0.7481662591687042 0.2892057026476578 0.907176287051482  
0.7527593818984547 0.26291079812206575 0.9040675364543361  
0.762962962962963 0.22593320235756384 0.8927444794952681  
0.7255813953488373 0.2484076433121019 0.9055425448868072  
0.7478070175438597 0.2926315789473684 0.9112709832134293  
0.7612293144208038 0.26666666666666666 0.9084278768233387  
0.7461706783369803 0.2864450127877238 0.8778110944527736  
0.7227272727272728 0.25346534653465347 0.9159256265157639  
0.721030042918455 0.2817204301075269 0.9136690647482014  
0.7746835443037975 0.2748267898383372 0.9002954209748892  
0.737885462555066 0.26862745098039215 0.9055829228243021  
0.7425968109339408 0.2455795677799607 0.9011345218800648  
0.7468030690537084 0.2537634408602151 0.8785822021116139  
0.7753086419753087 0.274703557312253 0.9150275373721479  
0.7867647058823529 0.25190839694656486 0.9056  
0.7551963048498845 0.25736738703339884 0.907258064516129  
0.7381974248927039 0.26264591439688717 0.908485856905158  
0.702928870292887 0.265625 0.9253355704697986  
0.7373068432671082 0.2860576923076923 0.900990099009901  
0.7718120805369127 0.2616822429906542 0.8944146901300689  
0.7114093959731543 0.2727272727272727 0.9033280507131537  
0.7746478873239436 0.24130434782608695 0.8927469135802469  
0.7841726618705036 0.28118393234672306 0.9040247678018576  
0.7703016241299304 0.26418786692759294 0.9048387096774193  
0.7481662591687042 0.24259259259259258 0.9148418491484185  
0.725925925925926 0.2332730560578662 0.9215686274509803  
0.7375565610859729 0.2621359223300971 0.9183673469387755  
0.7669902912621359 0.23835125448028674 0.9125412541254125  
0.7754010695187166 0.25925925925925924 0.9225700164744646  
0.6985981308411215 0.2509881422924901 0.9182692307692307  
0.7505668934240363 0.25934579439252337 0.8948971820258949  
0.7472035794183445 0.2608695652173913 0.9019607843137255  
0.7649769585253456 0.26260504201680673 0.9064465408805031  
0.788235294117647 0.27680311890838205 0.912379421221865  
0.7538461538461538 0.2678185745140389 0.9098101265822784  
0.7756563245823389 0.23819742489270387 0.8959136468774094  
0.7471526195899773 0.24904942965779467 0.8931799506984388  
0.7662037037037037 0.27232142857142855 0.8993855606758833  
0.7183770883054893 0.2351851851851852 0.9059689288634505  
0.7752293577981652 0.23760330578512398 0.8882725832012678  
0.7186813186813187 0.2815126050420168 0.903277378097522  
0.7639593908629442 0.24109014675052412 0.9023646071700991  
0.7818181818181819 0.22857142857142856 0.9201331114808652  
0.7315573770491803 0.2823061630218688 0.9118387909319899  
0.7719714964370546 0.23867595818815332 0.9191238416175231  
0.7522727272727273 0.2375 0.904120443740095  
0.7512315270935961 0.26004228329809725 0.9025326170376056  
0.7399527186761229 0.24435318275154005 0.9174528301886793  
0.7307692307692307 0.2428842504743833 0.8966908797417272  
0.73568281938326 0.24900398406374502 0.9257748776508973  
0.7790697674418605 0.29336188436830835 0.9066147859922179  
0.7325842696629213 0.26961770623742454 0.9145161290322581  
0.7041942604856513 0.2918454935622318 0.9073634204275535  
0.7299107142857143 0.24939467312348668 0.8955336866010598  
0.7716346153846154 0.24854368932038834 0.9024780175859313  
0.7230046948356808 0.2406311637080868 0.910328262610088  
0.7697841726618705 0.2693156732891832 0.9016768292682927  
0.7637614678899083 0.2654690618762475 0.9204819277108434  
0.7983870967741935 0.24363636363636362 0.8968253968253969  
0.7327188940092166 0.25882352941176473 0.9127625201938611  
0.7306791569086651 0.275 0.9145098039215687  
0.76 0.19594594594594594 0.9210300429184549  
0.7368421052631579 0.2511111111111111 0.9034749034749034  
0.7597087378640777 0.22992700729927007 0.9214402618657938  
0.7637231503579952 0.27315914489311166 0.8800298062593145  
0.7299771167048055 0.25586854460093894 0.8976497346474602  
0.7494252873563219 0.24390243902439024 0.913509060955519  
0.7535211267605634 0.24225865209471767 0.9221209610604806  
0.7165532879818595 0.2505399568034557 0.9100156494522692  
0.7056277056277056 0.2523364485981308 0.8978328173374613  
0.7731958762886598 0.2554027504911591 0.914396887159533  
0.6910569105691057 0.23076923076923078 0.9318181818181818  
0.8053333333333333 0.24752475247524752 0.8963133640552995  
0.7604651162790698 0.2505694760820046 0.9131759329779132  
0.7378435517970402 0.25925925925925924 0.8903080390683696  
0.7699757869249395 0.25865580448065173 0.8865414710485133  
0.7665094339622641 0.2857142857142857 0.9071373752877974  
0.7416481069042317 0.2410358565737052 0.9122664500406173  
0.7435294117647059 0.25405405405405407 0.9242928452579035  
0.7615740740740741 0.2593320235756385 0.9250604351329573  
0.7524752475247525 0.26153846153846155 0.9117647058823529  
0.7286995515695067 0.26573426573426573 0.8982402448355011  
0.7413394919168591 0.27654867256637167 0.9097918272937549  
0.7636363636363637 0.24740124740124741 0.9024583663758922  
0.740343347639485 0.23412698412698413 0.9166666666666666  
0.7868852459016393 0.2403846153846154 0.91417004048583  
0.78125 0.2716049382716049 0.8902439024390244  
0.7230443974630021 0.2504672897196262 0.9190800681431005  
0.7384259259259259 0.25443786982248523 0.9002413515687852  
0.7276688453159041 0.2402464065708419 0.912621359223301  
0.7389277389277389 0.27292576419213976 0.9096525096525097  
0.7376344086021506 0.2515991471215352 0.9014423076923077  
0.7378190255220418 0.24612403100775193 0.9157894736842105  
0.6942675159235668 0.31105990783410137 0.8981989036805011  
0.7127659574468085 0.30612244897959184 0.9  
0.7458033573141487 0.2524752475247525 0.9030124908155768  
0.7552447552447552 0.26651480637813213 0.9010654490106544  
0.7505882352941177 0.25096525096525096 0.9087974172719936  
0.7186858316221766 0.2620192307692308 0.9053948397185301  
0.7948113207547169 0.2826552462526767 0.9124709527498064  
0.7350993377483444 0.22573839662447256 0.90199203187251  
0.7546174142480211 0.24618320610687022 0.90852228303362  
0.7685185185185185 0.22803738317757008 0.91440329218107  
0.7420718816067653 0.2564102564102564 0.913477537437604  
0.7145922746781116 0.2645161290322581 0.9024780175859313  
0.740506329113924 0.28289473684210525 0.9169329073482428  
0.726890756302521 0.22508591065292097 0.9306049822064056  
0.7592592592592593 0.258252427184466 0.9157894736842105  
0.7524271844660194 0.2777777777777778 0.9039938556067588  
0.7328918322295805 0.2383838383838384 0.9116693679092382  
0.7106382978723405 0.24897959183673468 0.9083469721767594  
0.7556053811659192 0.26666666666666666 0.9052547770700637  
0.7813267813267813 0.2711864406779661 0.9067524115755627  
0.7190569744597249 0.2824074074074074 0.9057211925866236  
0.7804295942720764 0.25471698113207547 0.9140308191403081  
0.7857142857142857 0.256993006993007 0.916256157635468  
0.7605321507760532 0.2396694214876033 0.9117882919005613  
0.7842639593908629 0.24887892376681614 0.8912071535022354  
0.7319819819819819 0.2860215053763441 0.9033778476040848  
0.7398190045248869 0.259825327510917 0.9157566302652106  
0.7488479262672811 0.23160173160173161 0.9012441679626749  
0.7662650602409639 0.23935091277890466 0.9042386185243328  
0.7210401891252955 0.2641165755919854 0.9231404958677686  
0.7540983606557377 0.2554112554112554 0.9017788089713844  
0.7555012224938875 0.28378378378378377 0.9123505976095617  
0.7078189300411523 0.2681818181818182 0.9132165605095541  
0.7311111111111112 0.275 0.9041533546325878  
0.7702702702702703 0.25349301397205587 0.9264349232012935  
0.7454954954954955 0.25 0.9043760129659644  
0.7624190064794817 0.23717948717948717 0.903277378097522  
0.7734939759036145 0.2680851063829787 0.9090208172706246  
0.7631578947368421 0.24361493123772102 0.9131474103585657  
0.7725225225225225 0.3013698630136986 0.908720456397718  
0.75 0.2537037037037037 0.913290113452188  
0.7608695652173914 0.24796747967479674 0.8989028213166145  
0.7775 0.25766871165644173 0.9002320185614849  
0.7831325301204819 0.2520491803278688 0.9147771696637998  
0.7414187643020596 0.24101479915433405 0.9205974842767296  
0.6718146718146718 0.2719665271966527 0.9165261382799326  
0.7878787878787878 0.23569794050343248 0.8943768996960486  
0.7236842105263158 0.24643584521384929 0.9149797570850202  
0.7596153846153846 0.23060344827586207 0.8955453149001537  
0.7582697201017812 0.2626728110599078 0.8915129151291513  
0.7673913043478261 0.2822085889570552 0.9148418491484185  
0.7755610972568578 0.2853982300884956 0.8924003009781791  
0.7227272727272728 0.23224568138195778 0.904995904995905  
0.7645833333333333 0.2515090543259557 0.9087136929460581  
0.735357917570499 0.28735632183908044 0.9291075896580484  
0.7178899082568807 0.2731006160164271 0.9126290706910246  
0.7194092827004219 0.28199566160520606 0.8997594226142742  
0.7116564417177914 0.26096997690531176 0.9126984126984127  
0.7148760330578512 0.2700892857142857 0.9048  
0.7196652719665272 0.24892703862660945 0.9103392568659128  
0.7580645161290323 0.25992063492063494 0.9155948553054662  
0.764172335600907 0.2646370023419204 0.9025875190258752  
0.7286995515695067 0.23725055432372505 0.9042801556420234  
0.7619047619047619 0.229706390328152 0.9002535925612849  
0.7420814479638009 0.25396825396825395 0.8996763754045307  
0.7370689655172413 0.2668112798264642 0.8926014319809069  
0.7571743929359823 0.250501002004008 0.908130081300813  
0.7353629976580797 0.2761904761904762 0.8891385767790262  
0.7155756207674944 0.2665289256198347 0.9075697211155378  
0.7624703087885986 0.2607944732297064 0.9255499153976311  
0.7345537757437071 0.22379032258064516 0.9055244195356285  
0.7428571428571429 0.25363825363825365 0.898876404494382  
0.7679425837320574 0.26859504132231404 0.89296875  
0.7462039045553145 0.2617283950617284 0.8875379939209727  
0.7025316455696202 0.25287356321839083 0.9173693086003373  
0.7462039045553145 0.30848329048843187 0.8836336336336337  
0.75 0.2682926829268293 0.9253112033195021  
0.7163561076604554 0.24536082474226803 0.9233937397034596  
0.7828282828282829 0.2388663967611336 0.9071207430340558  
0.7670588235294118 0.25048923679060664 0.9181380417335474  
0.7376681614349776 0.2435129740518962 0.9222672064777327  
0.7738095238095238 0.2588726513569937 0.8916601714731099  
0.7427937915742794 0.2691511387163561 0.9078525641025641  
0.7758186397984886 0.26305609284332687 0.9029968454258676  
0.7467532467532467 0.2556701030927835 0.8995951417004049  
0.7803030303030303 0.26127819548872183 0.8899521531100478  
0.7209821428571429 0.23443983402489627 0.9185303514376997  
0.7388235294117647 0.2733333333333333 0.9020657995409335  
0.7645569620253164 0.24094202898550723 0.9133603238866397  
0.79 0.2263779527559055 0.8971742543171115  
0.7146017699115044 0.28378378378378377 0.9105754276827371  
0.712742980561555 0.2691415313225058 0.8990683229813664  
0.7659090909090909 0.2261904761904762 0.9208400646203554  
0.7018348623853211 0.24740124740124741 0.908300395256917  
0.7534246575342466 0.2390057361376673 0.9090909090909091  
0.7274633123689728 0.2467289719626168 0.935042735042735  
0.7718446601941747 0.21911037891268534 0.9191745485812554  
0.7752808988764045 0.25313807531380755 0.9030976965845909  
0.7220902612826603 0.2804642166344294 0.9180064308681672  
0.7461368653421634 0.2713178294573643 0.9150865622423743  
0.7381489841986456 0.2575452716297787 0.9114331723027376  
0.7985074626865671 0.24750499001996007 0.9116497263487099  
0.7746478873239436 0.23908918406072105 0.9064279902359642  
0.745575221238938 0.22469635627530365 0.9045307443365695  
0.7783251231527094 0.3174946004319654 0.8880426504188881  
0.7438752783964365 0.2585858585858586 0.9176090468497576  
0.740990990990991 0.2647058823529412 0.908179012345679  
0.7163120567375887 0.2938388625592417 0.8975317875841436  
0.7788235294117647 0.2698744769874477 0.9186864738076622  
0.7411764705882353 0.25 0.9058260175578612  
0.734375 0.29128440366972475 0.9036979969183359  
0.7793427230046949 0.27049180327868855 0.9069400630914827  
0.7841191066997518 0.2753303964757709 0.9086792452830189  
0.7594339622641509 0.28475336322869954 0.90625  
0.76905311778291 0.2511415525114155 0.8825324180015256  
0.7555555555555555 0.2781456953642384 0.8952306489444879  
0.7701421800947867 0.26907630522088355 0.9128367670364501  
0.7354260089686099 0.28322440087145967 0.8974158183241974  
0.722 0.2912371134020619 0.8995363214837713  
0.7403846153846154 0.23847695390781562 0.898973954222573  
0.7614213197969543 0.26652452025586354 0.8976497346474602  
0.745575221238938 0.24158415841584158 0.916734693877551  
0.7352941176470589 0.2620545073375262 0.89944576405384  
0.805 0.24305555555555555 0.9038142620232172  
0.8033175355450237 0.27405857740585776 0.8993759750390016  
0.7365967365967366 0.25925925925925924 0.8841786525359576  
0.777262180974478 0.25766871165644173 0.9033280507131537  
0.7667493796526055 0.26834381551362685 0.9070660522273426  
0.7548076923076923 0.2564102564102564 0.9163934426229509  
0.7064220183486238 0.28536585365853656 0.9041916167664671  
0.7746113989637305 0.27291666666666664 0.898176291793313  
0.729490022172949 0.2658959537572254 0.9117161716171617  
0.7297872340425532 0.23504273504273504 0.9043408360128617  
0.7513227513227513 0.2737864077669903 0.8890612878200155  
0.7297921478060047 0.2542016806722689 0.8986645718774549  
0.7611241217798594 0.2600806451612903 0.9134233518665608  
0.7613365155131265 0.25948103792415167 0.9057052297939778  
0.7286995515695067 0.2222222222222222 0.9126853377265239  
0.7430555555555556 0.2505643340857788 0.8990053557765876  
0.7741116751269036 0.2834008097165992 0.9041731066460588  
0.7286995515695067 0.26993865030674846 0.9085805934242182  
0.7553956834532374 0.2588495575221239 0.8941355674028941  
