0.6422413793103449 0.679144385026738 0.7531025473546702  
0.6638297872340425 0.7362637362637363 0.7196078431372549  
0.7146067415730337 0.6236559139784946 0.7530625402965828  
0.7142857142857143 0.673469387755102 0.7626895187870798  
0.7041942604856513 0.6243654822335025 0.7650130548302873  
0.7237687366167024 0.6306818181818182 0.7485380116959064  
0.6798245614035088 0.616580310880829 0.7579908675799086  
0.6587982832618026 0.6649484536082474 0.7417871222076216  
0.6386036960985626 0.6779661016949152 0.7463768115942029  
0.6885245901639344 0.6178010471204188 0.7917498336660014  
0.6880530973451328 0.6797752808988764 0.7467783505154639  
0.7221052631578947 0.6142131979695431 0.7165562913907285  
0.6985446985446986 0.7039106145251397 0.7306176084099869  
0.708779443254818 0.6276595744680851 0.7445972495088409  
0.6739130434782609 0.7556818181818182 0.7121604139715395  
0.6133333333333333 0.7287234042553191 0.7629533678756477  
0.6809421841541756 0.6931216931216931 0.7536041939711664  
0.7136659436008677 0.6767676767676768 0.7222586999343401  
0.6748971193415638 0.6666666666666666 0.7682685977616853  
0.6873706004140787 0.7049180327868853 0.7150395778364116  
0.6914893617021277 0.7119565217391305 0.7270942408376964  
0.6808943089430894 0.6597938144329897 0.7379679144385026  
0.7096069868995634 0.7352941176470589 0.7104247104247104  
0.6795698924731183 0.6701030927835051 0.7741300065659882  
0.6918103448275862 0.656084656084656 0.749509483322433  
0.7206477732793523 0.6483516483516484 0.7456839309428951  
0.7361702127659574 0.6864864864864865 0.7301899148657498  
0.6745689655172413 0.7472527472527473 0.7317708333333334  
0.6722689075630253 0.6 0.7308707124010554  
0.6892177589852009 0.671957671957672 0.7848684210526315  
0.7148846960167715 0.6793478260869565 0.7291255752794215  
0.7063829787234043 0.6141304347826086 0.7958115183246073  
0.6914893617021277 0.6894736842105263 0.7562417871222076  
0.6701680672268907 0.7473684210526316 0.7282321899736148  
0.6964656964656964 0.6333333333333333 0.7587113740959894  
0.6859688195991092 0.644808743169399 0.78  
0.689795918367347 0.7348066298342542 0.7683653209794837  
0.6618852459016393 0.634020618556701 0.7406666666666667  
0.6987704918032787 0.6458333333333334 0.7536617842876165  
0.6979591836734694 0.6237113402061856 0.7650200267022697  
0.6509635974304069 0.6772486772486772 0.7693315858453473  
0.7284768211920529 0.6358974358974359 0.7529335071707953  
0.6746724890829694 0.6958762886597938 0.7143790849673203  
0.6602564102564102 0.675 0.7490092470277411  
0.7063829787234043 0.7 0.7654402102496715  
0.7031578947368421 0.6818181818181818 0.7601060304837641  
0.6611226611226612 0.6570048309178744 0.7255689424364123  
0.6939203354297694 0.736318407960199 0.742686170212766  
0.6885964912280702 0.601063829787234 0.7613784135240572  
0.6913319238900634 0.6631016042780749 0.7634691195795007  
0.6757322175732218 0.5904255319148937 0.771108179419525  
0.6919739696312365 0.5904255319148937 0.7482061317677756  
0.7116564417177914 0.6815642458100558 0.7688243064729194  
0.6652806652806653 0.6898395721925134 0.7324966974900925  
0.6741803278688525 0.6285714285714286 0.78275181040158  
0.6760869565217391 0.6444444444444445 0.7367055771725033  
0.6875 0.7621621621621621 0.730593607305936  
0.680327868852459 0.6288659793814433 0.778  
0.6623655913978495 0.7715736040609137 0.7559210526315789  
0.6680851063829787 0.7297297297297297 0.7609692206941716  
0.6897321428571429 0.6551724137931034 0.7622468974526453  
0.710691823899371 0.6855670103092784 0.7617471872931834  
0.7124735729386892 0.6288659793814433 0.768976897689769  
0.7114967462039046 0.6045197740112994 0.7694300518134715  
0.6826086956521739 0.6631016042780749 0.7504885993485342  
0.7182203389830508 0.7202072538860104 0.7330257086354647  
0.6866952789699571 0.6557377049180327 0.7416829745596869  
0.6451612903225806 0.76 0.7334630350194552  
0.665943600867679 0.6231155778894473 0.7582128777923784  
0.7039473684210527 0.7157894736842105 0.71484375  
0.721881390593047 0.6739130434782609 0.7461895294897283  
0.6885593220338984 0.6649484536082474 0.771108179419525  
0.6713709677419355 0.7598039215686274 0.7354925775978407  
0.7028688524590164 0.6737967914438503 0.7412076974120769  
0.674 0.6968085106382979 0.7556894243641231  
0.7228144989339019 0.743455497382199 0.6872536136662286  
0.6680672268907563 0.7029702970297029 0.7267287234042553  
0.7148936170212766 0.7336956521739131 0.7454188481675392  
0.7025862068965517 0.7010309278350515 0.7454068241469817  
0.7293868921775899 0.6878306878306878 0.7361842105263158  
0.7337526205450734 0.6906077348066298 0.7473753280839895  
0.659877800407332 0.7064676616915423 0.7308724832214765  
0.6565217391304348 0.7668393782383419 0.7266187050359713  
0.6736401673640168 0.703125 0.7691798941798942  
0.6442516268980477 0.649746192893401 0.7723097112860893  
0.6918367346938775 0.7172774869109948 0.7641572285143238  
0.7104722792607803 0.6683673469387755 0.7658438959306204  
0.6710816777041942 0.7189189189189189 0.6897668393782384  
0.6989247311827957 0.7231638418079096 0.7441558441558441  
0.7546391752577319 0.6649746192893401 0.73  
0.6916488222698073 0.7643979057591623 0.7375328083989501  
0.7145969498910676 0.6595744680851063 0.7276872964169381  
0.6947368421052632 0.7158469945355191 0.7388451443569554  
0.6960167714884696 0.6871508379888268 0.7391874180865007  
0.676056338028169 0.6984126984126984 0.7433155080213903  
0.6711111111111111 0.7657142857142857 0.7167630057803468  
0.7154989384288747 0.7172774869109948 0.7125  
0.7041666666666667 0.6382978723404256 0.7542932628797886  
0.73558648111332 0.7461139896373057 0.7274562584118439  
0.6869565217391305 0.6833333333333333 0.7347600518806745  
0.6958424507658644 0.6276595744680851 0.7781392322706572  
0.7389277389277389 0.5978260869565217 0.7673677501593371  
0.6942675159235668 0.6810810810810811 0.7621231979030144  
0.6704288939051919 0.675531914893617 0.7375886524822695  
0.7412008281573499 0.6358974358974359 0.699468085106383  
0.6724511930585684 0.7087912087912088 0.7537361923326835  
0.6924731182795699 0.6684491978609626 0.7431372549019608  
0.6866952789699571 0.7346938775510204 0.7414473684210526  
0.6473118279569893 0.844559585492228 0.7322834645669292  
0.6881720430107527 0.6666666666666666 0.7621550591327201  
0.6666666666666666 0.6201117318435754 0.7776324395029431  
0.6858974358974359 0.6235955056179775 0.755859375  
0.7100840336134454 0.7074468085106383 0.7430830039525692  
0.6736842105263158 0.7142857142857143 0.7555994729907773  
0.7014925373134329 0.6528497409326425 0.7703947368421052  
0.6877637130801688 0.6217616580310881 0.7788778877887789  
0.6900452488687783 0.6359223300970874 0.7503259452411994  
0.683991683991684 0.7263157894736842 0.7604235605559232  
0.6587982832618026 0.6571428571428571 0.7669322709163346  
0.6386036960985626 0.8208955223880597 0.7242302543507363  
0.6938775510204082 0.6795580110497238 0.7491727332892124  
0.7036247334754797 0.6994535519125683 0.7352941176470589  
0.6951983298538622 0.6646341463414634 0.7186484730344379  
0.689873417721519 0.7126436781609196 0.6916558018252934  
0.6809421841541756 0.6173469387755102 0.7669519420671495  
0.7182795698924731 0.6542553191489362 0.7325049051667757  
0.683083511777302 0.7297297297297297 0.7483660130718954  
0.7124463519313304 0.7165775401069518 0.7141922825376062  
0.6721649484536083 0.6416184971098265 0.7749343832020997  
0.6356107660455487 0.675 0.7645096731154103  
0.6509635974304069 0.6597938144329897 0.7383300460223537  
0.6653061224489796 0.6574585635359116 0.7405691594970218  
0.6592920353982301 0.6684782608695652 0.7606727037516171  
0.6487025948103793 0.7359550561797753 0.7491683300066534  
0.6967741935483871 0.5906735751295337 0.7736220472440944  
0.7053941908713693 0.7292817679558011 0.7412771560236998  
0.7154308617234469 0.6951871657754011 0.7098930481283422  
0.6566523605150214 0.6827956989247311 0.7790849673202614  
0.7411273486430062 0.6009389671361502 0.7872483221476511  
0.651394422310757 0.6461538461538462 0.7723905723905724  
0.7186813186813187 0.7329842931937173 0.7063802083333334  
0.6869565217391305 0.6777251184834123 0.7657180675049636  
0.7180043383947939 0.7074468085106383 0.7521200260926288  
0.7010526315789474 0.6170212765957447 0.761685319289006  
0.6831275720164609 0.6378378378378379 0.7524818001323627  
0.6775510204081633 0.7248677248677249 0.7431803060545575  
0.7090163934426229 0.6875 0.7549933422103862  
0.6517094017094017 0.7164948453608248 0.7171052631578947  
0.7248322147651006 0.6926829268292682 0.7104575163398693  
0.6908713692946058 0.6894736842105263 0.7304635761589404  
0.7092050209205021 0.542713567839196 0.7840531561461794  
0.6773504273504274 0.7295918367346939 0.7444005270092227  
0.6941964285714286 0.5882352941176471 0.7957336780866192  
0.691304347826087 0.7150537634408602 0.740234375  
0.6845493562231759 0.5628415300546448 0.7684279191128506  
0.6902654867256637 0.6907216494845361 0.7584635416666666  
0.6871035940803383 0.532608695652174 0.7468852459016393  
0.6644295302013423 0.6548223350253807 0.735370611183355  
0.6550218340611353 0.6666666666666666 0.7575360419397117  
0.6969026548672567 0.7 0.7649350649350649  
0.6908713692946058 0.6082474226804123 0.7709163346613546  
0.7148936170212766 0.6321243523316062 0.7485187623436471  
0.6761487964989059 0.6354166666666666 0.7625570776255708  
0.6659619450317125 0.6565656565656566 0.7452018530774321  
0.6680942184154176 0.7068062827225131 0.7644356955380578  
0.7259100642398287 0.7039106145251397 0.7584635416666666  
0.7019438444924406 0.6914285714285714 0.7642487046632125  
0.6960167714884696 0.6458333333333334 0.7719762062128223  
0.6653061224489796 0.640625 0.7473333333333333  
0.6714285714285714 0.7619047619047619 0.7285429141716567  
0.6938775510204082 0.6243386243386243 0.7751164337990686  
0.7070063694267515 0.6911764705882353 0.7365627073656271  
0.694560669456067 0.7700534759358288 0.7330257086354647  
0.7053763440860215 0.6944444444444444 0.7495120364346128  
0.7182795698924731 0.6844660194174758 0.7438782263401721  
0.6926406926406926 0.6368715083798883 0.7306943543153797  
0.7061310782241015 0.6217616580310881 0.7387862796833773  
0.688659793814433 0.7085427135678392 0.7429906542056075  
0.6772151898734177 0.6979166666666666 0.7902374670184696  
0.6774891774891775 0.6363636363636364 0.7516425755584757  
0.638477801268499 0.7083333333333334 0.7692814765985497  
0.7472527472527473 0.689119170984456 0.7327249022164276  
0.6652360515021459 0.6797752808988764 0.7223667100130039  
0.661504424778761 0.7318435754189944 0.7079303675048356  
0.679324894514768 0.7112299465240641 0.7481919789612097  
0.6960985626283368 0.5885167464114832 0.7981157469717362  
0.6380368098159509 0.628140703517588 0.7797858099062919  
0.6967741935483871 0.5736842105263158 0.7675180091683038  
0.6916666666666667 0.7398843930635838 0.7338129496402878  
0.6815144766146993 0.6277777777777778 0.7862202189311011  
0.6859504132231405 0.7081081081081081 0.7362855254461335  
0.7222222222222222 0.6294416243654822 0.7389584706657878  
0.6723044397463002 0.6175115207373272 0.7707774798927614  
0.6719101123595506 0.7150537634408602 0.7221147646679562  
0.6869747899159664 0.6813186813186813 0.7270341207349081  
0.6767241379310345 0.6875 0.7378768020969856  
0.6829268292682927 0.680628272251309 0.7318181818181818  
0.7023060796645703 0.7700534759358288 0.7140974967061924  
0.7002141327623126 0.639344262295082 0.7669712793733682  
0.7 0.6304347826086957 0.7654808959156785  
0.6824742268041237 0.6390243902439025 0.7908847184986595  
0.6980306345733042 0.6062176165803109 0.7702349869451697  
0.6680584551148225 0.7360406091370558 0.7410358565737052  
0.6565217391304348 0.6701030927835051 0.7519633507853403  
0.6907216494845361 0.6213592233009708 0.7679409792085848  
0.6707317073170732 0.7640449438202247 0.7017195767195767  
0.698744769874477 0.702020202020202 0.7662682602921647  
0.658008658008658 0.7303370786516854 0.711413748378729  
0.6830357142857143 0.6951871657754011 0.768584356819651  
0.6753246753246753 0.7340425531914894 0.7265013054830287  
0.676954732510288 0.6494845360824743 0.741011984021305  
0.6979405034324943 0.7225130890052356 0.7207207207207207  
0.7057569296375267 0.746031746031746 0.7650918635170604  
0.7274633123689728 0.640625 0.7713152676801057  
0.6847599164926931 0.6994535519125683 0.7335526315789473  
0.6902286902286903 0.7120418848167539 0.7258278145695364  
0.716 0.6424870466321243 0.7723304231027536  
0.7101769911504425 0.7409326424870466 0.7371502927781393  
0.6724890829694323 0.6633165829145728 0.7560655737704918  
0.7258064516129032 0.6864864864864865 0.7475016655562958  
0.6772727272727272 0.6523809523809524 0.7650130548302873  
0.6788793103448276 0.6526315789473685 0.7859947643979057  
0.6926406926406926 0.6578947368421053 0.7633986928104575  
0.7064989517819706 0.6649746192893401 0.7248010610079576  
0.6519823788546255 0.7021276595744681 0.7538961038961038  
0.6794354838709677 0.6935483870967742 0.734  
0.6395833333333333 0.78125 0.733112582781457  
0.7103594080338267 0.711340206185567 0.7036303630363037  
0.6390041493775933 0.6839378238341969 0.7737226277372263  
0.680672268907563 0.7421052631578947 0.7493403693931399  
0.6518987341772152 0.5561497326203209 0.7955292570677186  
0.7227722772277227 0.6086956521739131 0.7709310113864702  
0.6784140969162996 0.6857142857142857 0.760463618802318  
0.6842105263157895 0.6337209302325582 0.7546174142480211  
0.6978723404255319 0.7727272727272727 0.7493489583333334  
0.7349397590361446 0.6237623762376238 0.7530364372469636  
0.6554621848739496 0.7091836734693877 0.7350993377483444  
0.6871165644171779 0.723404255319149 0.7561461794019934  
0.7198275862068966 0.6631016042780749 0.7583278902677988  
0.7093275488069414 0.6631016042780749 0.7568448500651891  
0.6570841889117043 0.6919191919191919 0.7421509686038744  
0.7046413502109705 0.6989247311827957 0.7227332457293035  
0.7173447537473233 0.5526315789473685 0.7672131147540984  
0.6884210526315789 0.5714285714285714 0.7553191489361702  
0.6422413793103449 0.6612903225806451 0.7663185378590078  
0.6572052401746725 0.7015706806282722 0.7449445531637312  
0.7080610021786492 0.6702702702702703 0.7373211963589077  
0.6618556701030928 0.6197916666666666 0.7833887043189369  
0.6260683760683761 0.654639175257732 0.7578947368421053  
0.6467991169977925 0.6544502617801047 0.7964889466840052  
0.6652719665271967 0.6344086021505376 0.7674571805006588  
0.6707566462167689 0.6333333333333333 0.7336417713152676  
0.6987179487179487 0.6630434782608695 0.7496732026143791  
0.7350427350427351 0.6243093922651933 0.7658186562296151  
0.7359307359307359 0.6852791878172588 0.7347340774786605  
0.7692307692307693 0.6521739130434783 0.7183006535947712  
0.6729166666666667 0.694300518134715 0.7044400265076209  
0.6970954356846473 0.6483516483516484 0.7490118577075099  
0.679324894514768 0.6613756613756614 0.7623436471362739  
0.6702127659574468 0.6288659793814433 0.7786561264822134  
0.7130801687763713 0.66 0.7228116710875332  
0.6615720524017468 0.7336683417085427 0.7344262295081967  
0.6863157894736842 0.5692307692307692 0.7665343915343915  
0.6644591611479028 0.6632124352331606 0.7623697916666666  
0.670061099796334 0.6858638743455497 0.7586666666666667  
0.7094017094017094 0.7604166666666666 0.7233902759526938  
0.7543859649122807 0.6739130434782609 0.7237354085603113  
0.668724279835391 0.6153846153846154 0.7747688243064729  
0.725050916496945 0.5743589743589743 0.7286096256684492  
0.700836820083682 0.6703296703296703 0.740473061760841  
0.697286012526096 0.6149732620320856 0.7889182058047494  
0.6790890269151139 0.6918604651162791 0.7406679764243614  
0.6817248459958932 0.612565445026178 0.7679521276595744  
0.7092050209205021 0.7361963190184049 0.7514600908500974  
0.6828752642706131 0.689119170984456 0.7664907651715039  
0.6729166666666667 0.5677083333333334 0.776158940397351  
0.6468253968253969 0.6994818652849741 0.7744107744107744  
0.6821052631578948 0.6536312849162011 0.7414921465968587  
0.6464435146443515 0.6173469387755102 0.7758620689655172  
0.6960985626283368 0.6956521739130435 0.7352746525479815  
0.7505330490405118 0.6368159203980099 0.7486772486772487  
0.6779661016949152 0.6683168316831684 0.7453580901856764  
0.6666666666666666 0.7540106951871658 0.7192982456140351  
0.6845493562231759 0.6648648648648648 0.743958197256695  
0.7139959432048681 0.7135135135135136 0.7313829787234043  
0.6821052631578948 0.7409638554216867 0.737183646982479  
0.6693877551020408 0.6310160427807486 0.7561461794019934  
0.7110187110187111 0.6374269005847953 0.769281045751634  
0.6713426853707415 0.6906077348066298 0.7523302263648469  
0.6753812636165577 0.746031746031746 0.7177314211212517  
0.6707317073170732 0.6595744680851063 0.7536617842876165  
0.7192224622030238 0.6701030927835051 0.741639344262295  
0.675564681724846 0.6368159203980099 0.8072289156626506  
0.7366255144032922 0.6492146596858639 0.773421926910299  
0.6734279918864098 0.6685393258426966 0.7650562541363336  
0.6810344827586207 0.6717948717948717 0.7754432042022325  
0.6944444444444444 0.6612021857923497 0.7576747224036577  
0.7085106382978723 0.7359550561797753 0.7262059973924381  
0.7070707070707071 0.7213114754098361 0.7207446808510638  
0.6905737704918032 0.7262569832402235 0.7267326732673267  
0.7167755991285403 0.6467661691542289 0.7693823915900131  
0.712742980561555 0.7283236994219653 0.7153945666235446  
0.6918103448275862 0.7239583333333334 0.7365661861074705  
0.6703296703296703 0.6907216494845361 0.7234181343770385  
0.6873661670235546 0.6793478260869565 0.7537557152188112  
0.6623655913978495 0.7158469945355191 0.7314211212516297  
0.7050209205020921 0.6182795698924731 0.7397891963109354  
0.6344969199178645 0.6058823529411764 0.8072131147540984  
0.6743215031315241 0.6847826086956522 0.7478604344963792  
0.6858407079646017 0.7058823529411765 0.7333333333333333  
0.7206477732793523 0.7142857142857143 0.7528089887640449  
0.707983193277311 0.7701149425287356 0.7304177545691906  
0.689873417721519 0.6720430107526881 0.7503285151116952  
0.7078891257995735 0.6923076923076923 0.7441860465116279  
0.6814345991561181 0.6263736263736264 0.7391874180865007  
0.649890590809628 0.7046632124352331 0.7428198433420365  
0.6876267748478702 0.6511627906976745 0.7613711272247857  
0.7303609341825902 0.689119170984456 0.7048748353096179  
0.7043879907621247 0.6864864864864865 0.7308184143222506  
0.7189542483660131 0.5240641711229946 0.7955729166666666  
0.7133620689655172 0.7195767195767195 0.7298888162197514  
0.6375 0.6486486486486487 0.7930125247198417  
0.7057522123893806 0.6648936170212766 0.7431906614785992  
0.6868475991649269 0.6190476190476191 0.7655217965653897  
0.7139784946236559 0.7549019607843137 0.697951090548579  
0.6539235412474849 0.7403314917127072 0.7519946808510638  
0.7245762711864406 0.6888888888888889 0.7026143790849673  
0.7233606557377049 0.6825396825396826 0.7328903654485049  
0.6707070707070707 0.6062176165803109 0.7583668005354752  
0.6353944562899787 0.6852791878172588 0.762532981530343  
0.7109207708779444 0.6989247311827957 0.7135382603008502  
0.7112068965517241 0.6683673469387755 0.7634691195795007  
0.6862348178137652 0.7945945945945946 0.7438456420492349  
0.7142857142857143 0.6162162162162163 0.7455621301775148  
0.6927835051546392 0.6844660194174758 0.7350771294433266  
0.7115789473684211 0.7288135593220338 0.7156862745098039  
0.6842105263157895 0.6224489795918368 0.775338928340865  
0.6825053995680346 0.5757575757575758 0.7882971729125575  
0.6885245901639344 0.616580310880829 0.7961359093937375  
0.7455357142857143 0.5699481865284974 0.7573004542504866  
0.7017543859649122 0.6729857819905213 0.73993399339934  
0.6833333333333333 0.7062146892655368 0.7665573770491804  
0.6861167002012073 0.67 0.7656565656565657  
0.7077244258872651 0.7340425531914894 0.7313531353135313  
0.6934156378600823 0.6717171717171717 0.7516688918558078  
0.6826086956521739 0.7085714285714285 0.7582417582417582  
0.7274633123689728 0.655367231638418 0.7231675392670157  
0.6673773987206824 0.6906077348066298 0.7304177545691906  
0.7075268817204301 0.6456310679611651 0.7769688947716744  
0.6715481171548117 0.6914893617021277 0.7401055408970977  
0.6600877192982456 0.7248677248677249 0.7325959661678595  
0.6638477801268499 0.6827956989247311 0.7406434668417596  
0.6815286624203821 0.671875 0.771560236998025  
0.711340206185567 0.6855670103092784 0.7358616101131071  
0.683982683982684 0.5735294117647058 0.7895778364116095  
0.7076271186440678 0.7379679144385026 0.7156927117531189  
0.6836734693877551 0.6417910447761194 0.7686116700201208  
0.660455486542443 0.7559523809523809 0.7341606792945787  
0.6967213114754098 0.6410256410256411 0.7511674449633089  
0.6270833333333333 0.6871508379888268 0.7518056467498359  
0.7078189300411523 0.7340425531914894 0.7579575596816976  
0.7115384615384616 0.6424581005586593 0.7543973941368078  
0.6701902748414377 0.7167630057803468 0.7350260416666666  
0.6890756302521008 0.7228260869565217 0.7325886990801577  
0.6559139784946236 0.6648936170212766 0.7769784172661871  
0.656964656964657 0.7368421052631579 0.7518199867637326  
0.673773987206823 0.675392670157068 0.7700394218134035  
0.683982683982684 0.5661375661375662 0.7726975832789027  
0.6944444444444444 0.6414141414141414 0.746042216358839  
0.6624737945492662 0.5911602209944752 0.797244094488189  
0.6885245901639344 0.6683417085427136 0.7424749163879598  
0.7169811320754716 0.6267942583732058 0.7720588235294118  
0.6818181818181818 0.6966292134831461 0.7276315789473684  
0.693304535637149 0.6684210526315789 0.7305428384565075  
0.723175965665236 0.6381909547738693 0.7363216875411998  
0.6884531590413944 0.6536585365853659 0.7648221343873518  
0.6837782340862423 0.7401129943502824 0.7285902503293807  
0.7392156862745098 0.6321243523316062 0.7464503042596349  
0.6491596638655462 0.7083333333333334 0.7542932628797886  
0.7077244258872651 0.7444444444444445 0.7235718975705844  
0.7031578947368421 0.7311827956989247 0.7074293228139382  
0.7212765957446808 0.6378378378378379 0.7570399476096922  
0.6981891348088531 0.703125 0.7327528466175486  
0.7171717171717171 0.7248677248677249 0.7523364485981309  
0.707983193277311 0.6285714285714286 0.7531025473546702  
0.69593147751606 0.6759776536312849 0.7454427083333334  
0.7278617710583153 0.7287234042553191 0.7171783148269105  
0.7096774193548387 0.6530612244897959 0.7560815253122946  
0.717948717948718 0.6022727272727273 0.7483745123537061  
0.6345291479820628 0.7578947368421053 0.7367399741267788  
0.6609071274298056 0.700507614213198 0.7555847568988173  
0.7296703296703296 0.6593406593406593 0.7275080906148867  
0.7 0.6881720430107527 0.7453825857519789  
0.7282157676348547 0.664804469273743 0.7455621301775148  
0.6985138004246284 0.6632124352331606 0.7549407114624506  
0.6914893617021277 0.765625 0.7098684210526316  
0.6804347826086956 0.6610169491525424 0.7760517799352751  
0.6951983298538622 0.6914893617021277 0.7313531353135313  
0.6950207468879668 0.6528497409326425 0.7717319177173192  
0.6795698924731183 0.6596858638743456 0.7719528178243774  
0.6455696202531646 0.7231638418079096 0.7629000653167864  
0.6794871794871795 0.6802030456852792 0.7468688200395518  
0.6749482401656315 0.6507936507936508 0.7556291390728477  
0.7202505219206681 0.6938775510204082 0.7325812873258128  
0.6980306345733042 0.6581632653061225 0.7325049051667757  
0.7073684210526315 0.6223404255319149 0.7583936800526663  
0.688034188034188 0.578125 0.7818659658344284  
0.7117903930131004 0.6353591160220995 0.7679844458846403  
0.6592292089249493 0.6910112359550562 0.7240238252812706  
0.7195121951219512 0.6630434782608695 0.7164674634794157  
0.6688741721854304 0.7103825136612022 0.7393272962483829  
0.6864406779661016 0.6230366492146597 0.7603686635944701  
0.7190775681341719 0.6763005780346821 0.7395561357702349  
0.7030927835051546 0.6893203883495146 0.7317236753856472  
0.7060133630289532 0.7027027027027027 0.7286821705426356  
0.7265135699373695 0.6436781609195402 0.7455853499018966  
0.7082452431289641 0.8042328042328042 0.719078947368421  
0.6795698924731183 0.6908212560386473 0.7821192052980133  
0.7004132231404959 0.6701570680628273 0.7312541473125415  
0.7115384615384616 0.6766169154228856 0.7303370786516854  
0.7219730941704036 0.7070707070707071 0.7691807542262679  
0.6380753138075314 0.7608695652173914 0.7171052631578947  
0.6732283464566929 0.6666666666666666 0.768970189701897  
0.7112526539278131 0.7258883248730964 0.7556142668428005  
0.7058823529411765 0.6914285714285714 0.7512919896640827  
0.6515151515151515 0.6927083333333334 0.7277486910994765  
0.6997840172786177 0.631578947368421 0.7684761281883584  
0.6666666666666666 0.7393617021276596 0.739101717305152  
0.7136929460580913 0.732620320855615 0.7488433575677462  
0.7329059829059829 0.696969696969697 0.723692704970949  
0.6376811594202898 0.6595744680851063 0.771012574454004  
0.725050916496945 0.7248677248677249 0.7270306258322237  
0.643298969072165 0.6548223350253807 0.7253333333333334  
0.7037861915367484 0.6446700507614214 0.7356770833333334  
0.6798245614035088 0.7564766839378239 0.7097195042400521  
0.6997929606625258 0.6836734693877551 0.7471723220226214  
0.6910229645093946 0.7244897959183674 0.7179827471798275  
0.6931330472103004 0.5353535353535354 0.7891963109354414  
0.6422764227642277 0.676923076923077 0.7518394648829432  
0.6887966804979253 0.7371134020618557 0.7363877822045153  
0.6617021276595745 0.7357512953367875 0.7386438446346281  
0.682092555331992 0.745945945945946 0.7673333333333333  
0.676056338028169 0.6888888888888889 0.7249169435215946  
0.6561181434599156 0.6818181818181818 0.7781456953642384  
0.6983122362869199 0.6417112299465241 0.7619986850756082  
0.7335984095427436 0.6538461538461539 0.7535070140280561  
0.6876355748373102 0.7098445595854922 0.7356020942408377  
0.6941431670281996 0.6989247311827957 0.7348534201954398  
0.6550308008213552 0.7032967032967034 0.7574355584930601  
0.6740576496674058 0.7438423645320197 0.7264397905759162  
0.6723044397463002 0.6918604651162791 0.7358490566037735  
0.7076271186440678 0.6119402985074627 0.7687210072895958  
0.6926406926406926 0.6137566137566137 0.7707380796864794  
0.6418219461697723 0.6526315789473685 0.7753479125248509  
0.6645435244161358 0.7288135593220338 0.7444589308996089  
0.7075268817204301 0.5376344086021505 0.7838014369693012  
0.659043659043659 0.67 0.7741505662891406  
0.7510204081632653 0.5721649484536082 0.7850467289719626  
0.6637931034482759 0.7675675675675676 0.7266797129810828  
0.6738197424892703 0.6134020618556701 0.7555847568988173  
0.6618556701030928 0.6910994764397905 0.7556440903054449  
0.7074688796680498 0.6825396825396826 0.7418927862342819  
0.69593147751606 0.6424581005586593 0.787109375  
0.6987704918032787 0.7185929648241206 0.7451505016722408  
0.6446808510638298 0.6858638743455497 0.7343852728468113  
0.6918238993710691 0.6224489795918368 0.777998674618953  
0.6531049250535332 0.6898395721925134 0.7329842931937173  
0.708779443254818 0.671957671957672 0.7332896461336829  
0.6680851063829787 0.6685714285714286 0.7267404033832141  
0.6759443339960238 0.7528089887640449 0.7481678880746169  
0.6727272727272727 0.6894736842105263 0.7442010309278351  
0.7094594594594594 0.6497175141242938 0.7206918641896221  
0.6617336152219874 0.65625 0.7633487145682267  
0.6859504132231405 0.6363636363636364 0.7746386333771353  
0.7235294117647059 0.5815217391304348 0.7540322580645161  
0.698237885462555 0.5754716981132075 0.787598944591029  
0.7194860813704497 0.6041666666666666 0.7741300065659882  
0.6704035874439462 0.6684491978609626 0.7340219496449322  
0.7195876288659794 0.6721311475409836 0.7186261558784677  
0.7112970711297071 0.7872340425531915 0.7434036939313984  
0.6918103448275862 0.6210526315789474 0.7486910994764397  
0.6886993603411514 0.7074468085106383 0.7573770491803279  
0.70276008492569 0.6822916666666666 0.7702435813034891  
0.6862745098039216 0.6635071090047393 0.7513227513227513  
0.6756198347107438 0.7821229050279329 0.7030941408821593  
0.6856540084388185 0.766497461928934 0.7253474520185308  
0.6772151898734177 0.7814207650273224 0.7291803278688525  
0.6810344827586207 0.7014925373134329 0.7211601845748187  
0.658695652173913 0.7319587628865979 0.7172774869109948  
0.6844262295081968 0.7182320441988951 0.7263714474553866  
0.6753246753246753 0.6951871657754011 0.7455968688845401  
0.740174672489083 0.7424242424242424 0.718872870249017  
0.6840958605664488 0.6963350785340314 0.7441253263707572  
0.6851851851851852 0.7456647398843931 0.721602101116218  
0.6905263157894737 0.7014925373134329 0.7304116865869854  
0.6792452830188679 0.6571428571428571 0.7777777777777778  
0.7006507592190889 0.6473684210526316 0.7067276290006531  
0.6927966101694916 0.6864864864864865 0.759344262295082  
0.6983122362869199 0.6476190476190476 0.7656875834445928  
0.6735537190082644 0.6919191919191919 0.7413333333333333  
0.665158371040724 0.6071428571428571 0.780440414507772  
0.7142857142857143 0.7052631578947368 0.7335984095427436  
0.7237903225806451 0.639344262295082 0.7305389221556886  
0.6844349680170576 0.654639175257732 0.7465437788018433  
0.7274678111587983 0.6737967914438503 0.6984957488554611  
0.6825053995680346 0.7058823529411765 0.7532637075718016  
0.6702586206896551 0.7182320441988951 0.741704619388419  
0.7013274336283186 0.6010362694300518 0.77878985035784  
0.6825053995680346 0.7094972067039106 0.7188311688311688  
0.7130977130977131 0.6580310880829016 0.7274535809018567  
0.6772151898734177 0.644808743169399 0.7390163934426229  
0.6708860759493671 0.7300613496932515 0.7093851132686084  
0.6537634408602151 0.7731958762886598 0.7078135259356533  
0.639344262295082 0.6825396825396826 0.7435215946843854  
0.7337526205450734 0.5767195767195767 0.7572559366754618  
0.6880165289256198 0.7528089887640449 0.7217105263157895  
0.7040816326530612 0.5752688172043011 0.8027888446215139  
0.6852248394004282 0.73224043715847 0.7304177545691906  
0.693304535637149 0.7379679144385026 0.7395561357702349  
0.6123711340206186 0.6666666666666666 0.7674418604651163  
0.6731601731601732 0.6736842105263158 0.7699346405228759  
0.6694560669456067 0.6613756613756614 0.7531353135313531  
0.6888888888888889 0.7048192771084337 0.7639710716633794  
0.6965065502183406 0.6020942408376964 0.7547292889758643  
0.6908315565031983 0.6597938144329897 0.7709019091507571  
0.6735112936344969 0.6666666666666666 0.752324037184595  
0.7183406113537117 0.6933962264150944 0.7083333333333334  
0.6863157894736842 0.6526315789473685 0.7719182597231378  
0.701271186440678 0.7142857142857143 0.7350427350427351  
0.7037037037037037 0.6338797814207651 0.7525974025974026  
0.71900826446281 0.6432432432432432 0.7343027098479842  
0.703030303030303 0.7513513513513513 0.7456724367509987  
0.6715176715176715 0.5916230366492147 0.7841059602649006  
0.6637168141592921 0.6082474226804123 0.7571614583333334  
0.696652719665272 0.6333333333333333 0.7624671916010499  
0.7547568710359408 0.5360824742268041 0.7636963696369637  
0.6756756756756757 0.7107843137254902 0.7528390113560455  
0.6836734693877551 0.6612021857923497 0.7256461232604374  
0.646 0.6197916666666666 0.7657718120805369  
0.6688888888888889 0.6737967914438503 0.7359223300970874  
0.6623093681917211 0.7157360406091371 0.7267365661861075  
0.69375 0.7046632124352331 0.730284956925116  
0.6581196581196581 0.7411167512690355 0.7158866183256427  
0.7037815126050421 0.6613756613756614 0.7626895187870798  
0.7202505219206681 0.7065217391304348 0.728110599078341  
0.6783505154639176 0.6460674157303371 0.7524687294272547  
0.6997840172786177 0.75 0.7263226649248857  
0.728051391862955 0.6666666666666666 0.7305151915455746  
0.6645569620253164 0.6059113300492611 0.7681063122923588  
0.7114093959731543 0.5852272727272727 0.7466324567030147  
0.7282608695652174 0.6530612244897959 0.737221494102228  
0.6945010183299389 0.5759162303664922 0.798  
0.6867219917012448 0.6864864864864865 0.761056105610561  
0.6885593220338984 0.6458333333333334 0.7602108036890646  
0.6638655462184874 0.7474747474747475 0.7493368700265252  
0.7136752136752137 0.5263157894736842 0.7906824146981627  
0.7055084745762712 0.708994708994709 0.7159763313609467  
0.6784140969162996 0.582010582010582 0.7621832358674464  
0.7053763440860215 0.7158469945355191 0.7372881355932204  
0.70625 0.6290322580645161 0.7480211081794196  
0.70276008492569 0.6896551724137931 0.7625994694960212  
0.6900212314225053 0.6966292134831461 0.7371167645140247  
0.6960352422907489 0.6378378378378379 0.7679844458846403  
0.6727272727272727 0.6487804878048781 0.742914979757085  
0.6518046709129511 0.7076923076923077 0.7631926121372031  
0.6602564102564102 0.708994708994709 0.779016393442623  
0.7071129707112971 0.7010869565217391 0.7322368421052632  
0.7296747967479674 0.7023809523809523 0.7293035479632063  
0.655241935483871 0.6524064171122995 0.7478318879252835  
0.715203426124197 0.6857142857142857 0.7597402597402597  
0.688659793814433 0.6825396825396826 0.7712201591511937  
0.6856540084388185 0.6702127659574468 0.7914473684210527  
0.6770833333333334 0.6476683937823834 0.7746852220013254  
0.7186858316221766 0.6530612244897959 0.7384923282188125  
0.7006507592190889 0.6616161616161617 0.7583716349310571  
0.6829787234042554 0.782608695652174 0.7081151832460733  
0.6915113871635611 0.6353591160220995 0.7621870882740448  
0.6551724137931034 0.643979057591623 0.7825802226588081  
0.6977687626774848 0.6830601092896175 0.750996015936255  
0.6724511930585684 0.7272727272727273 0.7490221642764016  
0.6776315789473685 0.7237569060773481 0.7223300970873786  
0.7217391304347827 0.7602040816326531 0.7044560943643512  
0.6716417910447762 0.6510416666666666 0.7843523997370151  
0.7228144989339019 0.5911602209944752 0.7689295039164491  
0.7223340040241448 0.6931216931216931 0.7433155080213903  
0.7136842105263158 0.6216216216216216 0.7424441524310118  
0.6926229508196722 0.6363636363636364 0.7524883875248839  
0.6817155756207675 0.7164948453608248 0.7359223300970874  
0.6423982869379015 0.6927374301675978 0.75390625  
0.6993603411513859 0.6288659793814433 0.7458854509545754  
0.6344969199178645 0.6761363636363636 0.7709019091507571  
0.655982905982906 0.73 0.71334214002642  
0.6494623655913978 0.686046511627907 0.7566343042071197  
0.6989247311827957 0.6633165829145728 0.7812911725955204  
0.6630196936542669 0.6502463054187192 0.7680683311432326  
0.6796536796536796 0.7435897435897436 0.7055737704918033  
0.6915113871635611 0.7055837563451777 0.7430093209054593  
0.6971544715447154 0.6903553299492385 0.7401205626255861  
0.6900212314225053 0.6972972972972973 0.7247706422018348  
0.7004405286343612 0.69377990430622 0.7320605661619487  
0.6772151898734177 0.6145251396648045 0.7867887508175277  
0.712742980561555 0.65 0.7608836907082521  
0.6497975708502024 0.6782178217821783 0.7705248990578735  
0.6411889596602972 0.6720430107526881 0.760655737704918  
0.7114228456913828 0.5808383233532934 0.7519788918205804  
0.709051724137931 0.7589743589743589 0.7084701247537755  
0.6514522821576764 0.6915422885572139 0.76184122748499  
0.6911447084233261 0.5934065934065934 0.7631750162654521  
0.7171945701357466 0.65625 0.7512919896640827  
0.6893617021276596 0.7315789473684211 0.728646517739816  
0.6647058823529411 0.7556818181818182 0.75  
0.6860706860706861 0.7219251336898396 0.7549537648612946  
0.6556291390728477 0.6875 0.7384515289525049  
0.6652892561983471 0.7616580310880829 0.7083056478405315  
0.7032258064516129 0.6587677725118484 0.7377158034528553  
0.6725274725274726 0.6956521739130435 0.7725210628645496  
0.6748971193415638 0.648936170212766 0.7599469496021221  
0.702928870292887 0.6722222222222223 0.7519685039370079  
0.6332622601279317 0.7037037037037037 0.7913385826771654  
0.7419354838709677 0.7202072538860104 0.7250656167979003  
0.6987179487179487 0.6244131455399061 0.770819453697535  
0.681912681912682 0.7105263157894737 0.7531436135009927  
0.7073170731707317 0.7027027027027027 0.7347994825355757  
0.6548856548856549 0.673469387755102 0.7667774086378738  
0.6720977596741344 0.7046632124352331 0.7409879839786382  
0.6927966101694916 0.7065217391304348 0.7496723460026212  
0.7239915074309978 0.6391752577319587 0.7508239947264338  
0.6616702355460385 0.6534090909090909 0.7595841455490578  
0.676 0.6598984771573604 0.7515151515151515  
0.6752136752136753 0.6373056994818653 0.7876397107166337  
0.6973094170403588 0.7075471698113207 0.75  
0.6638477801268499 0.6345177664974619 0.7559523809523809  
0.7127659574468085 0.671875 0.75  
0.6016771488469602 0.7348066298342542 0.7171916010498688  
0.701123595505618 0.7150837988826816 0.730423620025674  
0.6949152542372882 0.6296296296296297 0.7567389875082183  
0.6794871794871795 0.6530612244897959 0.7714097496706193  
0.6745689655172413 0.6157894736842106 0.762434554973822  
0.7019027484143763 0.7058823529411765 0.7345597897503285  
0.7060041407867494 0.6582914572864321 0.7613333333333333  
0.6888888888888889 0.7386934673366834 0.7439516129032258  
0.717948717948718 0.7093596059113301 0.7200529450694904  
0.6729166666666667 0.7333333333333333 0.7219641672196416  
0.6854166666666667 0.6972972972972973 0.7455504284772577  
0.6716417910447762 0.6487804878048781 0.773209549071618  
0.6827133479212254 0.7208121827411168 0.7473821989528796  
0.654 0.7085714285714285 0.7358991373589914  
0.7163561076604554 0.6285714285714286 0.7454068241469817  
0.6454352441613588 0.7608695652173914 0.7570399476096922  
0.6759656652360515 0.6666666666666666 0.7433862433862434  
0.7161290322580646 0.6183574879227053 0.7437086092715232  
0.7171717171717171 0.6931216931216931 0.7710280373831776  
0.7237687366167024 0.6633165829145728 0.7156992084432717  
0.6702586206896551 0.7592592592592593 0.7519280205655527  
0.6541501976284585 0.6747572815533981 0.7571428571428571  
0.6478555304740407 0.6685393258426966 0.7713004484304933  
0.6352201257861635 0.631578947368421 0.7683168316831683  
0.7181628392484343 0.6224489795918368 0.7763769077637691  
0.711864406779661 0.7286432160804021 0.7273328921244209  
0.6520833333333333 0.6613756613756614 0.7607402511566425  
0.6694045174537988 0.6536312849162011 0.7546174142480211  
0.7232704402515723 0.6885245901639344 0.7385019710906702  
0.7241379310344828 0.6878306878306878 0.748  
0.7253218884120172 0.664804469273743 0.7228366948601171  
0.6895074946466809 0.6733668341708543 0.7869393139841688  
0.6556016597510373 0.717391304347826 0.7302110817941952  
0.660455486542443 0.578125 0.8135368281353683  
0.7082452431289641 0.68 0.7509778357235984  
0.6876310272536688 0.671875 0.7580964970257766  
0.6832298136645962 0.6057142857142858 0.7755905511811023  
0.6726907630522089 0.7365591397849462 0.7142857142857143  
0.6625 0.6440677966101694 0.7698360655737705  
0.7489795918367347 0.7297297297297297 0.7159920371599203  
0.694560669456067 0.6918918918918919 0.7327188940092166  
0.6601307189542484 0.5901639344262295 0.7636363636363637  
0.6703056768558951 0.5699481865284974 0.7792292619203135  
0.7128099173553719 0.6298342541436464 0.7587343441001978  
0.6160337552742616 0.6519337016574586 0.7734119187950229  
0.6881496881496881 0.68 0.7424639580602883  
0.678714859437751 0.7078651685393258 0.7231075697211156  
0.6885593220338984 0.7823529411764706 0.7136363636363636  
0.695364238410596 0.6578947368421053 0.764782326185835  
0.6982758620689655 0.6613756613756614 0.7684761281883584  
0.7124463519313304 0.6984924623115578 0.7528015820698748  
0.7133757961783439 0.6701570680628273 0.7447368421052631  
0.6616379310344828 0.61 0.7766798418972332  
0.6955602536997886 0.7244897959183674 0.7362855254461335  
0.6436058700209644 0.6995073891625616 0.7390146471371505  
0.6805845511482255 0.7443181818181818 0.7288801571709234  
0.7062634989200864 0.6069364161849711 0.7516170763260026  
0.6710239651416122 0.7120418848167539 0.7362924281984334  
0.7125 0.6538461538461539 0.75  
0.6880733944954128 0.6467661691542289 0.7398058252427184  
0.6666666666666666 0.7243243243243244 0.7361842105263158  
0.6729166666666667 0.7111111111111111 0.7772667542706965  
0.7085106382978723 0.6122448979591837 0.7513192612137203  
0.6703296703296703 0.6775956284153005 0.7661917098445595  
0.6778242677824268 0.7311827956989247 0.7430830039525692  
0.7473903966597077 0.7621621621621621 0.7187088274044796  
0.6733466933867736 0.6648351648351648 0.7714856762158561  
0.7083333333333334 0.7025641025641025 0.7451891174518912  
0.6919831223628692 0.6947368421052632 0.7312252964426877  
0.6755102040816326 0.6519607843137255 0.7943548387096774  
0.6858316221765913 0.712707182320442 0.7364597093791282  
0.6753812636165577 0.6270270270270271 0.7756827048114434  
0.6763485477178424 0.6804123711340206 0.7649402390438247  
0.6932773109243697 0.7514450867052023 0.7325505544683627  
0.7261146496815286 0.7407407407407407 0.716819973718791  
0.6299376299376299 0.6896551724137931 0.7387033398821218  
0.6659836065573771 0.6632124352331606 0.7634910059960026  
0.7058823529411765 0.6417910447761194 0.7215946843853821  
0.6762886597938145 0.7010869565217391 0.7171183079973562  
0.6613226452905812 0.7637362637362637 0.7581612258494337  
0.6853448275862069 0.6335078534031413 0.7157825802226588  
0.7171052631578947 0.6157894736842106 0.7376302083333334  
0.6750524109014675 0.7582417582417582 0.7051871306631649  
0.7204968944099379 0.6455026455026455 0.7311258278145696  
0.6826722338204593 0.75 0.749835418038183  
0.700228832951945 0.6931818181818182 0.7265774378585086  
0.6454352441613588 0.65 0.7551290536068829  
0.6688034188034188 0.7037037037037037 0.7278688524590164  
0.6581196581196581 0.7103825136612022 0.7433050293925539  
0.7139917695473251 0.726775956284153 0.7455386649041639  
0.697228144989339 0.7158469945355191 0.7294117647058823  
0.6745182012847966 0.7589743589743589 0.7546052631578948  
0.701271186440678 0.580110497237569 0.7802485284499673  
0.6543478260869565 0.6951871657754011 0.7570032573289902  
0.683991683991684 0.6918918918918919 0.7480211081794196  
0.6694736842105263 0.7808988764044944 0.6991497710922171  
0.6900826446280992 0.6574585635359116 0.7481872116018458  
0.6837606837606838 0.62 0.7727873183619551  
0.6987179487179487 0.7446808510638298 0.7319790301441678  
0.696652719665272 0.7 0.7569352708058125  
0.697986577181208 0.7244897959183674 0.7173489278752436  
0.7096774193548387 0.7955801104972375 0.7135416666666666  
0.7061143984220908 0.6084656084656085 0.7570659488559892  
0.6605316973415133 0.6910112359550562 0.7742574257425743  
0.6827133479212254 0.6310679611650486 0.7860434496379197  
0.7180043383947939 0.6080402010050251 0.7536136662286466  
0.6680672268907563 0.7925531914893617 0.7226613965744401  
0.7046413502109705 0.5463917525773195 0.7807133421400264  
0.6853002070393375 0.6774193548387096 0.7415730337078652  
0.7105263157894737 0.6276595744680851 0.7490247074122237  
0.7094736842105264 0.6324324324324324 0.7457293035479632  
0.659043659043659 0.7734806629834254 0.7065789473684211  
0.6666666666666666 0.6865671641791045 0.7387328543435663  
0.7343096234309623 0.6382978723404256 0.7532981530343008  
0.6680584551148225 0.7021276595744681 0.7643564356435644  
0.6756756756756757 0.6888888888888889 0.7659434582511505  
0.7006507592190889 0.6965174129353234 0.7427631578947368  
0.7112526539278131 0.6421568627450981 0.7584605175846052  
0.6825726141078838 0.7303370786516854 0.7621550591327201  
0.6921397379912664 0.6082474226804123 0.757516339869281  
0.6903225806451613 0.6161616161616161 0.761026991441738  
0.6493506493506493 0.6612021857923497 0.7683799609629147  
0.6947608200455581 0.5181347150259067 0.8154838709677419  
0.6377118644067796 0.7017543859649122 0.7569850552306693  
0.7117117117117117 0.7405405405405405 0.7417900837089504  
0.707983193277311 0.680628272251309 0.7524752475247525  
0.6932773109243697 0.6737967914438503 0.761685319289006  
0.7095343680709535 0.6328502415458938 0.7650918635170604  
0.668041237113402 0.7126436781609196 0.7281680892974393  
0.6921487603305785 0.6741573033707865 0.7414473684210526  
0.6434426229508197 0.6772486772486772 0.7780730897009966  
0.7101123595505618 0.7142857142857143 0.7196625567813109  
0.6609071274298056 0.6995073891625616 0.7671503957783641  
0.7163865546218487 0.6222222222222222 0.7719528178243774  
0.6477987421383647 0.6284153005464481 0.7437582128777924  
0.6680942184154176 0.6724137931034483 0.7527579493835171  
0.6833667334669339 0.7393617021276596 0.7625418060200669  
0.6836518046709129 0.7216494845360825 0.7389584706657878  
0.6806387225548902 0.5685279187817259 0.7890835579514824  
0.6751592356687898 0.6597938144329897 0.7468688200395518  
0.7272727272727273 0.6582914572864321 0.7514792899408284  
0.6415094339622641 0.6839080459770115 0.7962116263879817  
0.6781376518218624 0.7210526315789474 0.7363150867823764  
0.6735537190082644 0.6613756613756614 0.7369118621603711  
0.6212765957446809 0.5959595959595959 0.7694848084544254  
0.6885964912280702 0.7315789473684211 0.7571614583333334  
0.6815286624203821 0.6700507614213198 0.7476882430647291  
0.68125 0.6894736842105263 0.7440476190476191  
0.7063655030800822 0.678391959798995 0.7299465240641712  
0.7194860813704497 0.6938775510204082 0.7261356155365372  
0.7106382978723405 0.6296296296296297 0.7767564018384767  
0.7098765432098766 0.5925925925925926 0.7757133377571334  
0.6898047722342733 0.6354679802955665 0.7509881422924901  
0.6586826347305389 0.6306818181818182 0.7687707641196013  
0.6742268041237114 0.689119170984456 0.776595744680851  
0.6734279918864098 0.7142857142857143 0.748  
0.6666666666666666 0.7197802197802198 0.7319922128487995  
0.6504424778761062 0.712707182320442 0.7282117495158167  
0.6950959488272921 0.7142857142857143 0.7381889763779528  
0.6638655462184874 0.7189189189189189 0.7271531886916502  
0.6359649122807017 0.7857142857142857 0.7320261437908496  
0.6842105263157895 0.679144385026738 0.7355584082156611  
0.7072649572649573 0.5842105263157895 0.770997375328084  
0.7091295116772823 0.6282722513089005 0.756578947368421  
0.6902286902286903 0.6756756756756757 0.7605540897097626  
0.6767676767676768 0.7675675675675676 0.7556591211717709  
0.7329059829059829 0.656084656084656 0.7540983606557377  
0.6799163179916318 0.6166666666666667 0.7624671916010499  
0.6693877551020408 0.655 0.7285522788203753  
0.6983122362869199 0.6321243523316062 0.7729372937293729  
0.6543478260869565 0.6684210526315789 0.7232375979112271  
0.6733067729083665 0.625 0.7493315508021391  
0.6913319238900634 0.6836734693877551 0.7468605419695968  
0.6600877192982456 0.6686046511627907 0.7612612612612613  
0.6445396145610278 0.7906976744186046 0.7167854828256643  
0.7125748502994012 0.7319587628865979 0.7303295225285811  
0.6659836065573771 0.7486338797814208 0.7220383851753805  
0.6838842975206612 0.6551724137931034 0.7486876640419947  
0.6559139784946236 0.6243654822335025 0.7736842105263158  
0.6702355460385439 0.7212121212121212 0.7529032258064516  
0.6440677966101694 0.6666666666666666 0.7318840579710145  
0.7260869565217392 0.6868131868131868 0.737012987012987  
0.7142857142857143 0.7025641025641025 0.7674571805006588  
0.7149122807017544 0.6979166666666666 0.7392438070404173  
0.6875 0.6868686868686869 0.7539473684210526  
0.6855345911949685 0.5754189944134078 0.7752293577981652  
0.6632231404958677 0.6844919786096256 0.7471872931833223  
0.6724890829694323 0.6559139784946236 0.7392717815344604  
0.6604938271604939 0.6703296703296703 0.7813738441215323  
0.7130620985010707 0.7150537634408602 0.749509483322433  
0.6226415094339622 0.73224043715847 0.7424441524310118  
0.6780383795309168 0.717391304347826 0.7390451275343362  
0.6887417218543046 0.6910994764397905 0.7581274382314694  
0.6578411405295316 0.725 0.7008491182233834  
0.679324894514768 0.6243093922651933 0.7662082514734774  
0.6834061135371179 0.7325581395348837 0.7255154639175257  
0.6881720430107527 0.5897435897435898 0.7759526938239159  
0.7026431718061674 0.5706806282722513 0.7703318152244633  
0.6936170212765957 0.7142857142857143 0.7248366013071895  
0.6858974358974359 0.7074468085106383 0.7293577981651376  
0.6795698924731183 0.6480446927374302 0.7561768530559168  
0.6820083682008368 0.5775401069518716 0.7646671061305208  
0.6666666666666666 0.7182320441988951 0.7575757575757576  
0.723404255319149 0.7411764705882353 0.6913099870298314  
0.6265560165975104 0.7062146892655368 0.7662508207485227  
0.7266666666666667 0.6214689265536724 0.7710610932475884  
0.7240663900414938 0.5444444444444444 0.7796052631578947  
0.6463414634146342 0.6381909547738693 0.7598926894701542  
0.6871035940803383 0.6735751295336787 0.7796833773087071  
0.7010526315789474 0.6685082872928176 0.7359108781127129  
0.6624737945492662 0.7621621621621621 0.7309210526315789  
0.7060085836909872 0.7415730337078652 0.7464239271781534  
0.6770601336302895 0.723404255319149 0.7423948220064724  
0.6989247311827957 0.6195652173913043 0.7658186562296151  
0.656441717791411 0.6684491978609626 0.7835325365205843  
0.6706586826347305 0.6611111111111111 0.7581612258494337  
0.7012195121951219 0.6742857142857143 0.7333333333333333  
0.6927835051546392 0.6830601092896175 0.7457067371202114  
0.6493506493506493 0.6470588235294118 0.7704485488126649  
0.7276595744680852 0.7127659574468085 0.708005249343832  
0.6590909090909091 0.6789473684210526 0.7420424403183024  
0.698744769874477 0.639344262295082 0.7416173570019724  
0.6967032967032967 0.6544502617801047 0.7669270833333334  
0.694331983805668 0.6413043478260869 0.7480053191489362  
0.6989010989010989 0.675531914893617 0.7348927875243665  
0.7032258064516129 0.6428571428571429 0.761114797611148  
0.7037815126050421 0.6666666666666666 0.7785058977719528  
0.6835164835164835 0.5730337078651685 0.7934151065203358  
0.6952789699570815 0.6223404255319149 0.774869109947644  
0.6816239316239316 0.6632653061224489 0.7417654808959157  
0.7337526205450734 0.5828877005347594 0.7628458498023716  
0.7390350877192983 0.6285714285714286 0.7770448548812665  
0.6823770491803278 0.5572916666666666 0.7536617842876165  
0.6177105831533477 0.7206703910614525 0.7545454545454545  
0.6626746506986028 0.6931818181818182 0.7382059800664452  
0.7282157676348547 0.7027027027027027 0.7247524752475247  
0.696652719665272 0.634020618556701 0.747682119205298  
0.75 0.6683937823834197 0.7547666009204471  
0.7104722792607803 0.7528735632183908 0.6877054569362262  
0.6790890269151139 0.726775956284153 0.746042216358839  
0.6695464362850972 0.6632653061224489 0.7728168089297439  
0.6720647773279352 0.7239263803680982 0.7377049180327869  
0.6915113871635611 0.6666666666666666 0.7321899736147758  
0.7035490605427975 0.6597938144329897 0.7534791252485089  
0.6694736842105263 0.7128712871287128 0.7495016611295681  
0.7515400410677618 0.6192893401015228 0.7503337783711616  
0.68125 0.7258064516129032 0.7434036939313984  
0.6754385964912281 0.7424242424242424 0.7303664921465969  
0.7057613168724279 0.6590909090909091 0.7480263157894737  
0.6574468085106383 0.5904255319148937 0.7847769028871391  
0.6756756756756757 0.6963350785340314 0.7615894039735099  
0.7062634989200864 0.6611111111111111 0.7628330084470435  
0.6813417190775681 0.5977653631284916 0.7595019659239842  
0.6503067484662577 0.659217877094972 0.760898282694848  
0.6777777777777778 0.7512953367875648 0.7257959714100065  
0.7203579418344519 0.6178010471204188 0.7551813471502591  
0.6776315789473685 0.7241379310344828 0.7518056467498359  
0.7478260869565218 0.6276595744680851 0.7477183833116037  
0.7014925373134329 0.7135135135135136 0.7408376963350786  
0.7215189873417721 0.7514792899408284 0.7446393762183235  
0.6768916155419223 0.72 0.7351778656126482  
0.7338877338877339 0.6342857142857142 0.7404980340760158  
0.6963123644251626 0.6631578947368421 0.7700849118223383  
0.6659707724425887 0.6927374301675978 0.7519685039370079  
0.7190775681341719 0.7333333333333333 0.745819397993311  
0.6309278350515464 0.6884422110552764 0.7523364485981309  
0.6788793103448276 0.6130653266331658 0.7551020408163265  
0.6702586206896551 0.6774193548387096 0.7597911227154047  
0.6784968684759917 0.6871508379888268 0.7677165354330708  
0.7120879120879121 0.6440677966101694 0.7554838709677419  
0.7204968944099379 0.6598984771573604 0.7237017310252996  
0.6940451745379876 0.5885714285714285 0.7743421052631579  
0.7236842105263158 0.6335078534031413 0.7361563517915309  
0.6766595289079229 0.5977653631284916 0.7591145833333334  
0.6578366445916115 0.59375 0.785946649316851  
0.7657266811279827 0.6798029556650246 0.7430830039525692  
0.6412371134020619 0.6482412060301508 0.7917222963951935  
0.6809421841541756 0.6505376344086021 0.7226945716154349  
0.7224409448818898 0.6648936170212766 0.7368775235531628  
0.7290322580645161 0.7614213197969543 0.7328947368421053  
0.6924778761061947 0.6584158415841584 0.7519633507853403  
0.7060041407867494 0.6770833333333334 0.7445255474452555  
0.7280334728033473 0.5916230366492147 0.760079312623926  
0.7134020618556701 0.6142131979695431 0.754  
0.7242105263157895 0.6444444444444445 0.7380484610347086  
0.6926315789473684 0.7081081081081081 0.7483574244415243  
0.6962809917355371 0.6108108108108108 0.7838730998017185  
0.6856540084388185 0.6045197740112994 0.75898105813194  
0.6666666666666666 0.7037037037037037 0.7038995373430271  
0.6978723404255319 0.6336633663366337 0.7364238410596027  
0.6979591836734694 0.6212121212121212 0.751004016064257  
0.7190775681341719 0.6443298969072165 0.7392455327597618  
0.6695095948827292 0.6170212765957447 0.778360655737705  
0.6921397379912664 0.6649484536082474 0.7444444444444445  
0.7101769911504425 0.7512437810945274 0.7155003270111184  
0.6800847457627118 0.6491228070175439 0.7348927875243665  
0.6814516129032258 0.61 0.7537012113055181  
0.6659751037344398 0.6666666666666666 0.759468438538206  
0.7034764826175869 0.6022727272727273 0.7699406723796968  
0.7055084745762712 0.673469387755102 0.7186261558784677  
0.7034764826175869 0.6030150753768844 0.7878179384203481  
0.7254901960784313 0.7295918367346939 0.7301899148657498  
0.7119341563786008 0.6761363636363636 0.7375  
0.6783369803063457 0.6310160427807486 0.7620286085825748  
0.7041036717062635 0.6918918918918919 0.7457627118644068  
0.7230769230769231 0.6931818181818182 0.7343649258542876  
0.6659836065573771 0.6326530612244898 0.7636849132176236  
0.7127659574468085 0.6632653061224489 0.7473614775725593  
0.6376811594202898 0.7472527472527473 0.7547791694133158  
0.7069672131147541 0.6631016042780749 0.7372262773722628  
0.6358024691358025 0.7239583333333334 0.7420212765957447  
0.7130242825607064 0.6647058823529411 0.7376523412443874  
0.6796536796536796 0.6684782608695652 0.767578125  
0.6304801670146137 0.751412429378531 0.7391874180865007  
0.6475409836065574 0.672514619883041 0.7504924491135916  
0.6946236559139785 0.65625 0.7678688524590164  
0.6903765690376569 0.6270270270270271 0.7623436471362739  
0.7109704641350211 0.6627906976744186 0.7421875  
0.68 0.6329787234042553 0.7441709844559585  
0.6875 0.6684491978609626 0.7326732673267327  
0.7351694915254238 0.7213114754098361 0.7164374590700721  
0.6597510373443983 0.751412429378531 0.7019041365725541  
0.7098765432098766 0.6302083333333334 0.7559840425531915  
0.6846846846846847 0.7038834951456311 0.7454308093994778  
0.7085953878406709 0.7 0.7375415282392026  
0.6957446808510638 0.6808510638297872 0.7427821522309711  
0.6829787234042554 0.6966292134831461 0.7601043024771839  
0.6790123456790124 0.6810810810810811 0.7372600926538716  
0.6905737704918032 0.6132596685082873 0.7389292795769994  
0.6597077244258872 0.6966824644549763 0.7815013404825737  
0.7292576419213974 0.649746192893401 0.7439423706614277  
0.7014925373134329 0.6464088397790055 0.7682767624020888  
0.658695652173913 0.6326530612244898 0.7863695937090432  
0.6983122362869199 0.712707182320442 0.7694826457105436  
0.6759656652360515 0.65625 0.744750656167979  
0.7183406113537117 0.6614583333333334 0.7656657963446475  
0.7124463519313304 0.676923076923077 0.7560815253122946  
0.7006651884700665 0.6578947368421053 0.781310837118754  
0.6764705882352942 0.6580310880829016 0.7858559153998678  
0.666 0.5555555555555556 0.7796495956873315  
0.6981519507186859 0.6268656716417911 0.7663989290495314  
0.6914893617021277 0.6836734693877551 0.7598944591029023  
0.6949152542372882 0.6565656565656566 0.7579365079365079  
0.7292929292929293 0.5947368421052631 0.7775551102204409  
0.6724890829694323 0.6230366492146597 0.7429876060013046  
0.6382978723404256 0.6684491978609626 0.7763934426229508  
0.7342047930283224 0.6666666666666666 0.7292207792207792  
0.7111597374179431 0.6648936170212766 0.7391021470396877  
0.6836518046709129 0.6965174129353234 0.7218543046357616  
0.682092555331992 0.6931216931216931 0.7707219251336899  
0.6475409836065574 0.6222222222222222 0.7714663143989432  
0.6979166666666666 0.6702127659574468 0.7529722589167768  
0.6588486140724946 0.6956521739130435 0.7724002616088947  
0.6826086956521739 0.717948717948718 0.7321545514079896  
0.6890380313199105 0.6157894736842106 0.7818770226537217  
0.6402569593147751 0.6616161616161617 0.7791694133157547  
0.6797520661157025 0.7624309392265194 0.7284113381674358  
0.7057613168724279 0.6748466257668712 0.7338551859099804  
0.6269315673289183 0.6945812807881774 0.7509829619921363  
0.6825053995680346 0.6335078534031413 0.7486910994764397  
0.668724279835391 0.6972972972972973 0.7610853739245532  
0.6875 0.7103825136612022 0.7446254071661238  
0.6914893617021277 0.6666666666666666 0.7204161248374512  
0.7054945054945055 0.6032608695652174 0.76150356448477  
0.6587473002159827 0.7 0.7702435813034891  
0.6827731092436975 0.7021276595744681 0.7463768115942029  
0.6363636363636364 0.6573033707865169 0.777998674618953  
