312 24 133 14 56 109 52 21 1461  
306 13 147 7 60 93 47 20 1489  
310 13 132 20 58 122 51 18 1458  
318 15 112 23 57 110 57 18 1472  
325 17 134 11 66 108 57 24 1440  
297 8 155 21 66 128 45 12 1450  
308 12 149 17 56 114 49 27 1450  
313 15 159 16 61 94 54 21 1449  
325 9 155 18 50 123 56 12 1434  
325 15 149 18 57 105 50 16 1447  
312 12 136 16 62 119 55 21 1449  
328 16 136 12 69 128 48 22 1423  
334 10 134 18 63 105 63 19 1436  
315 23 130 13 58 110 45 24 1464  
316 12 135 13 55 119 66 11 1455  
317 18 136 17 54 131 59 12 1438  
290 8 145 26 57 109 38 16 1493  
330 6 132 21 61 109 55 16 1452  
327 9 130 17 66 101 45 16 1471  
317 14 139 7 65 106 42 24 1468  
321 15 155 16 55 113 48 13 1446  
293 20 142 7 58 131 42 15 1474  
300 11 127 20 66 117 50 17 1474  
296 22 153 12 62 128 39 19 1451  
295 9 145 17 57 101 43 21 1494  
317 7 146 15 60 114 55 19 1449  
319 19 138 14 55 122 56 16 1443  
335 15 122 10 68 114 45 21 1452  
325 11 144 13 61 104 59 10 1455  
319 11 154 13 59 111 38 10 1467  
324 9 153 20 60 100 43 19 1454  
327 8 128 20 68 104 63 16 1448  
306 19 135 10 56 107 49 24 1476  
291 14 156 7 71 115 35 14 1479  
325 9 144 21 63 120 40 18 1442  
289 21 142 14 62 103 47 15 1489  
327 15 135 17 60 107 43 26 1452  
313 14 133 23 56 103 47 24 1469  
335 12 135 12 62 112 46 13 1455  
331 4 143 28 60 113 38 14 1451  
339 15 136 16 57 111 57 14 1437  
346 8 144 15 59 96 41 17 1456  
311 13 157 16 67 100 44 16 1458  
320 10 151 12 66 98 42 26 1457  
316 8 137 25 57 112 41 15 1471  
312 11 137 11 63 129 48 10 1461  
309 13 153 12 56 119 48 10 1462  
327 15 132 17 64 107 46 18 1456  
319 12 145 16 58 115 53 16 1448  
295 19 147 12 53 130 57 5 1464  
319 12 139 17 70 98 62 23 1442  
314 10 141 10 57 112 54 17 1467  
298 14 149 13 53 117 38 19 1481  
295 23 145 11 63 126 52 17 1450  
331 13 150 23 54 119 52 22 1418  
307 18 161 12 59 105 50 11 1459  
299 8 145 19 63 93 43 19 1493  
333 15 158 24 62 101 42 15 1432  
302 16 145 17 62 114 60 13 1453  
312 13 134 19 62 108 45 15 1474  
293 18 147 16 68 101 39 23 1477  
327 17 146 17 67 109 46 18 1435  
305 18 138 14 67 109 47 24 1460  
304 15 144 15 64 116 51 14 1459  
318 12 121 14 63 115 40 19 1480  
314 8 146 11 54 120 43 22 1464  
329 12 142 17 60 114 56 17 1435  
311 14 155 17 62 109 49 15 1450  
321 13 135 13 56 104 44 15 1481  
301 15 147 16 58 110 34 16 1485  
319 20 132 16 61 114 59 16 1445  
314 6 153 19 62 110 49 20 1449  
314 13 127 16 70 100 59 22 1461  
309 14 138 21 52 118 48 21 1461  
310 20 172 18 56 94 33 28 1451  
316 14 163 14 65 116 45 22 1427  
317 12 152 15 57 117 46 13 1453  
311 8 118 20 65 117 51 13 1479  
301 16 147 8 62 121 38 17 1472  
307 19 138 15 59 129 49 18 1448  
320 17 135 11 74 104 42 21 1458  
334 13 131 15 56 116 56 16 1445  
308 25 147 11 73 114 47 17 1440  
303 19 138 9 70 117 45 22 1459  
315 10 138 17 54 115 43 22 1468  
324 10 131 18 52 131 45 7 1464  
309 16 151 16 67 88 41 23 1471  
329 14 126 11 56 108 58 24 1456  
304 15 131 18 60 107 59 23 1465  
314 13 139 22 56 119 36 22 1461  
309 15 135 17 65 115 46 21 1459  
333 13 129 19 66 93 69 23 1437  
316 20 160 17 70 101 50 25 1423  
312 15 130 17 69 103 59 23 1454  
313 11 148 14 54 131 47 14 1450  
309 6 149 20 60 108 47 18 1465  
325 17 139 15 70 99 42 24 1451  
307 16 159 16 63 114 44 22 1441  
325 11 155 14 59 109 35 20 1454  
340 16 135 13 58 119 31 17 1453  
316 25 125 18 64 99 46 19 1470  
323 13 140 14 59 113 45 17 1458  
331 21 139 8 60 104 55 23 1441  
330 9 129 12 61 120 39 15 1467  
325 29 154 9 70 99 35 16 1445  
313 8 152 20 63 106 49 24 1447  
320 27 132 5 62 114 61 23 1438  
308 19 152 12 58 104 46 29 1454  
343 7 158 18 62 117 55 12 1410  
316 21 142 21 61 100 47 25 1449  
329 8 142 14 56 118 40 15 1460  
312 17 139 12 57 127 43 19 1456  
301 17 143 12 68 103 53 20 1465  
319 19 141 14 61 114 44 14 1456  
319 10 131 11 63 111 50 8 1479  
330 11 151 11 61 120 31 11 1456  
309 18 138 13 63 117 35 22 1467  
329 12 128 11 57 111 48 24 1462  
310 17 160 15 64 104 48 22 1442  
301 12 160 10 52 134 44 10 1459  
311 14 159 9 57 113 38 22 1459  
302 18 147 11 67 100 33 17 1487  
314 17 156 15 55 102 40 25 1458  
339 21 120 15 60 116 52 21 1438  
333 14 151 10 65 105 34 24 1446  
315 18 154 17 58 109 38 23 1450  
327 8 144 29 51 109 45 14 1455  
273 23 159 12 61 105 47 23 1479  
309 17 149 16 57 119 37 11 1467  
317 24 135 15 61 111 41 20 1458  
319 13 147 17 62 116 52 19 1437  
309 20 150 11 73 96 47 22 1454  
308 15 153 12 63 106 45 22 1458  
302 10 143 15 61 92 47 30 1482  
282 13 161 17 67 118 38 20 1466  
314 21 120 10 67 115 55 27 1453  
303 21 146 9 68 96 41 24 1474  
321 17 137 15 59 112 41 22 1458  
310 23 132 10 67 116 51 16 1457  
327 8 144 17 57 128 37 8 1456  
329 12 142 16 56 116 41 12 1458  
320 12 135 12 67 104 49 24 1459  
314 7 154 22 57 111 43 16 1458  
298 12 143 14 58 114 42 25 1476  
295 12 175 15 58 104 35 20 1468  
338 8 122 19 59 115 45 15 1461  
310 14 143 14 57 113 48 5 1478  
323 22 133 15 76 98 45 25 1445  
308 13 137 15 66 107 54 19 1463  
320 11 139 15 62 118 34 18 1465  
318 14 151 11 65 118 42 16 1447  
332 12 132 14 64 112 51 19 1446  
322 25 133 16 64 118 54 7 1443  
300 19 143 7 57 107 54 28 1467  
341 16 139 17 67 117 46 14 1425  
309 19 125 17 68 117 51 14 1462  
340 19 123 19 54 103 46 25 1453  
313 5 129 18 69 96 51 21 1480  
330 12 138 20 55 104 53 14 1456  
309 15 145 13 63 122 63 23 1429  
302 12 131 17 58 110 48 23 1481  
316 17 145 13 66 131 41 14 1439  
345 17 130 9 70 116 55 13 1427  
316 20 128 14 63 91 56 31 1463  
312 8 145 18 63 121 50 15 1450  
323 14 126 14 68 117 56 10 1454  
312 9 145 18 56 115 37 18 1472  
319 12 146 17 63 110 57 19 1439  
321 22 136 15 64 114 49 29 1432  
325 6 142 17 59 105 45 20 1463  
304 13 149 22 58 93 41 21 1481  
303 10 154 15 69 115 47 22 1447  
328 13 139 17 53 131 59 17 1425  
313 8 125 18 67 105 54 28 1464  
291 12 152 10 59 104 46 22 1486  
315 11 147 16 52 119 37 21 1464  
284 15 148 13 70 113 49 18 1472  
328 22 150 6 69 118 51 11 1427  
309 26 144 11 58 118 51 27 1438  
323 11 133 12 69 116 49 17 1452  
304 17 132 20 61 106 53 23 1466  
322 5 147 16 64 94 42 16 1476  
305 23 163 7 63 110 50 14 1447  
298 15 146 14 69 82 58 25 1475  
320 12 130 16 58 125 48 11 1462  
311 13 142 20 51 129 45 14 1457  
320 10 156 17 61 109 40 20 1449  
314 13 150 17 65 97 31 27 1468  
316 15 126 19 63 107 53 17 1466  
312 17 152 14 70 84 44 29 1460  
327 12 137 23 50 119 51 25 1438  
315 12 143 13 63 114 48 17 1457  
320 19 145 15 71 119 49 14 1430  
295 14 141 32 49 117 48 22 1464  
309 13 149 13 68 109 53 18 1450  
315 7 145 18 57 129 45 7 1459  
292 16 156 12 64 105 32 19 1486  
307 12 137 15 61 111 40 17 1482  
309 18 157 17 70 98 42 25 1446  
341 7 133 16 54 122 49 18 1442  
304 12 164 14 59 121 36 27 1445  
332 11 136 18 61 96 63 15 1450  
313 19 134 14 62 110 57 22 1451  
329 22 139 7 61 118 51 23 1432  
313 9 137 14 70 105 54 18 1462  
295 15 167 17 69 112 36 21 1450  
295 13 173 15 59 115 39 17 1456  
326 10 133 14 61 107 49 13 1469  
331 5 141 21 63 107 43 26 1445  
315 17 130 13 57 124 55 12 1459  
317 15 131 12 69 104 61 16 1457  
308 11 142 22 56 115 44 11 1473  
312 14 143 22 66 110 42 25 1448  
346 9 142 24 71 102 40 20 1428  
299 26 153 13 72 86 35 30 1468  
333 15 141 18 60 109 38 15 1453  
329 7 141 23 72 102 56 18 1434  
288 17 156 10 48 130 52 22 1459  
311 18 142 10 66 113 48 19 1455  
304 17 160 9 65 110 46 16 1455  
340 10 151 20 59 114 46 20 1422  
303 17 139 21 58 99 47 19 1479  
302 14 164 17 64 126 34 13 1448  
324 15 155 15 64 102 49 12 1446  
301 17 149 11 58 108 56 21 1461  
325 12 145 17 75 107 39 21 1441  
341 8 118 21 63 103 55 30 1443  
304 23 150 9 67 114 45 19 1451  
320 17 123 13 60 113 62 21 1453  
305 18 151 12 64 96 45 14 1477  
285 17 160 19 56 121 48 23 1453  
327 15 112 18 61 110 65 21 1453  
329 15 133 15 64 112 45 16 1453  
318 14 154 15 56 118 38 20 1449  
306 17 150 15 63 105 46 19 1461  
318 15 140 18 58 134 45 9 1445  
307 10 143 12 61 100 45 21 1483  
316 13 144 17 66 109 55 13 1449  
304 26 143 6 63 115 50 15 1460  
339 22 136 7 61 104 53 24 1436  
334 12 137 13 55 109 53 19 1450  
329 11 139 15 47 132 50 16 1443  
312 23 143 11 71 108 48 17 1449  
304 14 145 13 63 112 48 17 1466  
293 9 149 16 58 133 36 16 1472  
317 21 141 10 63 111 39 21 1459  
323 13 140 16 65 116 55 17 1437  
316 15 148 18 59 109 47 17 1453  
315 13 139 14 74 104 56 19 1448  
331 7 154 16 54 131 45 19 1425  
320 11 155 8 52 114 41 14 1467  
316 12 120 14 63 92 53 28 1484  
306 16 135 15 66 112 72 17 1443  
311 23 141 14 72 111 55 13 1442  
310 16 108 18 67 122 54 17 1470  
316 13 134 16 54 123 44 17 1465  
313 13 149 21 61 115 43 11 1456  
321 8 145 21 57 117 45 16 1452  
319 18 156 16 55 113 39 9 1457  
307 16 139 15 63 116 55 20 1451  
303 17 147 15 65 107 40 22 1466  
320 13 157 10 70 102 36 21 1453  
328 13 149 18 60 121 48 19 1426  
300 18 148 11 70 97 48 21 1469  
299 18 159 17 72 99 51 19 1448  
312 9 141 20 52 117 53 27 1451  
305 18 155 7 73 99 46 16 1463  
318 15 131 16 52 112 47 20 1471  
316 31 135 10 61 120 42 23 1444  
312 19 146 12 55 119 48 20 1451  
308 8 158 16 64 129 41 8 1450  
314 23 145 18 63 105 37 18 1459  
322 18 140 12 62 119 44 20 1445  
313 12 152 27 56 107 46 22 1447  
329 15 139 11 71 94 51 27 1445  
307 22 158 13 67 111 34 20 1450  
310 11 145 13 62 117 56 18 1450  
333 7 128 18 58 109 50 14 1465  
300 6 141 16 60 127 45 13 1474  
315 11 157 15 58 105 61 19 1441  
305 22 136 11 64 115 40 18 1471  
322 24 128 10 61 115 63 23 1436  
293 13 151 10 57 125 44 15 1474  
322 10 155 21 57 103 54 20 1440  
325 11 144 18 59 116 49 19 1441  
323 12 142 14 62 111 59 15 1444  
318 23 141 13 52 117 48 24 1446  
314 7 126 18 68 110 45 15 1479  
318 21 139 16 67 103 46 20 1452  
338 14 146 19 52 97 41 26 1449  
328 21 141 13 57 106 48 19 1449  
331 14 124 13 65 107 49 17 1462  
323 13 150 15 58 114 43 13 1453  
309 21 155 11 58 118 53 12 1445  
322 14 141 20 58 93 46 23 1465  
309 15 131 13 60 115 58 19 1462  
296 16 154 9 69 111 35 17 1475  
328 19 146 9 70 97 44 12 1457  
321 18 143 11 65 105 44 22 1453  
294 11 151 19 51 127 53 18 1458  
332 14 120 17 57 114 47 28 1453  
330 12 139 16 63 104 49 24 1445  
305 7 131 21 55 112 41 17 1493  
334 8 138 17 44 122 40 14 1465  
336 17 129 6 62 101 54 22 1455  
337 17 129 14 63 110 48 19 1445  
317 17 138 16 69 97 38 21 1469  
319 8 147 21 55 117 49 16 1450  
304 18 145 16 61 117 45 15 1461  
303 21 128 11 68 108 67 19 1457  
325 15 135 14 65 113 56 20 1439  
330 11 137 18 60 109 56 24 1437  
332 17 140 14 68 107 32 15 1457  
330 12 141 12 67 104 44 27 1445  
328 10 147 13 58 112 43 12 1459  
326 13 147 17 56 116 61 19 1427  
325 10 144 17 63 106 44 15 1458  
317 11 109 19 58 109 68 19 1472  
309 10 147 15 58 118 40 14 1471  
323 17 135 13 61 101 54 16 1462  
320 10 164 19 62 107 36 20 1444  
328 9 136 18 46 133 38 22 1452  
305 19 127 16 51 117 40 16 1491  
290 12 146 16 62 115 41 13 1487  
299 7 132 22 52 125 57 15 1473  
323 11 137 22 65 109 55 18 1442  
302 8 140 26 52 131 47 7 1469  
299 23 139 15 59 101 47 29 1470  
318 14 149 14 61 99 36 24 1467  
326 6 127 24 48 120 58 10 1463  
307 11 137 19 58 109 50 23 1468  
313 9 117 18 61 117 59 17 1471  
315 16 139 9 64 97 65 21 1456  
333 13 151 12 66 91 45 21 1450  
311 23 131 10 61 107 52 10 1477  
324 17 140 16 60 117 44 19 1445  
328 8 136 23 60 101 40 27 1459  
327 15 144 11 68 108 45 16 1448  
316 14 142 7 71 110 49 17 1456  
318 10 146 25 52 115 46 23 1447  
307 14 137 12 61 112 55 22 1462  
330 14 132 17 52 127 39 24 1447  
317 10 143 10 69 93 57 18 1465  
322 16 137 15 63 109 45 15 1460  
328 17 120 15 64 115 67 16 1440  
307 11 136 19 57 119 47 16 1470  
331 4 133 18 54 107 47 21 1467  
326 17 151 10 63 112 47 15 1441  
315 9 155 23 71 119 45 14 1431  
307 10 137 21 60 106 60 23 1458  
315 12 134 15 63 118 45 17 1463  
299 16 155 20 59 116 53 12 1452  
300 15 148 15 57 124 43 16 1464  
336 19 130 11 62 107 60 21 1436  
319 4 145 27 56 123 46 10 1452  
316 13 142 16 65 123 53 12 1442  
309 13 131 15 60 116 46 18 1474  
331 10 142 13 69 106 52 16 1443  
314 19 122 18 66 90 53 22 1478  
312 18 135 15 66 113 42 22 1459  
328 14 124 19 57 111 52 19 1458  
334 18 151 12 66 107 37 16 1441  
335 10 134 17 67 112 59 15 1433  
324 14 145 17 58 129 52 14 1429  
320 8 142 19 62 121 42 16 1452  
328 20 145 7 67 101 42 18 1454  
277 20 169 13 57 121 53 13 1459  
310 10 155 15 55 121 51 13 1452  
335 6 135 21 62 103 48 22 1450  
331 12 130 20 60 118 46 15 1450  
322 9 146 17 56 125 49 15 1443  
317 15 161 14 65 96 53 18 1443  
321 11 139 18 57 128 37 15 1456  
319 13 130 16 52 106 48 19 1479  
311 13 127 12 63 115 43 14 1484  
313 16 135 11 49 117 44 22 1475  
323 15 145 18 57 128 50 7 1439  
298 18 174 12 61 115 38 15 1451  
295 9 148 12 52 126 48 19 1473  
327 21 132 12 63 90 49 33 1455  
348 14 135 17 63 113 61 19 1412  
300 8 159 13 69 101 58 22 1452  
315 15 158 17 63 102 36 22 1454  
354 10 123 20 59 120 58 13 1425  
314 18 136 14 62 104 56 24 1454  
296 15 160 5 65 119 29 12 1481  
342 5 149 21 64 92 45 30 1434  
292 17 155 12 58 125 43 12 1468  
331 20 147 13 64 96 38 22 1451  
289 20 162 13 73 98 37 16 1474  
327 10 133 20 59 128 49 9 1447  
311 11 141 20 53 121 45 17 1463  
312 18 136 15 60 97 52 17 1475  
325 15 115 22 67 94 61 15 1468  
329 9 125 14 55 120 51 18 1461  
331 14 151 13 55 134 46 18 1420  
301 13 147 15 60 110 44 26 1466  
299 16 129 12 69 122 50 19 1466  
297 18 154 12 73 105 46 22 1455  
303 20 152 16 68 110 51 24 1438  
311 9 161 14 62 125 50 16 1434  
324 13 129 18 51 109 48 22 1468  
303 14 129 19 64 104 57 25 1467  
301 11 171 17 71 101 33 26 1451  
330 18 130 20 65 104 53 22 1440  
333 12 144 18 56 133 42 14 1430  
306 17 143 13 59 122 35 27 1460  
293 15 138 13 67 115 43 10 1488  
313 15 137 18 56 112 56 15 1460  
314 16 141 15 55 118 37 26 1460  
323 13 153 13 60 108 38 18 1456  
328 12 142 15 67 110 38 15 1455  
299 18 145 17 64 119 50 23 1447  
320 9 155 15 58 125 42 7 1451  
285 7 160 24 58 126 44 13 1465  
321 9 126 15 63 111 55 25 1457  
324 7 136 19 64 104 57 21 1450  
320 12 144 18 62 102 43 15 1466  
308 18 159 15 69 123 31 17 1442  
322 8 146 18 58 121 52 29 1428  
307 12 158 17 68 91 51 20 1458  
303 13 152 18 50 113 47 15 1471  
330 12 151 17 59 101 46 18 1448  
313 16 128 14 71 112 63 11 1454  
315 12 145 21 61 103 43 20 1462  
346 10 143 19 60 125 49 23 1407  
300 6 158 21 68 110 47 16 1456  
333 19 137 9 60 93 37 33 1461  
314 13 132 16 66 124 41 20 1456  
326 8 167 16 54 121 48 12 1430  
321 12 142 25 52 96 51 26 1457  
344 10 141 22 56 103 45 16 1445  
326 13 124 19 77 114 53 15 1441  
334 6 145 23 53 129 33 16 1443  
318 15 150 18 63 111 45 27 1435  
341 10 144 12 60 108 36 15 1456  
312 14 128 17 63 104 50 17 1477  
328 8 141 15 51 124 70 15 1430  
319 22 134 11 53 115 54 20 1454  
315 15 161 14 66 115 35 12 1449  
317 9 123 24 63 121 48 12 1465  
322 7 137 28 58 108 56 15 1451  
308 5 170 14 60 110 40 9 1466  
332 14 120 14 62 99 61 20 1460  
319 14 153 17 65 111 53 20 1430  
319 2 153 29 61 97 56 25 1440  
312 16 147 11 69 105 52 16 1454  
323 11 133 23 55 120 49 9 1459  
322 14 135 14 60 93 36 27 1481  
331 6 142 20 67 106 35 18 1457  
308 18 147 16 59 108 37 12 1477  
332 16 136 13 63 114 46 24 1438  
315 8 158 17 53 112 53 12 1454  
317 10 149 16 53 120 47 17 1453  
305 25 150 11 72 103 49 27 1440  
325 16 129 10 69 99 44 28 1462  
292 12 145 12 56 125 38 15 1487  
329 16 141 14 61 103 48 23 1447  
330 8 138 18 71 110 52 16 1439  
322 6 155 22 57 109 42 15 1454  
311 14 129 15 72 96 63 15 1467  
315 14 132 18 61 120 42 17 1463  
317 14 154 12 67 103 48 12 1455  
297 11 145 16 65 119 57 24 1448  
284 19 136 11 60 126 45 15 1486  
319 14 151 15 66 99 60 22 1436  
314 14 124 15 62 108 50 20 1475  
320 10 143 15 66 99 54 23 1452  
331 18 155 10 50 121 42 9 1446  
325 18 138 15 52 134 52 10 1438  
314 15 148 10 67 109 42 24 1453  
306 17 139 8 64 113 53 20 1462  
308 19 160 13 54 133 43 11 1441  
328 24 143 12 61 105 59 14 1436  
306 25 149 14 59 109 51 31 1438  
302 14 151 17 58 116 55 20 1449  
297 17 164 10 57 104 43 22 1468  
314 9 154 19 54 114 52 13 1453  
315 11 164 13 64 119 33 16 1447  
313 22 147 16 61 123 40 14 1446  
334 12 127 21 55 102 68 24 1439  
298 10 146 16 63 119 42 25 1463  
300 21 134 18 64 109 59 20 1457  
304 19 131 21 63 101 46 28 1469  
304 7 145 25 57 118 53 18 1455  
314 14 122 16 60 112 53 24 1467  
298 12 155 12 61 124 53 14 1453  
298 24 152 8 58 124 44 13 1461  
300 10 148 11 60 120 37 11 1485  
301 15 134 19 68 109 54 25 1457  
319 7 148 21 54 119 44 17 1453  
316 13 135 21 58 103 49 15 1472  
320 8 130 20 59 107 65 16 1457  
324 21 147 20 61 106 50 20 1433  
314 11 126 15 64 115 61 18 1458  
333 5 138 14 67 95 53 29 1448  
303 22 149 9 70 104 37 11 1477  
318 9 138 27 60 106 62 12 1450  
335 21 140 15 66 105 42 31 1427  
321 22 140 15 71 100 46 19 1448  
309 19 138 13 65 120 57 18 1443  
314 9 157 14 63 113 39 28 1445  
305 18 156 12 64 107 35 19 1466  
322 10 135 19 60 134 42 15 1445  
307 18 147 10 65 103 41 24 1467  
303 11 131 26 58 120 58 18 1457  
304 18 139 13 54 104 40 16 1494  
334 12 135 21 61 96 55 20 1448  
314 11 146 18 73 99 45 13 1463  
309 5 136 21 68 105 48 17 1473  
320 16 144 6 63 111 43 29 1450  
314 11 134 15 57 106 60 16 1469  
333 12 123 18 64 110 49 25 1448  
321 7 129 15 60 112 46 20 1472  
289 22 149 12 57 117 47 15 1474  
323 7 149 17 68 118 39 14 1447  
314 22 148 6 65 117 40 10 1460  
291 17 147 9 63 113 42 18 1482  
309 3 151 18 63 112 44 22 1460  
313 12 138 17 66 107 43 13 1473  
331 17 118 13 61 88 63 28 1463  
321 14 124 17 64 114 53 15 1460  
308 11 154 16 59 107 40 17 1470  
319 17 149 20 70 111 37 11 1448  
324 14 148 8 67 106 53 16 1446  
309 12 140 16 64 102 52 9 1478  
333 19 123 13 71 103 47 18 1455  
307 14 155 20 62 108 40 16 1460  
317 17 144 7 62 117 44 13 1461  
299 8 155 19 59 102 37 17 1486  
314 7 150 23 57 128 58 16 1429  
319 17 132 13 59 124 46 15 1457  
329 22 142 14 56 117 47 23 1432  
310 14 148 17 67 128 46 17 1435  
323 18 134 7 63 112 43 22 1460  
303 16 154 21 57 119 36 15 1461  
315 3 147 24 54 117 62 14 1446  
309 13 146 15 48 108 38 17 1488  
326 12 144 11 62 108 42 25 1452  
325 10 145 23 52 105 46 18 1458  
335 9 155 12 63 112 51 16 1429  
316 17 154 13 62 118 36 22 1444  
311 10 130 24 51 131 49 14 1462  
324 14 134 16 64 93 51 19 1467  
345 10 138 14 59 112 47 19 1438  
310 14 146 12 56 127 58 14 1445  
311 17 155 19 64 110 42 11 1453  
324 19 135 15 66 108 53 35 1427  
320 16 140 11 69 107 35 16 1468  
309 15 159 9 55 118 37 19 1461  
316 13 166 17 54 122 34 20 1440  
310 15 156 15 58 108 48 25 1447  
323 11 141 9 67 124 33 15 1459  
321 24 121 9 66 113 67 14 1447  
320 16 131 15 60 108 47 13 1472  
334 18 132 10 66 110 46 18 1448  
323 10 163 18 64 104 32 18 1450  
322 15 144 11 66 122 50 14 1438  
319 7 132 12 66 112 66 19 1449  
308 30 124 8 70 98 54 17 1473  
326 15 145 8 52 123 42 15 1456  
312 13 147 14 68 115 51 13 1449  
322 10 153 20 57 105 50 26 1439  
327 9 155 28 46 117 53 27 1420  
318 23 148 9 61 127 30 23 1443  
315 15 155 11 52 119 46 21 1448  
316 15 144 17 65 113 42 19 1451  
320 15 176 14 51 108 39 16 1443  
333 10 116 15 57 127 61 19 1444  
339 6 151 23 63 121 34 18 1427  
302 17 141 12 69 107 51 27 1456  
302 25 138 9 68 119 48 23 1450  
315 13 147 13 52 116 39 18 1469  
341 12 146 14 56 116 42 25 1430  
322 17 129 13 50 112 50 19 1470  
311 21 144 11 66 99 33 31 1466  
308 21 129 12 71 94 54 24 1469  
297 7 135 18 63 109 51 25 1477  
325 14 172 13 73 88 40 22 1435  
308 15 160 14 62 99 43 18 1463  
303 20 142 15 62 95 45 25 1475  
318 16 153 9 61 116 53 17 1439  
319 16 154 17 72 86 48 19 1451  
321 11 153 17 55 121 38 20 1446  
319 9 138 17 52 111 62 18 1456  
299 9 149 20 56 112 44 20 1473  
348 8 141 18 52 111 39 12 1453  
314 13 172 10 63 104 37 20 1449  
299 17 153 14 60 119 54 20 1446  
314 14 132 12 67 120 46 12 1465  
324 15 135 18 63 107 52 15 1453  
300 16 155 18 58 125 47 16 1447  
329 11 145 20 58 112 47 8 1452  
335 18 147 17 61 102 61 18 1423  
311 15 136 23 62 103 39 20 1473  
321 19 150 14 63 124 35 13 1443  
315 11 158 14 57 116 50 23 1438  
284 20 140 16 59 116 62 19 1466  
301 9 133 20 63 124 50 18 1464  
333 9 136 14 58 110 40 21 1461  
314 19 130 13 79 96 42 23 1466  
337 18 141 16 59 107 41 19 1444  
329 19 133 16 54 127 44 21 1439  
326 13 130 10 55 113 49 21 1465  
332 21 153 8 59 123 38 15 1433  
308 11 156 21 56 112 35 17 1466  
330 19 146 8 54 100 41 22 1462  
305 20 137 11 66 112 55 13 1463  
338 20 135 6 65 102 37 22 1457  
318 18 146 10 74 119 40 12 1445  
296 12 161 15 54 120 35 17 1472  
309 9 165 17 60 102 43 13 1464  
335 9 122 24 60 113 48 15 1456  
310 26 137 14 64 114 40 19 1458  
311 13 143 8 62 126 40 12 1467  
288 19 155 14 68 118 33 19 1468  
322 12 130 16 61 101 50 21 1469  
318 17 143 16 57 101 49 14 1467  
300 15 134 13 64 123 46 19 1468  
312 16 124 19 59 109 56 16 1471  
310 20 159 7 67 110 38 20 1451  
305 22 144 12 66 117 49 20 1447  
317 21 163 8 63 119 37 15 1439  
312 16 164 13 55 119 34 15 1454  
312 11 152 13 54 111 44 17 1468  
327 15 120 13 65 117 54 17 1454  
343 8 131 27 61 107 52 15 1438  
306 8 129 20 58 125 58 27 1451  
321 10 160 20 61 104 41 18 1447  
336 19 146 15 54 132 51 16 1413  
318 12 166 18 59 112 31 15 1451  
313 17 140 10 64 124 44 21 1449  
331 13 144 13 62 114 44 22 1439  
319 16 137 18 64 100 42 28 1458  
318 15 150 17 61 102 47 26 1446  
308 10 126 21 61 107 64 19 1466  
311 8 134 25 65 115 52 18 1454  
316 9 149 18 67 113 42 10 1458  
336 13 156 16 66 113 34 27 1421  
315 14 156 15 61 114 37 17 1453  
296 18 160 12 65 124 38 18 1451  
313 10 136 20 65 113 51 17 1457  
329 11 160 16 60 107 31 23 1445  
313 9 137 13 69 109 47 20 1465  
340 7 131 20 63 116 42 14 1449  
342 17 155 13 67 100 34 22 1432  
306 14 138 18 69 91 43 15 1488  
319 19 139 13 59 113 44 19 1457  
318 15 159 22 49 105 40 17 1457  
318 22 132 12 59 107 45 17 1470  
315 16 165 17 53 106 43 16 1451  
319 22 139 13 70 115 48 24 1432  
312 7 152 21 52 101 37 24 1476  
319 12 142 15 58 118 53 16 1449  
303 18 134 16 61 113 46 26 1465  
319 14 144 17 53 113 53 23 1446  
325 19 147 13 64 106 37 15 1456  
325 15 149 20 59 108 42 17 1447  
312 17 153 11 49 113 42 23 1462  
308 11 135 10 56 137 51 15 1459  
311 6 144 17 59 114 44 21 1466  
335 11 146 19 66 103 42 18 1442  
319 21 148 7 70 102 43 16 1456  
311 11 152 18 67 102 46 10 1465  
325 14 121 14 62 123 57 20 1446  
317 24 126 11 60 116 46 18 1464  
330 15 121 22 59 119 53 10 1453  
324 15 157 14 64 119 48 13 1428  
326 11 145 16 61 112 35 16 1460  
336 11 141 11 61 121 48 19 1434  
307 16 159 11 72 108 34 10 1465  
325 16 132 8 53 131 44 12 1461  
310 15 148 10 69 105 43 28 1454  
324 8 134 18 62 102 52 25 1457  
324 8 132 23 68 115 46 22 1444  
312 16 136 12 60 110 46 25 1465  
330 16 169 13 61 118 32 18 1425  
327 10 163 16 66 107 52 14 1427  
324 15 138 21 62 108 62 15 1437  
324 4 150 26 51 123 43 18 1443  
323 10 128 31 57 104 46 17 1466  
294 26 155 10 71 103 51 22 1450  
338 12 114 16 53 106 47 18 1478  
340 8 147 26 57 100 43 25 1436  
321 17 138 20 53 114 45 17 1457  
313 17 136 16 55 124 54 18 1449  
317 16 141 19 63 102 51 25 1448  
315 14 145 10 69 115 55 18 1441  
323 14 147 10 57 109 44 19 1459  
300 14 148 15 63 100 44 19 1479  
319 24 137 13 66 95 55 26 1447  
306 11 158 17 64 115 42 21 1448  
326 10 152 22 50 110 36 10 1466  
320 10 135 20 59 110 52 25 1451  
305 18 138 13 71 109 49 17 1462  
310 15 160 15 70 103 32 21 1456  
320 15 144 15 66 98 45 25 1454  
322 16 143 17 64 121 55 17 1427  
312 12 138 10 65 126 48 11 1460  
311 14 143 19 57 107 55 15 1461  
304 22 142 14 62 105 47 17 1469  
310 9 158 22 59 102 31 17 1474  
300 9 129 21 59 116 51 18 1479  
335 9 140 18 45 123 47 14 1451  
294 23 150 11 60 111 35 26 1472  
323 8 161 19 53 102 29 20 1467  
301 25 123 17 72 113 69 25 1437  
342 12 128 20 66 96 58 22 1438  
305 14 134 11 68 120 54 16 1460  
287 14 163 13 66 117 45 23 1454  
322 14 146 15 59 94 49 27 1456  
310 12 141 13 71 111 46 18 1460  
309 12 153 14 60 115 34 16 1469  
322 35 144 7 68 100 45 25 1436  
303 14 158 15 64 112 47 22 1447  
309 13 150 12 59 115 41 15 1468  
325 19 123 20 66 96 50 31 1452  
307 16 149 13 70 114 45 17 1451  
336 16 140 9 59 118 50 11 1443  
309 19 145 16 58 110 46 21 1458  
327 13 135 22 72 98 45 27 1443  
335 20 143 10 61 111 62 18 1422  
336 12 123 21 60 104 53 16 1457  
315 12 117 14 55 127 48 19 1475  
302 19 134 14 60 112 44 14 1483  
326 7 145 16 60 119 52 23 1434  
316 15 152 12 59 118 46 12 1452  
309 18 138 13 61 103 54 16 1470  
317 13 156 22 63 119 50 23 1419  
316 13 157 19 63 116 39 20 1439  
306 11 151 11 64 110 59 25 1445  
309 10 145 22 67 120 46 15 1448  
321 21 147 12 60 117 36 21 1447  
306 12 134 18 63 118 56 16 1459  
330 16 151 11 56 102 55 16 1445  
305 23 144 8 68 112 65 26 1431  
303 15 155 17 55 116 50 17 1454  
313 8 135 24 55 123 51 19 1454  
296 11 153 16 68 108 39 21 1470  
316 12 152 12 71 118 50 17 1434  
325 16 154 14 61 117 41 14 1440  
327 12 164 23 59 108 48 15 1426  
305 21 165 10 63 112 41 27 1438  
322 7 142 20 59 110 49 20 1453  
314 14 129 15 58 115 45 17 1475  
321 18 144 12 60 123 51 15 1438  
306 9 140 14 70 113 48 18 1464  
327 15 143 18 47 107 39 21 1465  
340 14 129 18 61 110 54 18 1438  
317 16 140 14 68 103 45 17 1462  
309 12 136 22 55 100 47 24 1477  
323 14 144 15 58 118 41 26 1443  
332 12 155 13 63 100 33 25 1449  
302 18 134 8 60 124 31 16 1489  
321 9 149 14 62 111 39 18 1459  
304 24 162 12 65 102 44 19 1450  
307 20 151 16 56 103 47 20 1462  
312 16 128 15 76 100 41 17 1477  
327 10 129 27 56 123 45 19 1446  
315 14 149 21 58 115 32 23 1455  
315 10 150 15 63 104 48 16 1461  
313 25 125 10 65 108 45 13 1478  
312 16 143 14 62 115 34 13 1473  
282 14 148 11 56 130 48 12 1481  
319 11 168 12 60 104 42 19 1447  
309 12 159 20 54 99 52 14 1463  
332 10 122 25 46 100 53 11 1483  
294 24 151 8 59 119 36 16 1475  
308 15 142 12 60 109 52 15 1469  
313 14 142 18 68 115 45 16 1451  
303 17 136 18 51 116 47 26 1468  
305 16 132 16 67 97 50 22 1477  
323 14 104 19 53 124 71 12 1462  
315 10 139 15 55 90 49 24 1485  
312 8 133 20 53 122 53 17 1464  
302 18 135 10 63 106 46 12 1490  
318 17 142 14 60 99 43 21 1468  
311 25 156 6 62 127 30 13 1452  
331 8 132 20 60 106 47 27 1451  
323 7 129 22 65 113 50 16 1457  
314 8 126 24 52 123 43 21 1471  
321 15 141 14 56 119 52 16 1448  
303 17 143 4 73 99 46 23 1474  
302 15 155 12 64 126 30 20 1458  
328 15 142 16 70 105 57 21 1428  
306 19 134 19 58 115 61 23 1447  
310 15 158 12 66 114 41 11 1455  
315 9 167 14 66 113 42 16 1440  
302 14 155 12 57 113 39 17 1473  
312 15 133 12 71 95 62 16 1466  
308 16 146 15 67 82 53 26 1469  
315 19 141 18 72 120 52 20 1425  
337 11 139 21 68 112 34 21 1439  
304 21 145 11 50 136 31 9 1475  
318 12 139 17 70 86 52 22 1466  
313 20 123 5 65 113 53 18 1472  
303 15 143 17 66 106 40 24 1468  
310 16 138 15 69 93 47 33 1461  
335 14 141 15 72 113 47 10 1435  
303 10 158 11 58 113 36 24 1469  
322 20 147 7 54 115 49 22 1446  
301 13 126 16 61 117 55 27 1466  
304 13 144 16 61 114 34 24 1472  
340 20 133 20 54 116 43 23 1433  
313 13 141 16 70 113 47 30 1439  
314 14 147 21 49 103 66 14 1454  
324 11 159 20 54 137 46 11 1420  
306 16 145 9 63 103 58 13 1469  
330 18 133 15 64 102 45 27 1448  
315 13 125 17 63 117 45 19 1468  
303 9 153 18 69 103 40 21 1466  
321 8 136 14 66 111 48 16 1462  
293 17 150 16 59 111 52 9 1475  
325 13 150 17 55 111 59 13 1439  
337 12 166 8 58 110 34 25 1432  
322 8 135 15 66 121 44 14 1457  
317 21 140 19 61 104 49 14 1457  
315 16 150 12 68 96 46 24 1455  
325 20 139 14 65 90 37 35 1457  
290 7 149 16 54 122 47 14 1483  
321 5 131 26 52 117 45 20 1465  
323 10 148 13 66 111 33 15 1463  
315 17 149 16 63 108 39 10 1465  
319 9 140 15 61 131 66 18 1423  
340 11 145 14 54 121 52 18 1427  
312 15 153 12 64 109 49 15 1453  
322 29 134 16 57 108 45 22 1449  
320 14 127 22 62 97 61 19 1460  
339 12 144 14 49 132 47 14 1431  
319 31 132 13 57 112 42 25 1451  
294 14 139 17 70 116 63 22 1447  
323 6 152 23 56 111 38 18 1455  
320 13 152 17 64 110 48 13 1445  
316 16 121 11 66 116 62 17 1457  
320 15 169 19 61 100 27 21 1450  
331 16 134 15 61 107 53 19 1446  
309 13 166 15 61 105 51 14 1448  
310 21 129 11 63 111 49 22 1466  
327 15 161 19 60 118 48 15 1419  
315 10 144 18 74 96 52 13 1460  
301 20 155 15 47 129 49 12 1454  
314 12 164 17 65 112 50 19 1429  
341 18 141 16 55 108 41 11 1451  
307 16 151 17 57 113 48 21 1452  
329 13 137 16 58 101 54 21 1453  
328 15 145 13 62 113 62 8 1436  
322 13 143 20 65 111 42 13 1453  
320 18 147 10 61 115 36 15 1460  
330 15 151 14 61 122 50 9 1430  
328 13 132 20 63 109 44 17 1456  
320 20 135 22 69 100 48 17 1451  
320 9 137 25 58 107 54 22 1450  
313 10 145 20 58 109 51 17 1459  
312 22 136 7 65 107 43 21 1469  
331 12 138 22 56 122 56 16 1429  
335 4 137 24 57 129 38 20 1438  
332 11 132 16 55 98 36 20 1482  
323 19 125 21 57 105 53 21 1458  
319 10 139 20 63 114 59 15 1443  
301 13 153 11 60 121 48 22 1453  
327 6 131 28 55 99 56 20 1460  
312 19 149 16 63 108 36 18 1461  
341 13 119 16 65 92 54 21 1461  
320 13 122 12 60 115 51 19 1470  
323 4 126 17 66 103 56 15 1472  
315 11 153 13 67 112 47 21 1443  
336 12 141 14 60 121 59 16 1423  
305 17 144 8 67 107 45 14 1475  
333 7 123 27 55 99 54 26 1458  
322 6 132 20 52 108 48 20 1474  
318 9 144 16 57 108 38 31 1461  
296 16 141 17 59 112 34 21 1486  
311 18 127 15 59 111 57 22 1462  
323 22 131 16 55 104 61 20 1450  
322 16 158 11 59 104 47 18 1447  
330 6 138 17 57 117 38 16 1463  
328 19 128 13 57 119 54 17 1447  
313 20 140 14 59 114 44 26 1452  
308 21 160 13 57 123 42 17 1441  
317 14 142 13 63 107 49 19 1458  
308 18 147 12 59 125 33 11 1469  
318 13 155 13 64 113 37 16 1453  
316 17 132 15 75 95 47 20 1465  
327 15 127 21 57 112 53 10 1460  
321 11 140 19 49 117 57 19 1449  
336 14 146 20 55 120 41 12 1438  
302 21 161 12 65 107 50 20 1444  
328 6 143 19 52 97 50 17 1470  
321 21 137 7 56 122 43 19 1456  
311 20 147 12 59 110 45 25 1453  
325 16 133 11 57 120 63 17 1440  
321 11 138 18 58 120 57 13 1446  
322 16 130 16 64 123 52 14 1445  
313 11 155 24 58 129 37 16 1439  
294 22 157 13 74 100 38 17 1467  
311 22 148 14 50 112 60 17 1448  
324 11 147 18 56 115 44 14 1453  
316 11 171 15 59 115 41 17 1437  
325 11 170 13 55 110 34 20 1444  
311 15 160 19 56 116 36 16 1453  
311 15 150 15 61 119 47 12 1452  
322 26 132 10 71 108 65 30 1418  
316 26 123 8 67 88 50 28 1476  
300 13 150 16 60 123 31 17 1472  
315 7 123 28 46 125 72 22 1444  
311 15 132 18 62 110 48 17 1469  
312 12 127 21 61 101 66 18 1464  
307 9 129 15 51 128 58 18 1467  
317 19 146 15 62 114 48 19 1442  
334 14 135 14 59 104 52 20 1450  
293 16 140 17 58 105 51 20 1482  
312 18 140 13 63 115 38 17 1466  
329 17 138 14 69 103 39 15 1458  
316 21 141 16 71 123 39 13 1442  
316 32 140 11 73 112 38 20 1440  
337 9 142 24 59 99 57 15 1440  
322 11 141 22 57 107 49 16 1457  
331 17 141 13 63 110 51 22 1434  
318 26 150 8 66 106 48 15 1445  
316 9 134 8 57 120 36 19 1483  
312 20 153 6 66 111 35 16 1463  
315 15 156 13 62 106 50 12 1453  
312 4 150 21 65 117 41 18 1454  
321 16 118 19 64 119 50 15 1460  
312 18 137 19 62 105 39 20 1470  
309 18 157 11 59 122 46 13 1447  
327 9 153 12 61 113 39 20 1448  
315 8 150 22 49 111 44 20 1463  
312 14 125 14 47 121 58 21 1470  
309 11 145 20 60 125 57 18 1437  
320 14 135 18 63 100 57 25 1450  
292 24 148 10 62 118 42 17 1469  
320 5 137 12 50 132 39 10 1477  
318 9 139 17 66 107 52 27 1447  
334 10 131 17 68 98 61 19 1444  
298 20 143 21 71 102 44 20 1463  
333 20 136 18 67 104 57 28 1419  
327 7 150 22 60 111 59 11 1435  
292 22 124 13 72 109 60 15 1475  
296 12 159 15 57 108 43 15 1477  
307 7 162 13 51 123 42 14 1463  
319 9 158 14 58 118 51 20 1435  
317 18 137 12 64 101 56 24 1453  
334 7 155 12 66 111 38 14 1445  
326 13 152 16 56 106 51 18 1444  
331 14 132 17 61 115 48 26 1438  
326 15 140 11 66 96 46 15 1467  
321 11 153 20 67 94 46 19 1451  
314 14 142 12 57 120 55 14 1454  
309 10 140 18 57 120 63 22 1443  
321 8 136 20 63 110 37 25 1462  
294 10 139 19 62 109 49 16 1484  
310 7 139 18 60 119 53 13 1463  
321 20 138 10 66 107 49 19 1452  
336 20 132 12 73 107 58 17 1427  
311 27 136 9 72 117 42 19 1449  
309 14 137 17 54 114 46 19 1472  
317 15 125 20 66 107 58 25 1449  
317 17 144 6 59 123 39 16 1461  
299 6 146 21 60 109 46 21 1474  
306 16 148 20 56 117 46 18 1455  
325 15 153 8 56 122 42 18 1443  
334 13 134 17 61 106 55 19 1443  
319 16 155 10 66 109 41 20 1446  
322 10 155 23 58 116 37 19 1442  
303 12 140 26 59 127 40 12 1463  
332 15 144 14 66 91 40 34 1446  
328 15 135 17 64 100 39 23 1461  
332 17 133 17 50 105 43 19 1466  
298 24 156 10 55 106 46 26 1461  
320 19 141 14 64 123 55 20 1426  
327 13 126 17 71 99 63 17 1449  
303 9 144 17 53 124 40 10 1482  
316 18 148 13 66 101 46 23 1451  
309 11 129 17 65 108 50 10 1483  
303 23 131 17 62 102 36 26 1482  
298 16 153 16 62 114 38 14 1471  
321 7 144 15 51 122 50 16 1456  
319 11 141 19 55 104 49 22 1462  
340 18 143 9 69 102 45 30 1426  
290 16 156 12 58 122 49 13 1466  
333 14 130 10 60 123 50 21 1441  
314 14 147 14 55 130 46 16 1446  
327 16 150 15 61 115 39 14 1445  
312 19 137 17 60 103 43 17 1474  
315 23 143 8 67 102 55 30 1439  
309 12 152 17 64 118 48 26 1436  
320 17 130 13 59 112 44 18 1469  
319 15 117 8 65 97 63 25 1473  
308 9 139 17 66 124 39 13 1467  
322 7 141 23 51 118 39 17 1464  
312 16 139 14 64 106 59 16 1456  
332 14 136 11 62 114 49 12 1452  
300 19 158 28 61 109 56 17 1434  
318 15 132 18 53 141 47 13 1445  
324 29 132 10 71 114 43 16 1443  
340 13 132 16 60 98 41 21 1461  
309 15 146 21 62 101 39 25 1464  
301 13 139 12 56 127 50 16 1468  
322 14 132 17 60 98 49 18 1472  
