0.7367178276269185 0.39999999999999997 0.9026876737720112  
0.7409200968523003 0.474308300395257 0.906544901065449  
0.7416267942583732 0.4013840830449827 0.9002778635381291  
0.7544483985765125 0.4071428571428571 0.908361616784943  
0.7479861910241656 0.452054794520548 0.8991570402747424  
0.7217496962332929 0.4385382059800665 0.8950617283950617  
0.730723606168446 0.39716312056737585 0.8953380673047238  
0.7195402298850575 0.4552238805970149 0.8983261004339739  
0.7319819819819819 0.38167938931297707 0.8923459863098941  
0.7369614512471655 0.4253731343283582 0.9004355942750467  
0.7402135231316725 0.4246575342465753 0.8974914834314028  
0.7557603686635946 0.43670886075949367 0.8949685534591194  
0.748040313549832 0.4532374100719424 0.8994675853429377  
0.7491082045184304 0.40559440559440557 0.9045412418906394  
0.7365967365967365 0.41509433962264153 0.8978710274606604  
0.7337962962962964 0.37762237762237766 0.8948350964530181  
0.7277289836888332 0.4175824175824176 0.9064966605950212  
0.7551487414187643 0.4452554744525547 0.9029850746268657  
0.7649122807017544 0.48 0.9097093382807669  
0.7583732057416268 0.4626334519572954 0.9042192793347706  
0.7328767123287672 0.41198501872659177 0.8978578081341198  
0.7352572145545797 0.4013840830449827 0.8993288590604027  
0.7425742574257426 0.4444444444444444 0.9045719545872968  
0.7237163814180928 0.4065573770491803 0.8954026535020054  
0.7338308457711443 0.4351145038167939 0.9060036385688297  
0.7397899649941657 0.4363636363636363 0.8966584158415841  
0.7375722543352601 0.39145907473309616 0.896830329397141  
0.777262180974478 0.4594594594594595 0.9058016219588273  
0.7411630558722919 0.46923076923076923 0.901766346451813  
0.7470725995316159 0.4486692015209126 0.9036033261472127  
0.7422680412371134 0.4477611940298507 0.9022649705243562  
0.7491408934707905 0.4788732394366197 0.9030246336139695  
0.7418181818181818 0.411764705882353 0.9035812672176308  
0.7329974811083124 0.48630136986301364 0.9023794996949359  
0.7523148148148149 0.4285714285714286 0.8995633187772927  
0.7206982543640899 0.4476534296028882 0.9065449010654489  
0.7569444444444444 0.42105263157894735 0.9032659409020216  
0.7425860023724792 0.40579710144927533 0.9053929121725732  
0.7657142857142858 0.45421245421245426 0.9048507462686569  
0.7565714285714286 0.43010752688172044 0.90404984423676  
0.7516629711751663 0.4222222222222222 0.900375939849624  
0.7688888888888888 0.4645669291338583 0.907165109034268  
0.7300469483568075 0.4802867383512545 0.9019486545004639  
0.7485380116959065 0.4748201438848922 0.901887960383782  
0.7497034400948992 0.416058394160584 0.9060671388974437  
0.7509025270758122 0.4390243902439025 0.9001848428835489  
0.7322274881516587 0.4210526315789473 0.8985863552550707  
0.7569444444444444 0.44912280701754387 0.9057542768273716  
0.7384259259259258 0.4218181818181818 0.897984496124031  
0.7151515151515152 0.3897058823529412 0.8962350780532599  
0.7350230414746544 0.48275862068965514 0.8995633187772926  
0.7449584816132858 0.4334600760456274 0.9005524861878453  
0.7358024691358024 0.3940520446096654 0.9016742770167427  
0.7186358099878197 0.4158415841584159 0.8950617283950617  
0.7355555555555554 0.37894736842105264 0.8921044353570305  
0.7181286549707601 0.44696969696969696 0.8992295839753467  
0.7355473554735548 0.47547169811320755 0.9087035909920876  
0.7359116022099447 0.4444444444444445 0.9006289308176101  
0.7173396674584324 0.4366197183098591 0.897467572575664  
0.7473053892215569 0.44444444444444436 0.907076923076923  
0.7270471464019851 0.46258503401360546 0.9050245098039216  
0.7431818181818183 0.4542372881355932 0.8999686422075887  
0.7376058041112455 0.4481605351170569 0.9017912291537986  
0.7298919567827132 0.4444444444444445 0.8997841504779526  
0.772782503037667 0.4405594405594406 0.9093701996927804  
0.7511961722488038 0.40148698884758366 0.8984351027922676  
0.7435028248587571 0.42857142857142855 0.8971553610503283  
0.7257876312718787 0.4444444444444444 0.8983890954151177  
0.7579693034238488 0.4357976653696498 0.9085889570552147  
0.7395577395577396 0.4249084249084249 0.9063167531278609  
0.7375722543352602 0.4236111111111111 0.9000311429461227  
0.7345029239766083 0.4444444444444445 0.8972136222910216  
0.7449584816132859 0.4810996563573883 0.9046439628482973  
0.7365911799761622 0.3741007194244605 0.8999076070218663  
0.7184241019698725 0.41176470588235287 0.8987302570455249  
0.728110599078341 0.43918918918918914 0.8918750000000001  
0.7380675203725262 0.4206642066420664 0.8985776128633272  
0.7594627594627595 0.45138888888888884 0.908197727970525  
0.7422934648581997 0.43356643356643354 0.9011325374961738  
0.7353293413173654 0.3946488294314381 0.8965944272445822  
0.757396449704142 0.49169435215946844 0.906152889993785  
0.7565118912797282 0.4117647058823529 0.9005920847616079  
0.728132387706856 0.46645367412140576 0.8985959438377534  
0.7417380660954712 0.4560260586319218 0.9006172839506172  
0.7517899761336516 0.39705882352941185 0.9022741241548863  
0.7605633802816901 0.3851851851851852 0.9031462060456508  
0.7339667458432305 0.48375451263537905 0.9066255778120185  
0.7589388696655133 0.4163568773234201 0.9021065675340769  
0.7316486161251504 0.42402826855123676 0.9015384615384616  
0.7494033412887828 0.3888888888888889 0.9024088943792465  
0.743682310469314 0.436241610738255 0.9020092735703247  
0.7433035714285714 0.4714285714285714 0.9015056461731493  
0.7189988623435722 0.46204620462046203 0.8944060339409176  
0.7384615384615385 0.4662162162162162 0.9022649705243563  
0.7399527186761229 0.38848920863309355 0.8950617283950618  
0.7357142857142858 0.4411764705882353 0.9009840098400984  
0.7531865585168017 0.47457627118644075 0.9051777916406737  
0.7232037691401649 0.4285714285714286 0.8947531822415399  
0.7514450867052023 0.4338235294117647 0.9011465757669662  
0.7771428571428571 0.4128113879003559 0.905860349127182  
0.7470449172576833 0.4429065743944636 0.910498606379684  
0.752913752913753 0.429090909090909 0.9025069637883009  
0.7480225988700565 0.43478260869565216 0.8997814548860444  
0.7773851590106008 0.4388489208633094 0.9063948100092679  
0.7411630558722918 0.4778156996587031 0.9048215403882279  
0.7321637426900585 0.4436619718309858 0.8973643410852714  
0.7398843930635838 0.4232081911262799 0.8970679975046787  
0.7289940828402367 0.41428571428571426 0.8978079654214265  
0.7424242424242424 0.4460431654676259 0.8918406072106262  
0.7323290845886442 0.42214532871972316 0.9022415940224159  
0.7633410672853829 0.4194756554307116 0.902627511591963  
0.7473053892215568 0.39446366782006925 0.8987654320987655  
0.7279322853688028 0.4722222222222222 0.90181594336719  
0.7453271028037383 0.43109540636042404 0.9029457364341086  
0.7595238095238096 0.4736842105263158 0.9079189686924494  
0.763888888888889 0.4436363636363636 0.9029457364341086  
0.7518248175182483 0.42567567567567566 0.9038817005545285  
0.7677946324387397 0.4191176470588235 0.9038639876352396  
0.7209302325581395 0.44755244755244755 0.8962088253573648  
0.7270531400966184 0.38518518518518524 0.8934476423759952  
0.7387173396674585 0.4191176470588235 0.8978461538461537  
0.7429274292742928 0.4785714285714285 0.9092020788749617  
0.733644859813084 0.40892193308550184 0.9002778635381291  
0.7652370203160271 0.40955631399317405 0.9029827315541601  
0.7611428571428572 0.45936395759717313 0.9020586400499064  
0.73512252042007 0.40989399293286216 0.8995037220843674  
0.743181818181818 0.3893129770992366 0.9031657355679703  
0.6937738246505717 0.4280701754385965 0.8985419198055893  
0.7383512544802866 0.41155234657039713 0.9027692307692308  
0.7467608951707891 0.4178082191780822 0.9047471300031026  
0.7358708189158016 0.42906574394463665 0.8958852867830425  
0.7304964539007093 0.4949152542372882 0.9022649705243563  
0.7324613555291319 0.4483985765124555 0.8994447871684146  
0.7374847374847374 0.4535315985130111 0.9047619047619047  
0.7112232030264817 0.4437086092715232 0.8969103701437748  
0.7529976019184652 0.4364820846905538 0.9016444306546697  
0.7363304981773999 0.4755244755244756 0.9056835637480799  
0.7535211267605634 0.4154929577464788 0.9033457249070632  
0.7416267942583731 0.44816053511705684 0.902446577887891  
0.7604651162790697 0.4145454545454545 0.90182719108083  
0.757192174913694 0.417910447761194 0.9036256585063527  
0.7547169811320754 0.46853146853146854 0.903405572755418  
0.7353629976580794 0.4222222222222222 0.8999999999999999  
0.7385377942998762 0.4128113879003559 0.9010989010989011  
0.7134220072551392 0.4344569288389513 0.8978593272171254  
0.7770114942528735 0.429090909090909 0.907735321528425  
0.7389749702026222 0.4384615384615385 0.9053598774885147  
0.7502903600464577 0.48717948717948717 0.9056722030711376  
0.7377245508982035 0.46153846153846156 0.9022510021584952  
0.7628128724672228 0.43356643356643354 0.9046001852423586  
0.7447306791569087 0.44982698961937717 0.8984787333126357  
0.7605956471935852 0.4491228070175438 0.9020586400499064  
0.7385321100917432 0.435374149659864 0.9024390243902438  
0.7290400972053461 0.4145454545454546 0.8983466013472137  
0.7577777777777778 0.44966442953020136 0.9001895135818065  
0.7445783132530122 0.4488448844884489 0.9049829774063758  
0.7666290868094702 0.3941605839416058 0.9072744302216672  
0.7551266586248492 0.49640287769784175 0.908811789990789  
0.7474518686296715 0.42307692307692313 0.9040670599192797  
0.7236533957845434 0.4214046822742475 0.8900654001868578  
0.7438423645320197 0.4172661870503597 0.90470372632865  
0.7452830188679246 0.42996742671009774 0.8968526020567155  
0.7658157602663707 0.4745762711864407 0.9008838383838385  
0.7435294117647059 0.44680851063829785 0.9053217821782179  
0.7384615384615385 0.4375 0.897554936552151  
0.7546728971962615 0.4673539518900343 0.9039477774323904  
0.7490996398559425 0.4117647058823529 0.9033445842282908  
0.7333333333333334 0.44366197183098594 0.8965732087227414  
0.7430555555555555 0.4155844155844156 0.8972431077694236  
0.7558139534883721 0.443609022556391 0.9036442248301422  
0.7298919567827131 0.4377358490566038 0.9069197795468462  
0.7283653846153847 0.46 0.895420792079208  
0.7420814479638009 0.3732394366197183 0.8917396745932415  
0.7533092659446451 0.45733788395904434 0.9037037037037037  
0.7256857855361596 0.443609022556391 0.9016990291262136  
0.7491082045184304 0.3837638376383764 0.9003690036900369  
0.7162673392181589 0.4682274247491639 0.8997555012224939  
0.7412429378531074 0.46779661016949153 0.8963567839195979  
0.7270588235294116 0.389261744966443 0.8942786069651741  
0.7591069330199766 0.46938775510204084 0.9021435228331779  
0.7325301204819278 0.4236111111111111 0.9032655576093653  
0.7540983606557377 0.4942084942084942 0.9080282989849277  
0.7151230949589684 0.44999999999999996 0.8956979263385948  
0.7189384800965017 0.5036496350364963 0.9046304814474088  
0.7565011820330969 0.41428571428571426 0.9030265596046941  
0.7387173396674585 0.3669064748201439 0.8982737361282368  
0.7415990730011589 0.43884892086330934 0.8991622711759231  
0.7485101311084625 0.45774647887323944 0.9058932428262881  
0.7479289940828403 0.4436619718309858 0.9063369397217929  
0.7332549941245594 0.49295774647887325 0.904304738309074  
0.7457240592930445 0.35842293906810035 0.8965087281795511  
0.7446808510638298 0.4468085106382978 0.9004944375772559  
0.7373271889400921 0.459546925566343 0.8973956699090053  
0.7151515151515152 0.3462897526501767 0.8992628992628993  
0.7304964539007093 0.47058823529411764 0.8981108702384639  
0.7455621301775148 0.4145454545454545 0.8995067817509248  
0.7299999999999999 0.45714285714285713 0.904993909866017  
0.7506112469437652 0.44043321299638993 0.9066992964209238  
0.7253521126760564 0.4697986577181208 0.8998133167392656  
0.7688838782412627 0.3985239852398524 0.8995633187772926  
0.7290167865707433 0.4041095890410959 0.8925262507720816  
0.7443946188340808 0.46564885496183206 0.9034267912772584  
0.7364705882352941 0.4290657439446367 0.89984496124031  
0.7502850627137969 0.41780821917808225 0.8964006259780908  
0.7452380952380951 0.4895104895104894 0.9030265596046942  
0.7151515151515153 0.45544554455445546 0.8961681087762671  
0.7108433734939759 0.4244604316546762 0.8943488943488943  
0.7599067599067598 0.45864661654135336 0.9067901234567901  
0.7591743119266054 0.4421052631578948 0.9011537262238852  
0.7455621301775148 0.4071428571428572 0.9008953380673046  
0.743259085580305 0.4842105263157895 0.9032858028518289  
0.7377245508982035 0.41328413284132837 0.9042357274401474  
0.7384615384615384 0.43564356435643564 0.9004975124378111  
0.762954796030871 0.47811447811447805 0.9037974683544303  
0.7248484848484849 0.4816053511705686 0.9061728395061728  
0.7585421412300684 0.4332129963898917 0.9055780617014647  
0.743502824858757 0.48979591836734687 0.9004709576138147  
0.7102342786683108 0.3490909090909091 0.8901769371568029  
0.7404761904761905 0.4520547945205479 0.900371287128713  
0.7238095238095237 0.4609929078014184 0.8975940777297964  
0.7497243660418964 0.41843971631205673 0.895748031496063  
0.7301204819277108 0.42647058823529416 0.9068056407112202  
0.7250900360144057 0.4295302013422819 0.8957624497370863  
0.7346938775510206 0.4705882352941176 0.9009345794392523  
0.7209580838323352 0.4249084249084249 0.8974201474201473  
0.7531865585168019 0.48859934853420206 0.902316844082655  
0.7714932126696832 0.4375 0.9041353383458647  
0.7281437125748502 0.4481605351170569 0.8984520123839009  
0.7485380116959065 0.4225352112676057 0.9010852713178296  
0.7296650717703349 0.4776119402985074 0.9061349693251534  
0.7002457002457002 0.3835616438356164 0.8919582565991405  
0.7569444444444444 0.42657342657342656 0.9041692594897325  
0.7598152424942264 0.44755244755244755 0.9047322540473225  
0.7421236872812136 0.40143369175627236 0.8977695167286245  
0.7285714285714286 0.4468085106382978 0.9012954966070327  
0.7447306791569086 0.3972602739726027 0.8980733374766936  
0.7451456310679613 0.460377358490566 0.9056488549618321  
0.7340301974448316 0.4647887323943662 0.9002795899347623  
0.7298919567827131 0.43750000000000006 0.9004008633980881  
0.7566964285714285 0.43727598566308246 0.9005957980558168  
0.7565118912797282 0.41825095057034223 0.901180857675575  
0.7537227949599083 0.3507462686567164 0.8954390319578033  
0.7349823321554769 0.47176079734219273 0.9016801493466086  
0.7342995169082125 0.44680851063829796 0.9010448678549478  
0.7361809045226131 0.4 0.8981086028065896  
0.7502958579881657 0.4359861591695502 0.9034055727554179  
0.7425287356321839 0.44520547945205474 0.8975640224859461  
0.7348837209302326 0.4259927797833935 0.9005268050821196  
0.7394366197183099 0.4966442953020134 0.9010578718108277  
0.748868778280543 0.38434163701067614 0.8909034073147859  
0.7485380116959064 0.41434262948207173 0.9005524861878452  
0.7605294825511433 0.4632352941176471 0.9101502606562404  
0.72 0.4520547945205479 0.8957169459962755  
0.7274853801169591 0.47213114754098356 0.9001248439450688  
0.7598039215686274 0.4364820846905537 0.9071274298056157  
0.7532777115613827 0.3898916967509025 0.9020935960591132  
0.7347417840375586 0.43262411347517726 0.9015479876160991  
0.7456445993031359 0.41304347826086957 0.899907034397273  
0.7358708189158016 0.41353383458646614 0.901887960383782  
0.7318235995232419 0.4300341296928328 0.8978960396039604  
0.7345454545454545 0.4467353951890034 0.9027093596059114  
0.7476635514018691 0.4895104895104896 0.9019242706393544  
0.7420814479638009 0.41237113402061853 0.8943242395735339  
0.7272727272727274 0.4878048780487806 0.9034440344403445  
0.7093712930011863 0.4848484848484849 0.8982630272952854  
0.7367178276269185 0.3754512635379061 0.895679012345679  
0.729665071770335 0.5104895104895105 0.9025293028994449  
0.7526627218934911 0.3895131086142322 0.9046740467404674  
0.7435294117647059 0.39869281045751637 0.9002493765586036  
0.734982332155477 0.39285714285714285 0.8970633693972179  
0.734207389749702 0.4429065743944636 0.8961681087762671  
0.7379553466509989 0.4344827586206896 0.9053676698727894  
0.7505827505827506 0.4232081911262799 0.8994708994708994  
0.7253765932792584 0.3999999999999999 0.898478733312636  
0.7528604118993135 0.4913494809688581 0.9028428616057482  
0.7300832342449465 0.44666666666666666 0.8997828110456096  
0.7337278106508874 0.4381625441696113 0.896168108776267  
0.7663981588032222 0.4393939393939394 0.906839987619932  
0.7425742574257427 0.425531914893617 0.9004276114844227  
0.7208237986270022 0.4360902255639098 0.8939205955334988  
0.7448107448107448 0.435374149659864 0.90495232236235  
0.7410817031070196 0.41496598639455773 0.8972196188691034  
0.7288557213930348 0.41155234657039713 0.8979591836734695  
0.7285067873303167 0.42537313432835816 0.8966376089663761  
0.7454128440366974 0.41843971631205673 0.8978193146417446  
0.7399770904925544 0.44927536231884063 0.898289269051322  
0.7386759581881532 0.3701067615658363 0.8975791433891992  
0.7621359223300971 0.4755244755244755 0.9090350338045483  
0.7412587412587411 0.4557823129251701 0.904109589041096  
0.7544642857142857 0.39999999999999997 0.9033665835411472  
0.7463026166097839 0.41758241758241754 0.9022415940224159  
0.7679814385150812 0.4626334519572954 0.9077926109903756  
0.7450980392156862 0.4280442804428044 0.9008059516429014  
0.7202797202797203 0.4172661870503597 0.8952912019826519  
0.7445086705202312 0.43609022556390975 0.9062789978348282  
0.7401197604790419 0.4255319148936171 0.900523560209424  
0.7344913151364764 0.4742268041237113 0.9029690847872666  
0.7505720823798627 0.5054151624548736 0.9069405539993776  
0.7482517482517482 0.4545454545454546 0.9024844720496894  
0.7153284671532848 0.3682310469314079 0.8931087289433385  
0.7703016241299303 0.39721254355400704 0.9038880248833593  
0.7534246575342467 0.4468085106382978 0.9014348097317528  
0.7530864197530864 0.4119850187265918 0.9084271372071797  
0.7669345579793341 0.3534136546184739 0.903205918618989  
0.765375854214123 0.45925925925925926 0.9048507462686567  
0.764172335600907 0.4405594405594406 0.9042553191489362  
0.7520759193357057 0.47750865051903113 0.9090346534653465  
0.73928157589803 0.40441176470588236 0.8981108702384639  
0.7307692307692307 0.4236111111111111 0.9007398273736128  
0.7274909963985594 0.4610169491525424 0.9004944375772559  
0.7471264367816093 0.4452054794520548 0.8988132417239225  
0.7482993197278911 0.425531914893617 0.8981250000000001  
0.7658592848904268 0.4705882352941177 0.9083541147132169  
0.7594936708860759 0.46366782006920415 0.9014348097317529  
0.7548906789413119 0.44106463878326996 0.9028465346534654  
0.7325842696629215 0.4043321299638989 0.8927119174225837  
0.7514450867052024 0.45985401459854014 0.9041860465116278  
0.7538644470868014 0.4233576642335766 0.9061249615266235  
0.7445783132530122 0.4249084249084249 0.9021772462434835  
0.746820809248555 0.45353159851301117 0.9052631578947368  
0.7364787111622556 0.4428571428571428 0.898289269051322  
0.7654609101516919 0.3357664233576642 0.8982369316424375  
0.751231527093596 0.37777777777777777 0.9085923217550275  
0.729559748427673 0.44285714285714284 0.9042262085740347  
0.732843137254902 0.380952380952381 0.8995419847328245  
0.7416762342135476 0.4482758620689655 0.9004058694973461  
0.7321212121212121 0.37681159420289856 0.900398406374502  
0.7274939172749392 0.4125874125874126 0.902948402948403  
0.7491166077738516 0.44688644688644685 0.9049969154842691  
0.7520184544405998 0.375 0.9028077753779697  
0.7388688327316487 0.41726618705035967 0.9019969278033795  
0.7551266586248493 0.4310954063604241 0.9046740467404675  
0.7334109429569267 0.4723247232472324 0.9004329004329004  
0.7508455467869222 0.4907063197026023 0.9039900249376557  
0.7422434367541767 0.4485294117647059 0.9078057775046098  
0.7491329479768787 0.41522491349480967 0.9003115264797508  
0.7601390498261877 0.43010752688172044 0.9056486654252017  
0.7525891829689297 0.47552447552447547 0.9024618261140543  
0.7488151658767771 0.4896551724137931 0.9015479876160991  
0.7369640787949016 0.37545126353790614 0.8976426799007444  
0.7379807692307692 0.4326241134751774 0.8996923076923076  
0.7656612529002319 0.3636363636363636 0.8998756218905474  
0.7423887587822013 0.5130111524163569 0.9040419623572973  
0.751458576429405 0.44839857651245557 0.9051456912585245  
0.7497142857142858 0.4398625429553264 0.900562851782364  
0.7424425634824668 0.4086021505376344 0.9023941068139963  
0.7662037037037038 0.4186046511627907 0.9049969154842689  
0.7434435575826682 0.45000000000000007 0.8986591830371063  
0.730858468677494 0.4625407166123778 0.8957746478873241  
0.7292161520190024 0.42857142857142855 0.8994447871684145  
0.7535885167464115 0.4375 0.9030864197530865  
0.7102137767220903 0.4184397163120567 0.8962962962962964  
0.730816077953715 0.4014084507042253 0.8984351027922676  
0.7533632286995516 0.4397163120567376 0.9003134796238245  
0.7418604651162791 0.4057971014492753 0.899628252788104  
0.7383177570093457 0.4421768707482993 0.8973242065961419  
0.7509113001215066 0.425531914893617 0.9045719545872968  
0.7531285551763367 0.4876325088339223 0.9013116801998751  
0.7476190476190476 0.4697508896797153 0.9115016959605303  
0.7482014388489209 0.44 0.9034055727554179  
0.7583815028901735 0.4115523465703971 0.9050279329608939  
0.7539503386004516 0.4631578947368421 0.9025994362668336  
0.752808988764045 0.46527777777777785 0.8995605775266792  
0.7397260273972605 0.39999999999999997 0.8936835522201375  
0.7520564042303172 0.43055555555555547 0.9004651162790698  
0.7540229885057471 0.47857142857142854 0.9047915370255134  
0.684796044499382 0.4056939501779359 0.8912645082467929  
0.7285546415981199 0.4089219330855019 0.8951911220715167  
0.7613636363636365 0.44927536231884063 0.9039900249376558  
0.7609195402298851 0.4210526315789474 0.9037083203490184  
0.7445086705202312 0.40287769784172656 0.8959950325985719  
0.7229190421892818 0.47619047619047616 0.8979464841319229  
0.7579693034238488 0.3986013986013986 0.9012689569792635  
0.7550295857988165 0.40310077519379844 0.9070837166513339  
0.7613219094247246 0.45 0.908478726660545  
0.7524038461538461 0.3712121212121212 0.9026927784577724  
0.7391304347826086 0.4042553191489361 0.89713216957606  
0.7112171837708829 0.4326241134751773 0.8945745992601727  
0.731102850061958 0.3851851851851852 0.8962579860054761  
0.7534562211981567 0.44680851063829785 0.9054138145612943  
0.7540628385698809 0.43598615916955014 0.8959390862944162  
0.7159904534606205 0.48936170212765956 0.8951911220715166  
0.7359813084112149 0.4468085106382979 0.9014259144451333  
0.7704026115342764 0.4199288256227758 0.9007585335018964  
0.7370892018779343 0.43661971830985913 0.9008674101610906  
0.7390761548064919 0.4626334519572953 0.902498476538696  
0.7566371681415929 0.46376811594202905 0.9007537688442211  
0.720098643649815 0.4113475177304965 0.8975848364414553  
0.7522727272727273 0.45878136200716846 0.9054602184087364  
0.7135802469135802 0.4982935153583618 0.9040171726464276  
0.7551963048498845 0.41403508771929826 0.9007158418923125  
0.7413587604290821 0.38545454545454544 0.9003076923076923  
0.7384615384615385 0.44943820224719105 0.9071340713407133  
0.7531865585168018 0.47857142857142865 0.9115181620614716  
0.7677946324387398 0.40590405904059035 0.9029666254635353  
0.7471783295711061 0.3806228373702423 0.8905613044841644  
0.733252131546894 0.4225352112676056 0.8996624731512733  
0.7428571428571429 0.4495114006514657 0.9015990159901599  
0.720873786407767 0.4818481848184818 0.8989805375347544  
0.7171597633136095 0.4444444444444444 0.895113600995954  
0.7266355140186916 0.4305555555555556 0.8906832298136645  
0.7570093457943925 0.3863636363636363 0.905055487053021  
0.7345454545454545 0.4413793103448275 0.9030470914127424  
0.7218225419664269 0.47811447811447816 0.8976183111660997  
0.7491486946651532 0.4421768707482993 0.9031044214487299  
0.7551020408163266 0.3875432525951557 0.8957093642342625  
0.746341463414634 0.3973063973063973 0.8992916538343085  
0.7371069182389937 0.4668989547038328 0.906764168190128  
0.7347417840375586 0.411764705882353 0.9012345679012346  
0.7502986857825567 0.38596491228070173 0.9006785934608266  
0.7485515643105446 0.4411764705882353 0.9018271910808299  
0.7601390498261879 0.4685314685314685 0.9051321928460342  
0.7222222222222223 0.419672131147541 0.8956979263385949  
0.743321718931475 0.42647058823529416 0.8981739399566698  
0.7080745341614908 0.4055944055944056 0.8952031775129851  
0.7579693034238489 0.4405594405594406 0.901887960383782  
0.7474048442906575 0.4587813620071684 0.9011808576755749  
0.7467911318553092 0.4575645756457565 0.9060568603213844  
0.734207389749702 0.44372990353697744 0.897324206596142  
0.7419354838709677 0.3972602739726027 0.8913857677902622  
0.7206572769953051 0.4927536231884058 0.9011124845488258  
0.7248803827751197 0.3861003861003861 0.8999694096053839  
0.744920993227991 0.44360902255639095 0.9016189290161892  
0.7390791027154663 0.4813559322033898 0.9025450031036623  
0.7403055229142185 0.43884892086330934 0.9038639876352397  
0.7579408543263965 0.4040404040404041 0.8922003804692454  
0.7211538461538461 0.4705882352941177 0.8979340117175455  
0.7672811059907834 0.43795620437956206 0.9068901303538176  
0.7566265060240963 0.4327868852459017 0.90182719108083  
0.7317620650953984 0.4075471698113208 0.8915211970074813  
0.7362385321100917 0.3954372623574144 0.9024465778878911  
0.7593818984547461 0.4258555133079848 0.9045383411580595  
0.7572590011614402 0.4888888888888889 0.9040150564617315  
0.7634285714285715 0.3785714285714286 0.8993455905266438  
0.7361111111111112 0.42424242424242425 0.896034967218233  
0.7714932126696834 0.45283018867924524 0.9057542768273716  
0.7490996398559423 0.45323741007194246 0.9080848447586842  
0.7370786516853932 0.38636363636363635 0.8909657320872274  
0.7427240977881258 0.38686131386861317 0.9000309501702258  
0.7368421052631579 0.4583333333333334 0.8997205836696678  
0.7565632458233891 0.43150684931506844 0.9059987631416204  
0.738532110091743 0.4233576642335766 0.9018023617153512  
0.7289940828402367 0.46511627906976744 0.899110702238577  
0.7605956471935853 0.4575645756457565 0.906832298136646  
0.7291428571428571 0.4452054794520548 0.8945886768845792  
0.7266514806378133 0.4436363636363636 0.8969168483338524  
0.7341176470588235 0.48251748251748255 0.9008674101610904  
0.7494199535962877 0.40293040293040294 0.903685351502013  
0.763938315539739 0.4477611940298507 0.9105441131263451  
0.7653179190751445 0.47183098591549305 0.9063763608087091  
0.7386091127098322 0.4338235294117647 0.9066912216083487  
0.7588571428571429 0.4300341296928328 0.8998748435544431  
0.7274826789838338 0.41568627450980394 0.8967005858772741  
0.7406542056074765 0.3940520446096654 0.8971904908922507  
0.7218934911242603 0.4645161290322581 0.8974758491741975  
0.7656065959952886 0.47422680412371127 0.9069478908188586  
0.7383059418457649 0.4057971014492754 0.9020321504397937  
0.7502850627137971 0.43884892086330934 0.901838578996572  
0.7534246575342466 0.48299319727891155 0.9010644959298686  
0.7410817031070195 0.4285714285714286 0.900588417466708  
0.7378410438908659 0.5070422535211268 0.9063948100092679  
0.7535885167464115 0.41924398625429554 0.9039233858510967  
0.7354988399071924 0.48727272727272736 0.9017663464518129  
0.7217496962332928 0.43333333333333335 0.8935513730330146  
0.7291399229781772 0.4123711340206186 0.9022465088038859  
0.7266514806378132 0.46808510638297873 0.8963795255930088  
0.7557160048134778 0.44128113879003567 0.9071340713407133  
0.7424593967517402 0.47311827956989244 0.9010238907849828  
0.746335963923337 0.3875968992248062 0.8984156570363466  
0.7445589919816723 0.3701067615658363 0.8959501557632398  
0.7449584816132859 0.4589041095890411 0.8999690306596471  
0.7382388419782872 0.44755244755244755 0.8999692212988611  
0.7238542890716805 0.3802816901408451 0.8925363889749148  
0.7337807606263982 0.4404332129963899 0.8994675853429376  
0.7191539365452407 0.3973063973063973 0.8942786069651741  
0.7181926278240189 0.40989399293286216 0.8944444444444445  
0.717391304347826 0.42696629213483145 0.8981339859284184  
0.7285382830626449 0.4106463878326996 0.8971904908922506  
0.7403055229142187 0.445993031358885 0.8970861748295103  
0.7356051703877791 0.4107744107744108 0.8992537313432836  
0.7455357142857144 0.40892193308550184 0.8996561425445451  
0.7358024691358025 0.42567567567567566 0.8980969920196439  
0.721153846153846 0.43243243243243246 0.9004944375772559  
0.7369696969696969 0.4271186440677966 0.905672009864365  
0.7255369928400954 0.4042553191489362 0.8970406905055487  
0.7539015606242496 0.4195804195804196 0.9041602465331279  
0.7198067632850241 0.4295774647887324 0.8936039360393604  
0.7233009708737864 0.40701754385964917 0.8976958525345622  
0.7444168734491314 0.44117647058823534 0.9038344491783323  
0.7305825242718446 0.4473684210526315 0.9004944375772559  
0.7435897435897435 0.3970588235294118 0.8985776128633272  
0.7435294117647059 0.43283582089552236 0.906962415280345  
0.7415990730011588 0.43866171003717475 0.9016089108910891  
0.7313769751693002 0.4221453287197232 0.898714330511132  
0.7467300832342451 0.4459930313588851 0.9011124845488256  
0.7602739726027398 0.483754512635379 0.9018997197134848  
0.7363304981773997 0.4895104895104894 0.9075268817204302  
0.7293577981651377 0.437956204379562 0.901180857675575  
0.7545045045045045 0.4342105263157895 0.8997477931904162  
0.7421965317919075 0.476510067114094 0.9047172758512965  
0.7313609467455621 0.4333333333333333 0.896551724137931  
0.7414403778040141 0.4344827586206896 0.8955686396033468  
0.7340553549939831 0.45070422535211263 0.9024315173899662  
0.7576470588235295 0.4026845637583893 0.8986318407960199  
0.7397590361445783 0.456140350877193 0.9030470914127424  
0.7283653846153847 0.39862542955326463 0.8991052144399878  
0.743276283618582 0.41698841698841693 0.9090355947672649  
0.7497194163860831 0.45018450184501846 0.9044347282948156  
0.740566037735849 0.5087108013937282 0.906162898730257  
0.7463768115942029 0.4788732394366196 0.9059040590405905  
0.7538280329799764 0.4375 0.89866749302758  
0.7405660377358492 0.4351145038167939 0.9028887523048555  
0.7672811059907834 0.43686006825938567 0.9041523571651577  
0.7651966626936829 0.4379562043795621 0.9055675176868655  
0.7153465346534654 0.4071428571428572 0.8998778998778998  
0.7529137529137531 0.4657534246575342 0.9004355942750467  
0.7440758293838863 0.45614035087719296 0.9026275115919629  
0.7302383939774152 0.44522968197879864 0.902557856272838  
0.7410071942446043 0.4483985765124555 0.8987380732533088  
0.7488038277511961 0.4697508896797153 0.9072990452725593  
0.7583046964490264 0.4552238805970149 0.9078498293515359  
0.7552941176470588 0.4444444444444445 0.9051456912585245  
0.7359617682198328 0.43866171003717475 0.9023941068139963  
0.7409988385598142 0.4682274247491639 0.9038701622971286  
0.7439724454649828 0.48201438848920863 0.8995334370139969  
0.7374701670644391 0.47940074906367036 0.9070266953053083  
0.7672811059907834 0.48135593220338985 0.9090909090909091  
0.7283511269276394 0.43971631205673756 0.9015128125964805  
0.7494089834515366 0.4460431654676259 0.9018518518518519  
0.7319461444308447 0.446969696969697 0.905269570514773  
0.7251732101616628 0.39583333333333337 0.8903426791277258  
0.7541371158392436 0.41114982578397213 0.9018879603837822  
0.7451868629671574 0.38888888888888884 0.8969621046038209  
0.7337278106508875 0.432258064516129 0.8943596135867872  
0.7617924528301888 0.4421052631578947 0.9037449705973383  
0.7274909963985594 0.39999999999999997 0.9001848428835489  
0.7274826789838336 0.406015037593985 0.8948019801980198  
0.744578313253012 0.38554216867469876 0.9059360730593607  
0.7572590011614402 0.44285714285714284 0.901023890784983  
0.7437070938215103 0.39999999999999997 0.9027863777089783  
0.7469342251950948 0.45818181818181825 0.8953634085213034  
0.7417840375586854 0.42176870748299317 0.8974518334369174  
0.7449101796407185 0.3629893238434164 0.9002463054187193  
0.7508690614136732 0.4740740740740741 0.9080779944289693  
0.7675194660734149 0.4322344322344322 0.901002506265664  
0.7294117647058823 0.4014336917562724 0.8933539412673879  
0.7274853801169591 0.44912280701754387 0.9013647642679901  
0.7448275862068965 0.4271844660194175 0.8960753532182104  
0.7600950118764846 0.4791666666666666 0.9078540507111936  
0.7374701670644391 0.4059040590405904 0.8976958525345621  
0.7331786542923434 0.38571428571428573 0.8938547486033519  
0.7259953161592506 0.4157706093189964 0.8956979263385949  
0.7690476190476192 0.4573378839590444 0.9031259671928196  
0.7439165701042874 0.4520547945205479 0.9018385789965722  
0.7538280329799765 0.4411764705882352 0.9078014184397163  
0.7643020594965675 0.4583333333333333 0.9044347282948157  
0.7433831990794016 0.46043165467625896 0.9014609884986011  
0.7453703703703705 0.4489795918367347 0.8970679975046787  
0.7461988304093568 0.46808510638297873 0.8980477223427331  
0.7403846153846154 0.4778156996587031 0.9095399814757642  
0.7563805104408353 0.3924528301886792 0.8995983935742973  
0.7349823321554771 0.4673539518900343 0.8988833746898264  
0.734321550741163 0.41454545454545455 0.8960149439601496  
0.7274749721913237 0.336996336996337 0.8897243107769425  
0.75177304964539 0.40131578947368424 0.8979464841319228  
0.73512252042007 0.3851851851851852 0.894655545257955  
0.743529411764706 0.44217687074829937 0.9012422360248447  
0.7239819004524886 0.39999999999999997 0.8948837209302326  
0.7672811059907835 0.4 0.8994082840236686  
0.7600896860986547 0.42857142857142866 0.8980490874764003  
0.7321212121212123 0.45847176079734214 0.8993205682520075  
0.733009708737864 0.43589743589743585 0.8983890954151177  
0.7482185273159144 0.393939393939394 0.901780233271946  
0.7611607142857143 0.40143369175627236 0.8968328629664473  
0.7549824150058616 0.3831417624521073 0.9046153846153846  
0.7484957882069796 0.4489795918367347 0.9052176597715343  
0.7403846153846154 0.48464163822525597 0.9070700833590615  
0.737888198757764 0.44210526315789467 0.9022602321319487  
0.7311586051743533 0.5159010600706714 0.8991228070175438  
0.7264150943396227 0.45925925925925926 0.9014171287738756  
0.7318840579710145 0.4444444444444444 0.9057414798894688  
0.7335640138408305 0.43571428571428567 0.8946223189306807  
0.7308132875143184 0.5106382978723405 0.9043315674665003  
0.7456445993031359 0.3942652329749104 0.8970223325062034  
0.7384259259259258 0.4015444015444015 0.898488120950324  
0.7292682926829268 0.41025641025641024 0.9006420055029044  
0.7716186252771619 0.4110671936758893 0.9055780617014647  
0.7302325581395348 0.46153846153846156 0.8969359331476324  
0.715311004784689 0.41379310344827586 0.8931439159975294  
0.7548076923076923 0.4589041095890411 0.904320987654321  
0.7465437788018433 0.4483985765124555 0.9038880248833592  
0.7177033492822966 0.39862542955326463 0.8940376892184122  
0.7468785471055619 0.43445692883895126 0.9029850746268656  
0.7338444687842277 0.44043321299638993 0.8966603654694391  
0.7449101796407185 0.4350877192982456 0.908138101109741  
0.7465116279069768 0.42567567567567566 0.8996259351620948  
0.7300115874855156 0.41007194244604317 0.8923363326093702  
0.704714640198511 0.4083044982698962 0.8969103701437748  
0.7395577395577397 0.42424242424242425 0.9000922225637873  
0.769942196531792 0.4296296296296296 0.9049241251161351  
0.7548076923076923 0.511326860841424 0.9097114489605957  
0.7573033707865168 0.42446043165467623 0.9036295369211513  
0.7563218390804598 0.3711340206185567 0.8985326256634404  
0.7634660421545666 0.41198501872659177 0.9034844279987666  
0.751131221719457 0.41403508771929826 0.8970266040688576  
0.7342073897497019 0.41025641025641024 0.9015990159901599  
0.7551487414187643 0.42023346303501946 0.9044231364058151  
0.7322929171668667 0.4583333333333333 0.9022510021584952  
0.7734553775743708 0.4642857142857143 0.9077881619937694  
0.748235294117647 0.482084690553746 0.9011537262238853  
0.7263803680981595 0.39705882352941174 0.8983826670735428  
0.7253521126760563 0.4597701149425287 0.9006459550907413  
0.7674684994272621 0.42704626334519574 0.9071651090342678  
0.7407407407407407 0.42524916943521596 0.9039057656540608  
0.7530266343825667 0.4381625441696113 0.9013824884792626  
0.7227101631116687 0.4444444444444445 0.9003373198405398  
0.755868544600939 0.4485294117647059 0.9067901234567901  
0.7386759581881533 0.43511450381679384 0.9052761493366246  
0.7425742574257427 0.42953020134228187 0.9011663597298957  
0.7437425506555424 0.42446043165467623 0.906067138897444  
0.7345971563981042 0.46048109965635736 0.898730257045525  
0.7287933094384708 0.43564356435643564 0.8976426799007444  
0.7346465816917729 0.43598615916955014 0.8960149439601494  
0.7332549941245594 0.4029304029304029 0.8975308641975309  
0.7393364928909952 0.4153846153846154 0.9006134969325154  
0.764018691588785 0.44520547945205474 0.9042288557213931  
0.7588495575221239 0.4372759856630825 0.904118201823326  
0.7400241837968562 0.3918918918918919 0.8954026535020054  
0.7353951890034364 0.44525547445255476 0.8995958967982592  
0.7441860465116279 0.37241379310344824 0.89120151371807  
0.7369640787949016 0.429090909090909 0.8995660260384377  
0.7479091995221029 0.4266666666666667 0.8980477223427332  
0.7557077625570777 0.43356643356643354 0.8988132417239225  
0.7497062279670975 0.4413793103448276 0.9047471300031028  
0.7352601156069366 0.4326241134751773 0.898974199564812  
0.7359617682198327 0.4372759856630824 0.9027093596059114  
0.7395957193816884 0.4391891891891892 0.9011465757669662  
0.743529411764706 0.47183098591549294 0.9027863777089783  
0.7542087542087542 0.43853820598006643 0.8959646910466583  
0.73943661971831 0.4326241134751773 0.8996904024767801  
0.7219512195121951 0.4304635761589404 0.8951264651449722  
0.7425860023724793 0.4482758620689655 0.901887960383782  
0.7511415525114156 0.4332129963898917 0.9000311429461227  
0.7524038461538461 0.477508650519031 0.9034844279987667  
0.7727272727272727 0.44522968197879864 0.9053420805998126  
0.7574750830564785 0.4685314685314685 0.9020472440944881  
0.7418181818181818 0.5 0.9120441311676373  
0.7479484173505275 0.41843971631205673 0.9024465778878908  
0.7293577981651376 0.3813229571984436 0.900772797527048  
0.7508854781582054 0.427536231884058 0.9071274298056156  
0.7233065442020665 0.4061302681992337 0.8978960396039604  
0.7418604651162789 0.445859872611465 0.8978056426332288  
0.7419738406658739 0.40466926070038906 0.9038579301898346  
0.7418604651162791 0.4187725631768953 0.8980477223427331  
0.7390243902439024 0.4135593220338983 0.90181594336719  
0.7367205542725174 0.3882783882783883 0.8967441860465116  
0.7505773672055427 0.4555160142348754 0.9051911718992851  
0.7420091324200914 0.42446043165467623 0.901557632398754  
0.7367178276269187 0.3740458015267176 0.8983102918586789  
0.7484811664641556 0.3929824561403509 0.8961916461916462  
0.7466986794717888 0.427536231884058 0.900768049155146  
0.7545045045045045 0.46643109540636046 0.9032258064516129  
0.7444574095682615 0.4895104895104895 0.9040670599192798  
0.7326266195524146 0.48727272727272725 0.9043209876543209  
0.7593457943925234 0.4203389830508475 0.9000933706816059  
0.7538644470868016 0.41522491349480967 0.9053803339517625  
0.7577497129735935 0.4154929577464789 0.9055780617014647  
0.7346938775510203 0.4429065743944636 0.894456623864704  
0.7590221187427241 0.4404332129963899 0.9045848822800495  
0.7610419026047565 0.4295774647887324 0.8970910228339067  
0.73621103117506 0.4982698961937716 0.9040419623572973  
0.7647058823529412 0.3882783882783883 0.9015735883986423  
0.7416267942583733 0.46621621621621623 0.8997524752475248  
0.7534883720930232 0.4476534296028881 0.903005887821506  
0.7561260210035006 0.44736842105263164 0.90165469871995  
0.748201438848921 0.4240282685512367 0.9023714197720973  
0.7415730337078652 0.4250871080139373 0.8942579228114214  
0.7307262569832403 0.4731182795698924 0.8946708463949842  
0.7330316742081447 0.4381625441696113 0.8989677822959025  
0.7439724454649829 0.37362637362637363 0.8962732919254659  
0.7502903600464577 0.41304347826086957 0.9085838239851255  
0.708433734939759 0.4686468646864687 0.897554936552151  
0.7815028901734102 0.4108527131782945 0.912064177722925  
0.7522123893805309 0.4175824175824176 0.901160966426106  
0.7447795823665894 0.3868613138686132 0.9027261462205699  
0.7373380447585395 0.38596491228070173 0.8972136222910218  
0.7363530778164926 0.43750000000000006 0.9007776049766718  
0.7377049180327868 0.4677966101694916 0.8964230171073096  
0.7502903600464575 0.4285714285714286 0.9014519616929255  
0.7308160779537151 0.4598540145985402 0.9048638727439584  
0.7358708189158016 0.4551724137931034 0.9024009978172748  
0.7285714285714285 0.43835616438356156 0.8960396039603961  
0.7477064220183487 0.3968253968253968 0.9049382716049382  
0.7467911318553092 0.4169611307420495 0.9001240694789082  
0.7367149758454107 0.47491638795986624 0.9033055298115539  
0.7363420427553444 0.4761904761904762 0.9021065675340768  
0.7450523864959254 0.4631578947368421 0.9031055900621118  
0.736 0.4280936454849499 0.8946708463949844  
0.75 0.44982698961937717 0.9004008633980881  
0.7291910902696367 0.4237918215613383 0.9012954966070327  
0.7298919567827131 0.4397163120567376 0.9042782394582949  
0.7380952380952381 0.4402985074626866 0.9054054054054054  
0.7407407407407408 0.41843971631205673 0.9040342298288507  
0.7579185520361991 0.3543307086614173 0.8995660260384376  
0.7286245353159851 0.4123711340206186 0.9014084507042254  
0.7485515643105445 0.4156862745098039 0.9038817005545287  
0.7200956937799043 0.4444444444444444 0.897003745318352  
0.7583148558758316 0.46808510638297873 0.9044025157232705  
0.741190765492102 0.4579124579124579 0.9001233045622689  
0.7095179233621755 0.44147157190635455 0.893120393120393  
0.7419354838709677 0.4402985074626865 0.9021065675340768  
0.7451923076923078 0.47972972972972966 0.9023485784919654  
0.7436823104693141 0.4332129963898917 0.9023341523341524  
0.7359999999999999 0.44884488448844884 0.9014438166980538  
0.7214285714285715 0.4398625429553265 0.8951438292607485  
0.7410071942446043 0.43223443223443225 0.9014430457476205  
0.7540603248259861 0.4429530201342282 0.9063670411985019  
0.7335722819593788 0.4666666666666667 0.8992872637124264  
0.7576099210822999 0.43382352941176466 0.9004680187207488  
0.7322274881516587 0.41134751773049644 0.900555898702903  
0.7525891829689297 0.4736842105263159 0.9044186775305547  
0.7403314917127072 0.43416370106761565 0.89490245437382  
0.7627695800227015 0.4395604395604395 0.9077881619937695  
0.7673568818514007 0.3900709219858156 0.9046304814474087  
0.7411042944785277 0.4301075268817204 0.9070336391437309  
0.7477064220183486 0.42105263157894735 0.8942937324602431  
0.7374562427071178 0.429090909090909 0.8985148514851484  
0.7348394768133176 0.44852941176470584 0.9043371270378345  
0.7245714285714285 0.4158415841584159 0.8907721280602636  
0.7348837209302326 0.4285714285714286 0.8965732087227414  
0.7251184834123222 0.4491228070175439 0.8933539412673879  
0.7348394768133175 0.44518272425249167 0.8988206083178151  
0.7482517482517482 0.41237113402061853 0.9001555209953344  
0.7355769230769231 0.4344827586206897 0.9000616903146207  
0.7390817469204928 0.4357976653696498 0.8991910392034848  
0.7176470588235294 0.44590163934426225 0.8918666251168589  
0.7188612099644128 0.4 0.895871842267406  
0.7417061611374408 0.38732394366197187 0.8986402966625463  
0.7299630086313192 0.46575342465753433 0.9015639374425024  
0.7365967365967365 0.4717607973421926 0.8948517940717629  
0.7428571428571429 0.431095406360424 0.8983156581409858  
0.7258601553829078 0.427536231884058 0.8948854722309381  
0.7201889020070837 0.42567567567567566 0.8928904067059918  
0.7470997679814385 0.429090909090909 0.9005268050821196  
0.7557160048134777 0.4187725631768953 0.906019656019656  
0.740484429065744 0.4166666666666667 0.8962293549392334  
0.7436208991494533 0.47619047619047616 0.9017554665845394  
0.7525891829689298 0.3686274509803922 0.9043209876543209  
0.7597765363128491 0.43262411347517726 0.9024160652651397  
0.7467608951707891 0.4755244755244756 0.9055435119231962  
0.7401197604790418 0.41044776119402987 0.9058570990493713  
0.7511627906976744 0.4013840830449827 0.8976671850699844  
0.7571265678449258 0.45652173913043476 0.902522578635939  
0.7597484276729559 0.4195804195804196 0.907097167225099  
0.7526377491207502 0.44927536231884063 0.9020092735703246  
0.7152941176470587 0.4529616724738676 0.8986674930275798  
0.7240566037735848 0.4132841328413284 0.9010785824345147  
0.7572815533980581 0.5066666666666666 0.9117283950617284  
0.7560693641618497 0.3848797250859106 0.9014962593516209  
0.7446808510638298 0.40138408304498274 0.901207804273769  
0.7385697538100819 0.4649446494464945 0.9018518518518519  
0.753309265944645 0.45454545454545453 0.9103788112103479  
0.7509025270758123 0.4397163120567376 0.9061827130113811  
0.7184713375796178 0.4014336917562724 0.8975757575757575  
0.7324913892078072 0.4511278195488721 0.89680818097304  
0.7177700348432055 0.42687747035573126 0.9003076923076924  
0.759725400457666 0.38655462184873945 0.9120541205412055  
0.7286245353159851 0.4140350877192982 0.9015892420537898  
0.7359617682198328 0.4428044280442805 0.9023341523341524  
0.7408284023668639 0.45484949832775917 0.9012422360248447  
0.7354368932038835 0.36559139784946243 0.9003373198405398  
0.7402912621359224 0.47017543859649125 0.9075268817204301  
0.7564402810304449 0.38545454545454544 0.9038639876352397  
0.7473309608540925 0.4417670682730923 0.9077017114914425  
0.7446300715990454 0.3882783882783883 0.9000922225637873  
0.7429274292742928 0.4632352941176471 0.9088136627020432  
0.7464788732394365 0.4428044280442804 0.9058932428262882  
0.7413587604290822 0.42033898305084744 0.8990712074303405  
0.761795166858458 0.42704626334519574 0.9029247044181704  
0.7564402810304451 0.4513888888888889 0.904407200496586  
0.7575392038600723 0.3714285714285715 0.9038402457757297  
0.7430555555555556 0.40579710144927533 0.8982630272952854  
0.7426470588235294 0.5051903114186851 0.9045719545872968  
0.7401960784313725 0.42524916943521596 0.8980597474591931  
0.7404063205417608 0.4713804713804714 0.8978308707953474  
0.7242603550295857 0.39726027397260266 0.8968081809730399  
0.7328605200945627 0.4647887323943662 0.8998144712430427  
0.7308584686774942 0.4647887323943662 0.8949658172778122  
0.733009708737864 0.4222222222222222 0.9009174311926607  
0.7375886524822696 0.5071428571428571 0.9054972205064855  
0.7281323877068558 0.49084249084249076 0.9053929121725731  
0.7325581395348837 0.4485981308411215 0.8953817153628651  
0.7667804323094425 0.451827242524917 0.9038944723618091  
0.7450980392156863 0.36101083032490977 0.9018648731274839  
0.7429906542056074 0.5054151624548737 0.9074589910244507  
0.7569528415961306 0.45454545454545453 0.9055675176868655  
0.7381242387332521 0.44897959183673464 0.9036626654355187  
0.7416267942583732 0.46779661016949153 0.9038045159294773  
0.7553551296505072 0.48648648648648657 0.9022320025149324  
0.7381242387332521 0.4233576642335766 0.8987457938207403  
0.7427912341407151 0.39705882352941174 0.8967441860465116  
0.7413793103448275 0.41355932203389834 0.9002149217070924  
0.7460122699386504 0.4221453287197232 0.9030674846625767  
0.7589285714285714 0.37630662020905925 0.9009745363093367  
0.7425860023724792 0.4487179487179487 0.8968526020567155  
0.7168949771689497 0.39200000000000007 0.8980852378011119  
0.7330316742081449 0.37630662020905925 0.8894456623864704  
0.7285714285714285 0.47191011235955055 0.9020571077678846  
0.7577497129735936 0.4413793103448276 0.9041523571651576  
0.7590361445783131 0.4315068493150685 0.9056138186304751  
0.7336561743341404 0.47750865051903124 0.9024315173899661  
0.7570754716981133 0.46975088967971534 0.9038639876352396  
0.7137637028014616 0.4354243542435424 0.9015892420537898  
0.7311586051743533 0.4166666666666667 0.8962939894113984  
0.7539149888143177 0.42804428044280446 0.8952797749296655  
0.7612293144208038 0.4551724137931034 0.90272614622057  
0.734646581691773 0.43571428571428567 0.9046879850977957  
0.7377049180327868 0.47887323943661975 0.9020458772473652  
0.7558139534883721 0.44982698961937717 0.9063763608087092  
0.7259073842302879 0.4044943820224719 0.8993329290479078  
0.7561837455830389 0.38235294117647056 0.9034844279987667  
0.7600000000000001 0.4697508896797153 0.9050417568821528  
0.7403055229142185 0.45487364620938625 0.9054388133498147  
0.7350230414746544 0.4135593220338983 0.8890971571383943  
0.7538802660753879 0.39705882352941174 0.8946708463949843  
0.731535756154748 0.4587813620071684 0.8991336633663366  
0.7419354838709679 0.3944636678200692 0.9036482694106642  
0.7407407407407408 0.4492753623188406 0.9057071960297767  
0.7575418994413408 0.36296296296296293 0.8946545795561113  
0.7453271028037384 0.3864406779661017 0.9032057267351385  
0.7161997563946407 0.453074433656958 0.8948670377241805  
0.7468208092485549 0.41481481481481475 0.901207804273769  
0.735632183908046 0.4555160142348754 0.8994708994708995  
0.7505938242280285 0.4520547945205479 0.9021671826625387  
0.7356321839080459 0.44043321299638993 0.9014609884986012  
0.7522727272727272 0.4372759856630824 0.9023400936037442  
0.7161066048667438 0.45353159851301117 0.8960396039603961  
0.746987951807229 0.4329896907216495 0.9041011409189023  
0.7290969899665551 0.4181184668989547 0.8924528301886792  
0.7377049180327869 0.519298245614035 0.9054263565891473  
0.7158145065398336 0.34814814814814815 0.8939440516446359  
0.7210103329506313 0.44827586206896547 0.8922884795504215  
0.7594654788418709 0.4182509505703423 0.9060256009990633  
0.7257683215130023 0.40569395017793597 0.897126969416126  
0.7494305239179954 0.43445692883895126 0.9027648337993166  
0.7362514029180695 0.45421245421245426 0.8975  
0.7470997679814385 0.4529616724738676 0.9038880248833593  
0.7520564042303173 0.43571428571428567 0.9031858954531395  
0.7415730337078651 0.43262411347517726 0.8959899749373434  
0.7583815028901734 0.4421052631578948 0.9060360920970753  
0.7398843930635838 0.4646464646464647 0.9063085571517802  
0.7398843930635837 0.4157706093189964 0.9006211180124224  
0.7347417840375587 0.4264705882352941 0.9006172839506174  
0.7499999999999999 0.4529616724738676 0.9053929121725731  
0.7438202247191011 0.3943661971830986 0.895924764890282  
0.7674684994272623 0.3917525773195876 0.89875  
0.7729918509895227 0.43137254901960786 0.9119999999999999  
0.7476851851851852 0.40714285714285714 0.9055900621118013  
0.7367205542725173 0.4421052631578947 0.8982259570494864  
0.7279322853688028 0.4181184668989547 0.8941538461538462  
0.7474285714285713 0.41825095057034223 0.9051456912585244  
0.7393364928909953 0.43902439024390244 0.9038045159294772  
0.7714932126696833 0.4779411764705882 0.9108478802992518  
0.7637231503579953 0.43010752688172044 0.9054511857098861  
0.7608951707891638 0.48708487084870855 0.907521578298397  
0.7377049180327868 0.46048109965635736 0.896551724137931  
0.7483296213808464 0.42402826855123676 0.8941250392711279  
0.7402912621359223 0.4785714285714286 0.9049079754601226  
0.7594070695553022 0.40892193308550184 0.9061528899937851  
0.7576470588235293 0.40310077519379844 0.9054054054054055  
0.7544483985765125 0.4100719424460431 0.9010175763182238  
0.74 0.4154929577464789 0.9060975609756097  
0.7413587604290822 0.41549295774647893 0.9021906818883061  
0.7374429223744293 0.4044117647058823 0.9017412935323383  
0.7351598173515982 0.44194756554307113 0.8984787333126358  
0.7683352735739232 0.4222222222222222 0.9044822256568777  
0.7540229885057471 0.40425531914893614 0.9009962640099626  
0.7417061611374408 0.4041095890410959 0.8996282527881041  
0.7230046948356806 0.39583333333333326 0.8939205955334988  
0.7441314553990611 0.4516129032258065 0.9019486545004641  
0.7457627118644067 0.41549295774647893 0.9028887523048557  
0.7447306791569086 0.4522968197879859 0.9005268050821198  
0.7497034400948991 0.5050505050505051 0.9088089330024814  
0.7517241379310345 0.41911764705882354 0.9062693978895097  
0.7387802071346375 0.37121212121212127 0.8969359331476323  
0.7525195968645015 0.39855072463768115 0.9001564945226918  
0.7122641509433962 0.4482758620689655 0.8952262864228147  
0.7505720823798626 0.42798353909465026 0.9054511857098861  
0.7552941176470587 0.39857651245551606 0.9007114135477885  
0.735224586288416 0.41403508771929826 0.8988555521187751  
0.7445589919816722 0.4100719424460432 0.896358543417367  
0.741339491916859 0.4172661870503597 0.8981366459627329  
0.7505827505827506 0.430976430976431 0.9005920847616079  
0.7338804220398593 0.39189189189189194 0.8951788491446346  
0.7188264058679708 0.49333333333333346 0.9038817005545287  
0.7182448036951502 0.3773584905660377 0.8957624497370863  
0.7465437788018433 0.4148148148148148 0.9008059516429014  
0.7264367816091954 0.4275362318840579 0.8931013051584835  
0.7403189066059226 0.41666666666666663 0.8963376784605835  
0.7300469483568075 0.4028776978417266 0.8985776128633273  
0.7326266195524146 0.43109540636042404 0.8985148514851485  
0.734321550741163 0.4493670886075949 0.8943550930305896  
0.7532777115613827 0.47183098591549305 0.9108299907435977  
0.7407407407407408 0.41522491349480967 0.9016845329249618  
0.7325581395348838 0.3357664233576642 0.8941176470588235  
0.7449101796407186 0.4366197183098592 0.9053929121725732  
0.7341176470588234 0.4452554744525547 0.9037037037037037  
0.7442424242424244 0.37499999999999994 0.8980716253443526  
0.7354988399071924 0.42611683848797255 0.8981625661787606  
0.7565118912797282 0.437037037037037 0.903145437558393  
0.7234567901234569 0.4233576642335766 0.9036585365853658  
0.7490996398559425 0.4359861591695502 0.9043800123380629  
0.7598152424942264 0.48083623693379796 0.9081283089380255  
0.7444051825677268 0.45079365079365086 0.90125  
0.7409144196951934 0.45482866043613707 0.9028213166144201  
0.7439293598233997 0.4452830188679246 0.9019730660820545  
0.7427912341407151 0.4222222222222222 0.903005887821506  
0.7488687782805431 0.4375 0.8984962406015039  
0.7327188940092165 0.45993031358885017 0.9005920847616079  
0.7716727716727718 0.4222222222222222 0.905648854961832  
0.7446300715990454 0.4631578947368421 0.9028077753779697  
0.7291666666666669 0.4592592592592592 0.8996904024767802  
0.7428571428571429 0.44827586206896547 0.899196042053185  
0.7597633136094676 0.430976430976431 0.9062693978895096  
0.7455197132616489 0.43356643356643354 0.9071274298056156  
0.7270588235294119 0.4184397163120568 0.8954207920792079  
0.7543252595155708 0.4420289855072464 0.8990996584911518  
0.7377049180327869 0.37837837837837834 0.9000307597662258  
0.7473053892215568 0.356060606060606 0.9004594180704442  
0.7262044653349001 0.4081632653061224 0.8928238583410998  
0.7407407407407408 0.44522968197879864 0.9014609884986011  
0.7227722772277227 0.42320819112627983 0.900398406374502  
0.7683073229291716 0.3861003861003861 0.9028117359413204  
0.7456037514654162 0.4520547945205479 0.8990369680024852  
0.7531003382187147 0.4857142857142857 0.9033468877072256  
0.7233009708737863 0.4655737704918033 0.9044822256568779  
0.7424749163879599 0.4407894736842105 0.8972494467277901  
0.7331838565022422 0.4428044280442804 0.8965948141205873  
0.7272727272727272 0.4752475247524753 0.905463474524248  
0.7210718635809987 0.4318181818181818 0.9008844159804819  
0.7326968973747018 0.3938223938223938 0.8956228956228957  
0.7333333333333334 0.4187725631768953 0.8921355299968916  
0.7397899649941657 0.45229681978798586 0.9013647642679901  
0.7590909090909091 0.47826086956521746 0.9008728179551122  
0.7375565610859727 0.4226415094339622 0.8982892690513219  
0.7583046964490263 0.41496598639455784 0.8995933687832344  
0.7546296296296295 0.4907063197026022 0.9080779944289694  
0.7362385321100918 0.48201438848920863 0.9029247044181704  
0.7379553466509988 0.41605839416058393 0.8978079654214264  
0.7279151943462897 0.4014084507042254 0.8932219127205199  
0.7615658362989324 0.43598615916955014 0.9047029702970297  
0.7304347826086957 0.4460431654676259 0.904602255409936  
0.7407407407407408 0.43321299638989175 0.9003076923076924  
0.7473806752037253 0.45833333333333337 0.9027043829654958  
0.7516778523489932 0.4834437086092715 0.9008838383838383  
0.7440191387559809 0.4556962025316456 0.9022415940224159  
0.7427884615384617 0.3970588235294118 0.9030674846625766  
0.7441314553990609 0.4414715719063545 0.9019607843137255  
0.7547619047619049 0.42142857142857143 0.9007398273736129  
0.7319461444308446 0.43321299638989164 0.9015290519877676  
0.7268408551068885 0.39575971731448767 0.898425439950602  
0.7488479262672811 0.40727272727272734 0.8959950325985719  
0.7531003382187148 0.4404332129963899 0.901875  
0.7418604651162792 0.4599303135888502 0.898974199564812  
0.7410817031070195 0.4084507042253521 0.8981625661787606  
0.7354368932038834 0.4 0.9016949152542372  
0.7571265678449258 0.4615384615384615 0.9034676663542642  
0.7610208816705335 0.45229681978798586 0.9077353215284251  
0.759725400457666 0.3875968992248062 0.9071782178217821  
0.7163461538461539 0.39855072463768115 0.8974201474201474  
0.7364787111622555 0.4210526315789474 0.8937637104356001  
0.7491408934707904 0.4930555555555555 0.9047767717764597  
0.7426470588235294 0.3984962406015038 0.903107861060329  
0.7374562427071178 0.45993031358885017 0.9012422360248447  
0.749090909090909 0.4710144927536233 0.908979466748391  
0.7453874538745388 0.4246575342465754 0.90948143602332  
0.7277167277167278 0.4366197183098592 0.9021772462434835  
0.7482517482517482 0.3893129770992366 0.8976572133168927  
0.7435897435897435 0.41353383458646614 0.902469135802469  
0.7597765363128492 0.46464646464646464 0.8991172761664565  
0.7134071340713407 0.4157706093189964 0.8960880195599024  
0.7655172413793103 0.41666666666666663 0.8989394884591392  
0.7396937573616019 0.38732394366197176 0.8950789229340761  
0.7482837528604118 0.4326241134751773 0.9008728179551123  
0.7428571428571428 0.43478260869565216 0.9076354679802955  
0.7334109429569267 0.4511784511784512 0.8971321695760598  
0.7296340023612751 0.4252491694352159 0.8930348258706468  
0.7582938388625592 0.4244604316546763 0.906230721776681  
0.7586206896551724 0.4727272727272727 0.9070197044334974  
0.751219512195122 0.447457627118644 0.9030470914127424  
0.7540983606557375 0.38202247191011235 0.902867715078631  
0.7323943661971832 0.4571428571428571 0.900990099009901  
0.759725400457666 0.45090909090909087 0.9032659409020216  
0.6968641114982579 0.4135593220338983 0.8940149625935162  
0.75 0.36177474402730375 0.8966801116971765  
0.7517401392111369 0.4565916398713826 0.9044186775305547  
0.7709750566893423 0.4477611940298508 0.9091474797759801  
0.7365911799761622 0.43356643356643354 0.9039827107131831  
0.7377450980392158 0.39999999999999997 0.8984088127294981  
0.752336448598131 0.449438202247191 0.908361616784943  
