0.16567152686527345 
0.1687427968142128 
0.16017719165572358 
0.1764967748527249 
0.16829443388883908 
0.1632870673396084 
0.16303110324960188 
0.1723591607324981 
0.16998186254117498 
0.16399422950735254 
0.16940283763466404 
0.17718578166047147 
0.17317684755943993 
0.1726586274985419 
0.1736347636429514 
0.16860709876882513 
0.1688389988769051 
0.16139039316011144 
0.1784693065945366 
0.1674066112137884 
0.1634368725480709 
0.16562029295857575 
0.15851808888614982 
0.17400528692343806 
0.17325623682497754 
0.17751606241535764 
0.1636072565894993 
0.15930173343102158 
0.1635707947246622 
0.1701769385164045 
0.16729460481182032 
0.17172022295091408 
0.17000885851471398 
0.16245266924574325 
0.1736606740702382 
0.172004510052741 
0.16648416881429018 
0.16677416267034587 
0.1649338012488087 
0.15674961615347552 
0.16895071589849073 
0.16120856535753036 
0.16832040701499731 
0.1616423959139885 
0.17094968190580814 
0.17203209035536363 
0.1653306678956239 
0.17406816525842042 
0.1661433453555169 
0.17099727920958407 
0.16537670860445336 
0.16355602162581068 
0.16379118522642921 
0.16897979039297423 
0.17406715492791694 
0.17658909123178473 
0.17204481549570777 
0.16493247910022082 
0.1673247668894567 
0.16542730546746542 
0.16440622059677895 
0.1660825836905811 
0.1736357316645156 
0.16719493232908655 
0.1697218108291678 
0.17050609967987868 
0.16259705469323565 
0.17525104074478892 
0.17010685902440328 
0.16756581672565807 
0.1740921306635418 
0.16621176842363744 
0.17022924482318733 
0.16643227811351138 
0.16748768082956683 
0.16827378772430532 
0.17299235059443438 
0.1715904213427772 
0.17421369466023462 
0.1678574219316956 
0.16061532958589056 
0.17781715948754473 
0.1722383913638032 
0.1646443344796506 
0.1731677879689284 
0.1670976247354983 
0.16963410266770212 
0.17243820154912848 
0.17237844113767137 
0.16604130502872463 
0.17104904981523197 
0.17972537610157105 
0.18105304526970245 
0.17325745092191674 
0.1670492519275876 
0.16923112791401154 
0.1566190169271282 
0.16531273382762926 
0.166064644966395 
0.16266540081455377 
0.16537220992409396 
0.1624239084980685 
0.16602953466416187 
0.1617981632403964 
0.1668559811731012 
0.16981026626381387 
0.16871682813986907 
0.17553061705567563 
0.16908684780896874 
0.16441909078092856 
0.15897727451910365 
0.16152653827663505 
0.16880241182304626 
0.16167701173317545 
0.1577824733933636 
0.16174764569294323 
0.1660319620309278 
0.16990850464588614 
0.17262783862384598 
0.17516796682093724 
0.1749641774563859 
0.16111552490618858 
0.1675114777896847 
0.16481047687263742 
0.1590933794948533 
0.1673338208215678 
0.17321567119225129 
0.17738197137562078 
0.1702865280821859 
0.16700739191398495 
0.16865501210841236 
0.17406128947366864 
0.16644246255780545 
0.17857957793423196 
0.167137079291091 
0.16828942021046248 
0.16670283729506058 
0.16048051209829162 
0.17137105447061932 
0.1622685486845307 
0.1617519881401179 
0.1678485445186168 
0.17056899937704206 
0.16423559966890508 
0.1698081091416512 
0.16712975233685132 
0.16736105867134562 
0.1630133124073978 
0.17768821699498202 
0.17276839536553193 
0.1612697911290371 
0.1627122854701458 
0.16997016745673968 
0.17624079290430983 
0.16395152848895964 
0.17624483847668088 
0.16730614498776467 
0.16892505978100156 
0.16467256726503762 
0.17180986037271204 
0.17853611665043292 
0.15583531732084413 
0.17081306829809637 
0.1739655573473073 
0.16748337355009965 
0.16615432000413774 
0.16490055014935256 
0.1697458409969761 
0.16355006907626363 
0.1710663286091174 
0.16795996048123046 
0.16197303020257475 
0.16845814811431153 
0.1649358067521509 
0.17060978061509552 
0.16906042909431707 
0.17909902782425305 
0.16177358755846827 
0.15776169880998608 
0.17336372570528819 
0.17022489325289653 
0.17065370214535927 
0.16207557376033246 
0.16312933313437467 
0.16731769894558174 
0.1695584729638102 
0.17115125745300677 
0.16494450452308967 
0.17042923658680503 
0.17031968021545243 
0.17904206179198554 
0.1730247317411088 
0.17189987394884015 
0.16621206057426502 
0.17262754468068395 
0.16862635432139864 
0.1700964505999203 
0.17474573218716377 
0.17015285578165654 
0.16230815474194232 
0.17455698835301928 
0.16316181758226908 
0.1692391713429384 
0.16761623518704488 
0.17538241096323265 
0.1620576664963865 
0.17052917447613872 
0.16104917441619124 
0.16971304820623329 
0.17269829368903655 
0.16924759492115402 
0.17031258170193234 
0.162709827668563 
0.16470422714467384 
0.17288123201458058 
0.1683737808484757 
0.16570612171294885 
0.1731903897545612 
0.1626127642540151 
0.171009940844985 
0.15728495118284214 
0.16776851565859452 
0.16993257673926004 
0.17702385235043525 
0.1702144963868673 
0.16001255491258912 
0.1653283934960752 
0.16906457562162203 
0.16528860338908768 
0.17746364969320705 
0.17559942659292505 
0.16711612612142554 
0.16873709877198104 
0.16645179340607685 
0.16535238545582293 
0.16892984537452072 
0.16975699967849614 
0.16491234591290355 
0.16266839554844228 
0.1621333068270017 
0.17276963516566468 
0.1637566500683696 
0.17682266746646774 
0.17377330905655655 
0.16975325134321462 
0.1709638599624491 
0.16753708909964152 
0.16017355283799886 
0.17600354600148208 
0.15682439638501885 
0.1683386656008089 
0.1700106300557609 
0.1742766472139452 
0.17027376518837947 
0.16355071935080054 
0.16466406009617282 
0.1693714563675376 
0.16658183419985764 
0.16527398839842364 
0.16913734586240928 
0.1703349528100815 
0.16462384962653165 
0.16332318873399856 
0.16525185735020007 
0.17603106927250436 
0.1700023002829596 
0.17566716792763523 
0.17401365729280988 
0.16192537435123414 
0.16955315445709726 
0.17296017270240793 
0.15527101776452468 
0.16860319415128966 
0.15760575730142995 
0.1629283653047984 
0.16460363465914019 
0.16539928374500346 
0.16361595679050936 
0.1702954362792376 
0.18150744023737203 
0.1784066669659499 
0.17231343454112427 
0.17160556067822347 
0.16590823026931978 
0.16888891136938616 
0.1634843269550969 
0.1712584134157694 
0.1670973105639001 
0.15934315484741074 
0.1635564313113419 
0.1698238507830322 
0.1719772639892601 
0.17081471496331874 
0.16646508727464362 
0.17028642195269023 
0.175849497550007 
0.16329310285989407 
0.1623848988749765 
0.16835169905908828 
0.1623693978272194 
0.1652983670716579 
0.16467050827865207 
0.1653707110709265 
0.16867278155474943 
0.1696127808456526 
0.16878567388881432 
0.1588754522952659 
0.1728790891409283 
0.1671089612697833 
0.17347553094662924 
0.17431931124565944 
0.15773204318098435 
0.16305562854757757 
0.16852873112046723 
0.16394789526558773 
0.1718562122190902 
0.16653534393541292 
0.17264193156872085 
0.17539665972701124 
0.17146335418127237 
0.16602407351440873 
0.16632360018487566 
0.17478247106065084 
0.1686572311420858 
0.17020114232914654 
0.16502184670371745 
0.1734353513103815 
0.17912500857689992 
0.16926154641197205 
0.16223569973472762 
0.16855783419650305 
0.16473484493161827 
0.17920474020714566 
0.16833653827011236 
0.16478085711246968 
0.16137152915391623 
0.16991678846902464 
0.1588696805887832 
0.1623386834120189 
0.16489067947941602 
0.1685539201689507 
0.15951722205356958 
0.16903537621995687 
0.16654040369667655 
0.1606139177898761 
0.17056643810405456 
0.16668316040326867 
0.16072863288504852 
0.16516257303788892 
0.17188753864709422 
0.16832865795221064 
0.16963782427468266 
0.1718488801637031 
0.17321013557016313 
0.16783740821900767 
0.17441037304127285 
0.17184850252400338 
0.15815778703409672 
0.1699011877954083 
0.16941841885213832 
0.17383324871579434 
0.16675010014426347 
0.1682921814800286 
0.1695119648539785 
0.1621613398680745 
0.16733374659922973 
0.17564583258945582 
0.16746329466484436 
0.1682435912385251 
0.16672581259698283 
0.15947260232900493 
0.16723581970662182 
0.1691278487190888 
0.17344904290562627 
0.16864970539365481 
0.16149353127785254 
0.16637114112520665 
0.16189403130170757 
0.16768805177914792 
0.16853763836393837 
0.1693757727478229 
0.16491717006515644 
0.16312125478881062 
0.16360745160563675 
0.17107093266678547 
0.16970330027059047 
0.16640786044229647 
0.16529722186603532 
0.16599051118903 
0.16406537561268936 
0.166739961566577 
0.16639745681437387 
0.16738674136677947 
0.17726691682879692 
0.16494891461820452 
0.16352858158881187 
0.17564621788170434 
0.17260704328972978 
0.16524091423608342 
0.17500324203984463 
0.16303501286836825 
0.15880305070409043 
0.16598180695732428 
0.16869627869846135 
0.16171239408433585 
0.16511498529150873 
0.1651810276058269 
0.16485758929962255 
0.17556289360797303 
0.16633259203848352 
0.1734331407825332 
0.16769336879238372 
0.17507028512403372 
0.15632267619343457 
0.17064800526009796 
0.15911382131217922 
0.1716847762738331 
0.17934203974175517 
0.1637251192555193 
0.1775630844915781 
0.1748777005903159 
0.16611782787113796 
0.16921087106586372 
0.16815536766248265 
0.1752264698870877 
0.16132823409784755 
0.15788225078193407 
0.1741496072960185 
0.169464176711021 
0.16259899761734076 
0.1673053636879015 
0.17019256751835982 
0.16477772685938608 
0.16911457598615215 
0.16856375313933547 
0.16154450717447652 
0.17568797102455716 
0.16661670953890348 
0.15919374643228917 
0.17034697947733507 
0.1672375270159326 
0.17381242964713794 
0.16290712316555794 
0.16857455856772874 
0.171698427498253 
0.17059935786587363 
0.17723056765767342 
0.16663332758913027 
0.1624748553533171 
0.1604726550579518 
0.16211949793037103 
0.1614391784625105 
0.17132205758630908 
0.1590435856297519 
0.1743395361330875 
0.16835491443953157 
0.17171792983175307 
0.1705403128371445 
0.1685826676578537 
0.16848130092856006 
0.1724569121830575 
0.175800424116493 
0.16490635859757527 
0.16578979684587644 
0.17255437138446664 
0.1618164663055309 
0.1631768254333633 
0.16960348738392622 
0.17130165059434144 
0.17464674868927227 
0.16726123166075055 
0.169901869470132 
0.167548056514601 
0.17166537136749663 
0.16254540690580413 
0.17179769553241075 
0.1659474087710377 
0.17624175264471328 
0.16302407085059017 
0.16681494151741352 
0.16362692559527325 
0.1696406090253215 
0.17072919729286135 
0.17317976308649274 
0.16985547498558992 
0.16380646285394837 
0.17046086930067866 
0.16901281116807465 
0.16942987428791514 
0.1661618747692903 
0.16320831026967908 
0.1629509600651185 
0.18102716879523964 
0.16338079684853976 
0.17390269391900806 
0.17971881538802956 
0.1678259973647101 
0.17349638568305187 
0.16733615449470868 
0.17089664032166776 
0.16169845537354274 
0.17806705485471014 
0.16647597190331892 
0.16228066009109385 
0.17019986650610272 
0.16670900725377596 
0.15718821361030316 
0.16513256554035502 
0.16724282596170767 
0.17046881414112697 
0.1657958734817533 
0.16950652553340836 
0.17449032240999357 
0.1716432952930929 
0.17316470519748717 
0.164660445153229 
0.1665713051008054 
0.17197269700488238 
0.1723249070314527 
0.171603484172019 
0.16724446953789662 
0.16239915496097254 
0.1619180164436586 
0.16476383202157951 
0.17060584761912875 
0.16960275491248808 
0.16553305454349687 
0.1736810734782889 
0.17076814058403683 
0.17194410137648056 
0.16945617966032228 
0.16207853512779544 
0.16580669564845416 
0.17285242270785262 
0.17175348620939151 
0.16489287942387493 
0.16765971734001875 
0.16313948044533044 
0.1619928458969151 
0.17209490076219042 
0.1669834799883427 
0.1722863936976073 
0.16839568731451088 
0.1741886127001851 
0.165019168838628 
0.16257990743395676 
0.16873966386090342 
0.1702634733299032 
0.16226360652405233 
0.16719314253059092 
0.16358708095125918 
0.16887870719273712 
0.1588712641178326 
0.17706452298986777 
0.17671819835129368 
0.16313920229085685 
0.16919991274530635 
0.17238136832509376 
0.17422861257669567 
0.16423639005333207 
0.1640832374484213 
0.16398091991504202 
0.17645007409824645 
0.1680723963718352 
0.16520545111600962 
0.16632907292283935 
0.1678622696613414 
0.1661101030357433 
0.1626841768783207 
0.1670952016726535 
0.17596640246099185 
0.17244982496361472 
0.16979839726859577 
0.15568101252608235 
0.17248885901568622 
0.1692672118491619 
0.16467417037418233 
0.17589736822334792 
0.16957670692585156 
0.16779898149043676 
0.16925986618595915 
0.16893817867833946 
0.16594254977031053 
0.16670680753145134 
0.16667833197767862 
0.17097322711671356 
0.16925533900777062 
0.16830105699821762 
0.17389580051631506 
0.17887546274452662 
0.1676296064927911 
0.17259448667912444 
0.1675005762905754 
0.17476452427478342 
0.16473453237456778 
0.16693206806260516 
0.1644159865579761 
0.17701726923355687 
0.1733977301231691 
0.16369034284971318 
0.17071795221078548 
0.17257930781973105 
0.16177209314677482 
0.16399853033542852 
0.15882409830421593 
0.1680345209526851 
0.16262924397096878 
0.17231092858209646 
0.15651330631507354 
0.16295673054495877 
0.17781524766211926 
0.165505588340212 
0.16474907610771394 
0.17968806820767777 
0.16584243001306528 
0.1749552363208398 
0.17283405164906862 
0.16517159106113793 
0.16970396839230267 
0.16529178619965806 
0.16970256566144454 
0.16737783038738416 
0.17274161057057388 
0.16688457657749528 
0.17115479806435957 
0.16407360613024105 
0.1647156072979791 
0.16869542917677047 
0.17118458559834557 
0.16518304851405943 
0.17043776123901339 
0.1642646934623229 
0.17169840913853252 
0.1675811965322945 
0.1627658759679016 
0.17252137744264698 
0.17305962945207237 
0.16806430895743596 
0.15964038523096896 
0.17535355239319053 
0.167636831551444 
0.17078447132282415 
0.15577259210324743 
0.16698275366290644 
0.16770651972412678 
0.16334231817684058 
0.16771594781881785 
0.16728417403611698 
0.1697567617067414 
0.16579706622695145 
0.16887274184871193 
0.17344444912421808 
0.1667650696714831 
0.16788755922304563 
0.1705402835013149 
0.16923966473596885 
0.1689340877142929 
0.15890386794890016 
0.16539583897201 
0.16022274348853127 
0.1630040044011993 
0.17486121517062325 
0.16282944999056456 
0.16286105047434377 
0.1675866341725902 
0.1649160282067966 
0.17055656716193143 
0.1622872912491941 
0.17213923100748363 
0.18047892383895067 
0.1760593563741524 
0.17002404479794336 
0.1733975970578715 
0.16777499952355415 
0.16586997010982402 
0.1736386221190107 
0.16415299333643646 
0.17266277376327144 
0.16665143223415257 
0.16690144996682382 
0.16907555465295107 
0.16088343813795863 
0.16424383770605433 
0.17602282241483022 
0.16468860037695887 
0.17539528703189647 
0.16323448704040544 
0.16611121024964115 
0.16840668403247203 
0.16524214539576487 
0.16610957480113064 
0.16361472197531646 
0.16579115937109046 
0.16288317457007584 
0.1668241251992982 
0.17333169763677353 
0.16952386619741433 
0.16680799286088402 
0.16537018005775384 
0.16655300203543144 
0.1734925698736759 
0.16122292232543592 
0.1663060288150054 
0.16462978166823075 
0.17131966070586704 
0.16986956421431815 
0.16870323330764825 
0.16649091980656666 
0.16995180613538652 
0.17253344516346422 
0.17239221350465328 
0.17013660506196396 
0.16753662831233482 
0.16153790274533614 
0.16617092219416077 
0.1659075331675426 
0.16879608744155683 
0.17655152447413508 
0.1716950151522339 
0.1705287508419879 
0.16997375742021226 
0.16142261517938092 
0.1619471772528074 
0.16636038766904454 
0.1574843747247982 
0.16117814708416514 
0.16918388135163634 
0.16837793571682227 
0.16454119766839342 
0.1702810222352277 
0.17073180764327717 
0.16899146695040915 
0.16371614098776185 
0.1700931402673335 
0.1682276001219704 
0.1710130612734952 
0.16790448556239515 
0.16288585009932802 
0.16212407770388138 
0.18050909181667693 
0.16739627906430088 
0.17169795808617486 
0.17334903804746304 
0.16763122709625888 
0.1692249081333252 
0.16506889377457024 
0.17116263252240327 
0.1671787938193712 
0.1680189328560966 
0.16263127003219444 
0.1668485871045684 
0.16336437411434093 
0.16084092423661578 
0.16337032658573 
0.1661831926148116 
0.16111914476254222 
0.1712157444187291 
0.1596059388560854 
0.16005565768040164 
0.16856160192974534 
0.1752322265331328 
0.16188436575463877 
0.17013546277211805 
0.16815028450739633 
0.1804772697376537 
0.1723244524382478 
0.17184328976201826 
0.17404429624412243 
0.1735480904811974 
0.17556528004481883 
0.1696323684083432 
0.1707241139193064 
0.16917952170404202 
0.17073753076024742 
0.1586224439656306 
0.16623728896739687 
0.1682625748355815 
0.16518041975998662 
0.16788577850850717 
0.16456317670179124 
0.16085511968697175 
0.15930212126283963 
0.17803758121944044 
0.1624430445050173 
0.15901300152919698 
0.171124294101495 
0.16979843939821995 
0.1735466873253021 
0.16036055221912307 
0.16972442261338624 
0.1682160215061329 
0.16581050766938563 
0.1604559798142023 
0.16606757674731193 
0.16648646848881488 
0.1678291054672591 
0.16638179277426268 
0.17283062289916273 
0.16792813946413143 
0.15360053770349896 
0.16211758777267132 
0.18324425802578798 
0.17355271708204972 
0.17550486333123114 
0.1699911338746989 
0.17667222831781546 
0.16966009083370942 
0.17350081187374014 
0.1702702391878249 
0.16717339377465626 
0.1661331637667508 
0.16686795743082114 
0.17597200874234872 
0.1692201823957014 
0.16971538144964043 
0.16078373833780335 
0.16504984157975325 
0.16766840464003088 
0.16892369186322653 
0.16696500017618437 
0.16847513803753328 
0.16582880530346622 
0.16728969408832817 
0.17048297129509307 
0.17398553987310167 
0.17417945094723672 
0.17535831503358404 
0.16443337773659267 
0.16696997239317166 
0.16184380585985098 
0.16705653785985186 
0.16715423975710336 
0.16660145100116142 
0.17783699424573143 
0.16719218948918152 
0.1709205174288782 
0.16683560150547913 
0.15931593570790398 
0.16842177092283586 
0.1761005432178942 
0.1669410382435185 
0.176289933669349 
0.17173205552403215 
0.1668471424689856 
0.1734911496607122 
0.16826150288007155 
0.17262459691165968 
0.16016046797149472 
0.16865174860701007 
0.1626484095912091 
0.16990212727585222 
0.16627206672524575 
0.16708558763235706 
0.1700307098740484 
0.15990742011425949 
0.16892899280499318 
0.16405427218118224 
0.16941774347617783 
0.17064279991446998 
0.16513493407285093 
0.16548302355645034 
0.16731021565565068 
0.16387654209899796 
0.16829203035246512 
0.16258389715634 
0.15627793916573499 
0.16127210396361372 
0.1730408639092947 
0.1720119481854288 
0.16964379668289026 
0.16647155462062807 
0.16205381855064263 
0.16719325394136555 
0.16796597251148532 
0.172580707144929 
0.1718757261365799 
0.17116328997393068 
0.16294307869958732 
0.17037009897721664 
0.16333704576392188 
0.16308575460048078 
0.16953274605315485 
0.1616018431013593 
0.16592003693676002 
0.1637332539748383 
0.1655693450281244 
0.1686619257279058 
0.165804548029107 
0.16723060626928574 
0.174976094105016 
0.17144916797793563 
0.17970007902574997 
0.17892691274312572 
0.16475274907056123 
0.1747700882682091 
0.1724828305614051 
0.16528064463380684 
0.17345552970362849 
0.1688364527421158 
0.17437330049116667 
0.17596357084260147 
0.1747279370931693 
0.1667875370932731 
0.17127505212660765 
0.1655183610537643 
0.16787804880653404 
0.17299115702891335 
0.17138248899848668 
0.16463116323294144 
0.1665639214596735 
0.1695840658573496 
0.16778657473072525 
0.16173365526504488 
0.16662770873987934 
0.16164028624615281 
0.16221491092302437 
0.17193655584417614 
0.17152445598802307 
0.16790335106125812 
0.1799266929612052 
0.1677081658467531 
0.1674760681569075 
0.17699608181671034 
0.17101070046264077 
0.1644072654686149 
0.16983793064798178 
0.15197516536708622 
0.16409836240409326 
0.16881451827907373 
0.1681529137971273 
0.16340027792274806 
0.17224368025539777 
0.15708449708669225 
0.16646614991002698 
0.17297724198634576 
0.17626265456101198 
0.17270976736434868 
0.1672414445786595 
0.1725321386949963 
0.16652875980023912 
0.167192727441654 
0.17661514374452905 
0.17349954322586605 
0.15967361739345506 
0.16364098942385594 
0.16339315878888572 
0.166357969105707 
0.16467558857702366 
0.16191025773194728 
0.16440724187078415 
0.16749927509605356 
0.16585227301855518 
0.16742164943308244 
0.16358376163288027 
0.17392407649673752 
0.17177195295865116 
0.1707778855848749 
0.16719377387616657 
0.16540415943788248 
0.1658010224621006 
0.17104336437905598 
0.16239864602908513 
0.16827402878974568 
0.1641091719927557 
0.17453785897228996 
0.17157862538997146 
0.1616572331733385 
0.1553005939514947 
0.16581143051718628 
0.16756675873056398 
0.1670539127752547 
0.16376043247654287 
0.17045715428805427 
0.17914239224698497 
0.1733412366956864 
0.1616770096251609 
0.16552492252532747 
0.16047775146244048 
0.16087865304788157 
0.1647070914853369 
0.16498865073299854 
0.17224565512642667 
0.1765928656573316 
0.17044849363788356 
0.17120554336674634 
0.16968331731763409 
0.17816426034157556 
0.1644974403362001 
0.16856717575662425 
0.16016700156717764 
0.1763642358217761 
0.1741386212221627 
0.1640045801355457 
0.1720867513742773 
0.16735424062138785 
0.16803454461362177 
0.1695443035582486 
0.1669156799577036 
0.16318422491202672 
0.1748020965619262 
