0.08545449894764412 
0.091661638352067 
0.08409494332379015 
0.0883371818042236 
0.08819404425198571 
0.08785760090389712 
0.09069674496951304 
0.08487893120535527 
0.0901067326020963 
0.08759166842650162 
0.08600427071847407 
0.08825759387087366 
0.0880332369358724 
0.08657828441000473 
0.08953205599040125 
0.08944541644464597 
0.0851565634070658 
0.08287621294070549 
0.08694286022510489 
0.08393468174746714 
0.08702194747961714 
0.08660994505034976 
0.08419490309829657 
0.09109834053582633 
0.08877352551390391 
0.08425024670681526 
0.0828955481625571 
0.08722657044065989 
0.0830118539962816 
0.08249484914927666 
0.08170879604698017 
0.08529384229023988 
0.08395978527350162 
0.08495652384864648 
0.08154835192673575 
0.08921682491786852 
0.08861093766670457 
0.08870194274814222 
0.08151369316284485 
0.08435040707671165 
0.08523715511170528 
0.08639724769715205 
0.09307874519612344 
0.08812850447674161 
0.08413547026316615 
0.08621517752663836 
0.08230771537827837 
0.08119427744357544 
0.0833404180012234 
0.08446044368853209 
0.08401643575383307 
0.09054115467941995 
0.08763466914800788 
0.08292447135356251 
0.08518385209800465 
0.08435994850585705 
0.08469495201115047 
0.08810400674173915 
0.08649849341394102 
0.08491482737107225 
0.08479482640920585 
0.08743523323980612 
0.08425071205046718 
0.08447949396160398 
0.08319845631502518 
0.0894668052914158 
0.0897916363582939 
0.0866782808591783 
0.08570689225610495 
0.07827495475287508 
0.08896077219911862 
0.08732458784336083 
0.08667691222811544 
0.08548112973827385 
0.08391481866193042 
0.08193392138882451 
0.08581827876804475 
0.08685632449205163 
0.09069438031815483 
0.08202492618928955 
0.09042577530303852 
0.0849107739737146 
0.08315558281523196 
0.08617603251236397 
0.0926425922080434 
0.08478270275805065 
0.085159312702047 
0.08480159043172372 
0.09404032101163852 
0.08332242560256964 
0.09099791156457109 
0.08704582581044154 
0.08220759451616942 
0.08511008488314072 
0.08270866777932573 
0.08847732117151404 
0.08651164573677893 
0.09055261577389534 
0.0846542556389364 
0.08618732681434509 
0.08704184513926291 
0.08516621800297466 
0.08467085047798376 
0.08137518839141263 
0.09118299006624606 
0.08521294298658379 
0.08574789019744647 
0.08741402451798022 
0.08299351080395098 
0.08489816717911712 
0.08584663456352411 
0.08844287370046648 
0.08014844841125891 
0.08810113051272803 
0.08889797043394831 
0.08227894329844383 
0.0842840161283791 
0.08785440995785981 
0.08286721546853731 
0.08645355662386868 
0.08303846641946827 
0.08483205640288681 
0.0885195488727011 
0.08625070355684822 
0.08847237991783384 
0.08421387020711855 
0.0805234690158594 
0.08304180874763141 
0.0891745751859147 
0.08642548422467398 
0.0865035557626452 
0.08635615136898421 
0.09047890196483785 
0.08713187422108057 
0.08475817652321385 
0.08613350221116466 
0.08269695087745624 
0.09047469769582847 
0.08594912724739034 
0.08818918348990645 
0.0825954260453395 
0.08160353018871862 
0.08209399875050837 
0.08617843610682141 
0.08699882560855852 
0.08508641799304054 
0.08282013630579 
0.08637297532657753 
0.0890359252272052 
0.08774388741203684 
0.08606465702852459 
0.08885608068253259 
0.08783647129344552 
0.08451453440665671 
0.08435858826875225 
0.08518749934853545 
0.08692419126817877 
0.081356924782566 
0.08410251009681495 
0.08491640098896856 
0.08529174890976826 
0.08382297385391364 
0.0862172419902561 
0.08516621655061876 
0.08286668164396223 
0.08336365638959815 
0.08158468444208646 
0.08982060222626882 
0.08910031378231976 
0.08777481494524625 
0.07803254174079156 
0.0883837070912486 
0.08015796437279235 
0.08496370729983664 
0.08355222516883708 
0.08374272025716173 
0.08212404788114523 
0.08394339024630947 
0.08694101953501326 
0.08576385223384682 
0.08563399473246898 
0.08976420203460733 
0.08709715325170582 
0.0794586271270339 
0.08613120128539982 
0.08505051900174136 
0.08563097827742742 
0.0828316705407092 
0.0871929137442914 
0.08661898779674411 
0.08881278579901879 
0.08121070910486478 
0.08416807804070994 
0.08344003041231503 
0.0833287933253843 
0.08317313741539087 
0.08647598841346904 
0.08202052309472953 
0.08427732729943747 
0.08814994561161833 
0.08328407436435134 
0.08836522560500794 
0.09212861354394848 
0.07871052177607513 
0.08130223793772218 
0.08387393020467439 
0.08348153428889375 
0.08209478101055433 
0.08768907045278379 
0.08334811835068444 
0.08571165610425013 
0.08772286450163337 
0.08417432618120384 
0.08665503638721424 
0.08896077520606206 
0.08820366518016272 
0.08926967172160546 
0.08755326406103424 
0.087228913037937 
0.08884064690446333 
0.08676988676847552 
0.0861062739169736 
0.08556585205301942 
0.08095594254569018 
0.08489729837322497 
0.0893005819580568 
0.08919534745171354 
0.08617782981494924 
0.08885449328443368 
0.08696230131894286 
0.08849310930241369 
0.08241707112923342 
0.09198089247162049 
0.09220298949822825 
0.08805252668809589 
0.08228924709104764 
0.08630259087339168 
0.08666715510368005 
0.08428264363350174 
0.08438301446803602 
0.08363380408380704 
0.08613062834636358 
0.08132222253207455 
0.08060157731975282 
0.08235789809439537 
0.08477113938158476 
0.08596645726234801 
0.08503464616867303 
0.0855493891350571 
0.08991393271850255 
0.08362610101294637 
0.08812113704516483 
0.08559126955932377 
0.08330988043069937 
0.0836608517172363 
0.08609310582713987 
0.08546644057215752 
0.0847977171826208 
0.08620910041544508 
0.0876951540694632 
0.08711742703622183 
0.08255022545898485 
0.08718222685959666 
0.08738450488301056 
0.0836595936534799 
0.08124726076094384 
0.08041782034440946 
0.08202012059243909 
0.0830623637184693 
0.08852348483920819 
0.08485943282865398 
0.08388569360935388 
0.08960370489794375 
0.09088061088299021 
0.08952980981387712 
0.08528514232735623 
0.08317130474166913 
0.09122704188880355 
0.08171701690001038 
0.08574324971694446 
0.08417390742269805 
0.08395985316531954 
0.08439681139716379 
0.08879104657386581 
0.08768900780655374 
0.08475561573933088 
0.08555382686266026 
0.08303676148481882 
0.08531128054121478 
0.08892420100097152 
0.09160535842560184 
0.08850772941712724 
0.0866863121025753 
0.08740719154856194 
0.09045436459486066 
0.0792758786448298 
0.08789407441951477 
0.08528863866882307 
0.08612321430083014 
0.08343033075903167 
0.08961294369329101 
0.0858270308308971 
0.07835575577801963 
0.08117617441667553 
0.08874210832564661 
0.09099488204645134 
0.08118338385322174 
0.08767710094565571 
0.08345135883084549 
0.08503464236643701 
0.08479819458526246 
0.09094719723671281 
0.08476425957769204 
0.08465317555928267 
0.0848646839375722 
0.08513883060434035 
0.08518290063678398 
0.08132967975364779 
0.08304668470119304 
0.08672753956298201 
0.08220483390591081 
0.09059528004738211 
0.09066082475692964 
0.08200797567638542 
0.08356887882925927 
0.08556561163760405 
0.08453248650281361 
0.08277248103260246 
0.08992676356171085 
0.08509722693879011 
0.08286543543526466 
0.08758487015696147 
0.0860709070882736 
0.08562951381315842 
0.08823599494467292 
0.08308085451021144 
0.08290207646582383 
0.08530454553546252 
0.08493062190106158 
0.08759541137569031 
0.08711204557739617 
0.08664546763285186 
0.08575468152546091 
0.08970983076774613 
0.08579145783331825 
0.08059643442282562 
0.08854463193103254 
0.08823066437224117 
0.08556150440519583 
0.0846067911238913 
0.0834581823017955 
0.07932406852155137 
0.08191002554692287 
0.08243162591335115 
0.08367504139867485 
0.08362724857402414 
0.08636521702424069 
0.08642006058276393 
0.08331492747104596 
0.0818745930849259 
0.08678578832252894 
0.08261791193237861 
0.08422644267285201 
0.08495150612574011 
0.0843909778809762 
0.09333976201943758 
0.08164951951463655 
0.08663201191505622 
0.08644795040020394 
0.08639141786464076 
0.08842399613134651 
0.0864911920729572 
0.08219928266116552 
0.08806745338672603 
0.08500892047268674 
0.08342479036504274 
0.0794127012869996 
0.08029905313428368 
0.08611450255564912 
0.0927227509108575 
0.08533793419567479 
0.08100331509235542 
0.08440898401082442 
0.09089326411943563 
0.08392268816467241 
0.08330884498510123 
0.08407461535122583 
0.0861405329806659 
0.08257235824196586 
0.08397425518024552 
0.07993414758078217 
0.08482358170888103 
0.08825883582093462 
0.0861160603349064 
0.08664992591775438 
0.08018102942110772 
0.08459535050224697 
0.08033143949379622 
0.08393106001324734 
0.08382798061109882 
0.08703299319980863 
0.08329678640866325 
0.09076488142348026 
0.08378585034523614 
0.09229625368849735 
0.08864837996727298 
0.08085595591158465 
0.08768101811749673 
0.08738909560806073 
0.08852318926745689 
0.08988900724598478 
0.08762545400514198 
0.08422403573733378 
0.08394845877428214 
0.08606495502739046 
0.0838633872180655 
0.08537469994094343 
0.08600891291388224 
0.07851937270489463 
0.08414930828685104 
0.08683668115633719 
0.08319989747846726 
0.08382396814527562 
0.08431240330129437 
0.08728039116281625 
0.08689902646415709 
0.08586650686604211 
0.09163637819886374 
0.08254482614788188 
0.08937994333578042 
0.08947257193252597 
0.09026198947615273 
0.09106597162409179 
0.08367302730643739 
0.07933829800648878 
0.09038702095828445 
0.08990250924607249 
0.08546113176566392 
0.08403633462435194 
0.08587638322657866 
0.08815607420886257 
0.08738797702066813 
0.08615591163557307 
0.08942604893817561 
0.0873779916820608 
0.08643914133541969 
0.08660276771403008 
0.0833512437990378 
0.0859250930424841 
0.08439099966955238 
0.08533117120241021 
0.08720447563172687 
0.08491027709037731 
0.0898537947226178 
0.08412146652026752 
0.08436911659370605 
0.08386861060009115 
0.08337521303590259 
0.08600711923723026 
0.08505684827860138 
0.08442227723330853 
0.08719934614144807 
0.08666823755727475 
0.09031023721946069 
0.08721499828438076 
0.08452183056078194 
0.089819793127813 
0.08153987932899204 
0.08932136836631326 
0.08382546943757008 
0.08985278570212757 
0.08309200427568134 
0.08237765731737358 
0.08188184376426243 
0.0867054254568727 
0.08687647027667657 
0.09030021933275995 
0.08622553868527778 
0.0844437578801784 
0.08716018978996162 
0.08991425689199532 
0.08723537666631342 
0.08322472395368022 
0.08614993721458142 
0.08829396701879527 
0.08452696319034242 
0.08640801541741848 
0.0848138409163849 
0.08259202782864673 
0.08504304139338614 
0.08344705043147987 
0.08606669325190255 
0.0865125408145834 
0.08585904787087756 
0.08238342781878952 
0.08835937319663609 
0.08287101325738006 
0.08646461588319168 
0.08387083310215467 
0.08769961919040788 
0.08587414093739619 
0.08485800433725144 
0.08704477171330226 
0.08411001907639011 
0.08747976792915943 
0.08384405155733042 
0.09020427339864515 
0.09021219920980249 
0.08767274674181913 
0.0837378513719809 
0.08477364533927255 
0.08890510266053774 
0.08149506253607931 
0.08454591897561228 
0.08393864242390726 
0.08906684073650994 
0.08597636675836158 
0.08952952187631388 
0.08524687137178101 
0.08000912663819483 
0.0853087889264302 
0.08606082166944051 
0.08571948455243406 
0.08302090246204634 
0.08327025918796478 
0.08744550097827637 
0.08759589147338089 
0.08900553949821441 
0.08470481712332949 
0.0885811071012598 
0.07992416512439945 
0.0841023844259113 
0.08401300394376607 
0.08361445967832436 
0.08599790516680172 
0.0873880621256873 
0.0883099713543157 
0.08651505544471302 
0.08034862700658571 
0.08690302356801093 
0.084034241627351 
0.08758268939513107 
0.08582623032603096 
0.08573941187481837 
0.08167659015552173 
0.0875430905190595 
0.08779895124441248 
0.09062728729627954 
0.08334328203469982 
0.08458430271130543 
0.08423044342472169 
0.08826565077418824 
0.0843780913578607 
0.08515532715024725 
0.08421473172707448 
0.08789966503928175 
0.08318564866307161 
0.08087274459963516 
0.08984386194130076 
0.08632858690097615 
0.08162863565070005 
0.08683535891098139 
0.08563188344347737 
0.08680036831604616 
0.08772264528665903 
0.08693555182911834 
0.0854071130204133 
0.08341655612467239 
0.08308289698535949 
0.08284648057935264 
0.0829783441974001 
0.08239077099682617 
0.08911650030550153 
0.09297934979171829 
0.08323157228521574 
0.08638598923175955 
0.08463210484880847 
0.08497578856311949 
0.08184610756759778 
0.0911780009089698 
0.08551543578237947 
0.08872976683119267 
0.08838173499223767 
0.08597955558398496 
0.08707387055007111 
0.09214828980029942 
0.08545030810099788 
0.08605803508287721 
0.08772064168832638 
0.08466395747075944 
0.088243992627437 
0.0849488180452241 
0.08745450577399423 
0.08740563856836958 
0.08955861638254714 
0.08675836868636005 
0.08860154124656949 
0.0828351060158733 
0.08759333171151612 
0.08437479679707648 
0.08669150304011974 
0.08886294605840968 
0.08571356943262069 
0.0885133642544302 
0.08005462602061601 
0.08760920559235702 
0.08520314280981524 
0.0844465524838902 
0.08545307025783554 
0.08635231458606975 
0.08738853361428765 
0.0875626852722374 
0.08831829605630724 
0.08193466134484761 
0.08616450417934436 
0.08694715938744751 
0.08602665588678736 
0.08685216137358058 
0.08214783337637882 
0.08558820575618332 
0.08124689263659626 
0.08505870420246249 
0.08357602012912643 
0.08178777729519814 
0.08711508728566848 
0.08653229138350486 
0.08425748530878821 
0.08594648303230973 
0.0856000080319582 
0.08539478619101647 
0.0871485734357182 
0.08927715399057838 
0.08488903662505208 
0.08605917027910293 
0.08099400997933622 
0.08975829750565831 
0.08477395115928844 
0.0845365771383755 
0.08389212998156816 
0.08252478887834445 
0.08194485765650861 
0.08828351863361729 
0.08581996153467233 
0.08274035429166085 
0.08189188299319046 
0.09111670438010583 
0.08279440032159721 
0.0874079288691805 
0.08321558977688447 
0.08587404568717777 
0.08931047820942097 
0.08391967016913159 
0.08689482960490041 
0.0869705884692957 
0.083676074185169 
0.09309696589683926 
0.08249657395073326 
0.08548148335506683 
0.09045941737825566 
0.08752377739543751 
0.08404854736220199 
0.08587528966759723 
0.08419640068589421 
0.08533581664600051 
0.08711460012863856 
0.08574873043327677 
0.08921265343152218 
0.08122552009942051 
0.08630905916870686 
0.0851128032307321 
0.08629133640488773 
0.07805852053517057 
0.08391225951733546 
0.08572254938220765 
0.08937020808679944 
0.08709151539233297 
0.0857356649618396 
0.08462202993114504 
0.085849666249459 
0.08406275568881742 
0.08634732369778313 
0.09253102831137329 
0.09186614007148357 
0.08617185833137422 
0.08835150880863253 
0.08730383897670281 
0.09363927097711197 
0.08586230379410308 
0.08592510597596875 
0.0868768196281943 
0.08849170059518983 
0.08730005050288231 
0.08396069587906169 
0.08725072506053 
0.08532172292647981 
0.08841238971708856 
0.08524159707605752 
0.08426810644250922 
0.08458767618518799 
0.08258590344242993 
0.0889135458237027 
0.08534983458626642 
0.08339652204700895 
0.08461391224690508 
0.0868615480355774 
0.08380747443969323 
0.07769972924514391 
0.08635099426215241 
0.0861425326636063 
0.08237438731540232 
0.08748720524807388 
0.08528023621258415 
0.08683820756577518 
0.08695087605495254 
0.08419973192037156 
0.08670889868138558 
0.08699524057909519 
0.08036245022884753 
0.08403645872370252 
0.08278664105711665 
0.08917454862619996 
0.08853991068583587 
0.08530501378060305 
0.08349805752053775 
0.09080164092960709 
0.08555070369614724 
0.08871719161999331 
0.08595197252118787 
0.08483962320255949 
0.0879854140855265 
0.08601659126072206 
0.08447200635066307 
0.08743487412538675 
0.08581712175362158 
0.08584398573602253 
0.08573899490358983 
0.09273382946850874 
0.08646005928801777 
0.08782470674705402 
0.0818071735890273 
0.08455234753633349 
0.08538555039410495 
0.09442689506288776 
0.08480481047820543 
0.09103817077267268 
0.08243094082461543 
0.08309009987838259 
0.08763811369208488 
0.08323715901257343 
0.08730666049268755 
0.08848498171118245 
0.08380796059369269 
0.09062583291905119 
0.08529372422017734 
0.08400849314272435 
0.08269792749904856 
0.08751787129238144 
0.0859107355298051 
0.08656549685656494 
0.08764238848527316 
0.08771302128969134 
0.08585311668437073 
0.08383435461554674 
0.08463905339936113 
0.08652882899843463 
0.09031023781838561 
0.08961497463359251 
0.08796757410062932 
0.08360254172288101 
0.07903733636752479 
0.08852730783778372 
0.09014895558826477 
0.08516287180650128 
0.0894403315721639 
0.08544905503636602 
0.08708074175031029 
0.08288202184562456 
0.08510238341221327 
0.0875585678611523 
0.08299275419467828 
0.08439678640411329 
0.08596195602935747 
0.08222585626297468 
0.0833647876629307 
0.0852126949357499 
0.0892150610104414 
0.08122123956512986 
0.0794721098398175 
0.08643906570976445 
0.0873870435448355 
0.08717486253447583 
0.08226484881455724 
0.08775232202901224 
0.08578871702179336 
0.08734418359419664 
0.08861260850704974 
0.09064085570240218 
0.08921303163257965 
0.08843008118917801 
0.08924454414819609 
0.08702173517965653 
0.0809951885349497 
0.08363871979344735 
0.08536876744554656 
0.08815765003900174 
0.08717959824416179 
0.08680661931869751 
0.08666765901210854 
0.08732427307793958 
0.0839743765081628 
0.08956668703562111 
0.08820995082819208 
0.08636972844520713 
0.08711391538712218 
0.08400251320782275 
0.08413896840464025 
0.08692479134047747 
0.08761994175393564 
0.08853867534408556 
0.0838445605619048 
0.08571096981502774 
0.09038373978990052 
0.08688149995041766 
0.08143378714175996 
0.08713010806476795 
0.08417347855147961 
0.08706687332283553 
0.08561069387265167 
0.08703983101519128 
0.08473463240661558 
0.08432980174649655 
0.09026388398860455 
0.08077607517402174 
0.08557060779955096 
0.08264347397764218 
0.08691095499669922 
0.0832123008971887 
0.08440427952637779 
0.08537225557113179 
0.08399329738849992 
0.0859540924200993 
0.08607892162565814 
0.0839880759065875 
0.08657350015626068 
0.08590400236360984 
0.08366598836670261 
0.08643063756611125 
0.0882025048479509 
0.08505225272822127 
0.08099178299306839 
0.08842632325141571 
0.08915062602270807 
0.09000603309857858 
0.08119829905949648 
0.08544929302486833 
0.07948728312355434 
0.08701140014315269 
0.08742697494162122 
0.08711014384883217 
0.08232750040018973 
0.08802928153630464 
0.08472669874398679 
0.08472020668884482 
0.08252103976444167 
0.08832238568965434 
0.08375568727862871 
0.08612752879312315 
0.08499295632577987 
0.0898136620851555 
0.08307895377312562 
0.08527203754688839 
0.08345583173305333 
0.0917842482249674 
0.0880800314259961 
0.08562674018284804 
0.08624616420523824 
0.08664786647032821 
0.0856976979074863 
0.0847014398697952 
0.08584837159893938 
0.08483646402998127 
0.08782409754263648 
0.08469150021622483 
0.0904957873630021 
0.08812385462463623 
0.08393391093277942 
0.08532082432393001 
0.08777124928489434 
0.08313942408549725 
0.08688277693878041 
0.08468365093210875 
0.08659301980039695 
0.08256026406409124 
0.08560638712343498 
0.08122092783739303 
0.08741941547112225 
0.0865888195356869 
0.0824646312322523 
0.08665891107894869 
0.08503180131505324 
0.08148874316854435 
0.08660921956828627 
0.09065558747979084 
0.08389922807545716 
0.08897048566261424 
0.08470461189874458 
0.08226629024386418 
0.087880223195856 
0.08836486422010514 
0.08561444100526382 
0.08912870926640783 
0.07925565342512221 
0.08659560992180103 
0.0824101091149706 
0.08780061001477958 
0.08961321171765765 
0.0899635421781882 
0.08667748133834731 
0.08245944214684815 
0.08298189366293093 
0.08375810400410735 
0.08427641851761097 
0.08819654748457686 
0.083814996729834 
0.08068463433933026 
0.0824799832715668 
0.08739096528531766 
0.08979252767536794 
0.08591837691668738 
0.09186617505868762 
0.08981421441273212 
0.0903383292980639 
0.08404844377662296 
0.08838276093443018 
0.08867613513147418 
0.08828052415509126 
0.08757955828178342 
0.08204517737442096 
0.08562833128004904 
0.08100858979354358 
0.08058096630663611 
0.0848665092706387 
0.08825308402566447 
0.085242973261794 
0.08894403815308626 
0.08650783076249892 
0.08517933126465418 
0.09072961478127406 
0.08598965217866313 
0.08528681365173266 
0.08975560576721062 
0.08537554227901484 
0.08040542081087157 
0.08716628323064271 
0.08618785761632877 
0.08273793701731647 
0.0853891487554433 
0.09021904154984112 
0.08822958540281209 
0.08542978566730215 
0.08386747511711547 
0.08781171544608787 
0.090026284170639 
0.08739869485883404 
0.08579327071546972 
0.08165927168559085 
0.08249506867593866 
0.08490338399892156 
0.08770254253925457 
0.08660428181864481 
0.090841904969786 
0.0901277329117129 
0.08459241213640356 
0.08608886743474246 
0.08529249040667557 
0.08763717191748753 
0.09041729639032149 
0.08709378508589463 
0.09117160976910388 
0.08627080874183002 
0.08357606279736733 
0.08994452680065881 
0.08351677588175878 
0.08631391782579846 
0.08524106479834312 
0.09045014361412267 
0.08714198059105674 
0.0822596128120748 
0.0879340901060561 
0.0854326709169997 
0.08139122675064989 
0.08422184311848822 
0.09050730574866928 
0.08410775834874629 
0.08055567541725442 
0.07988012764160665 
0.08426690212695764 
0.09140703438146779 
0.08454226017365518 
0.08766028242947953 
