0.23267483661166188 
0.22528093126428858 
0.23013916120309244 
0.2165057609147258 
0.2310867956023507 
0.23747936495195265 
0.22671143094420668 
0.22941111353827004 
0.23982082370408817 
0.23592123747366184 
0.234181960315962 
0.22298846660411645 
0.21759231518175087 
0.2243667296712403 
0.2168781501680426 
0.22538540891340925 
0.22935846929918685 
0.23522474133274332 
0.22615646887820587 
0.22910140489694425 
0.23778468905365316 
0.22897293959477444 
0.24497274588318163 
0.23291422791430025 
0.22723138866292042 
0.23477667064761726 
0.22768422429948126 
0.23617156584485618 
0.22446977356455408 
0.23802515988730466 
0.23196338807936032 
0.2259245226985846 
0.2186700993361988 
0.23043118770997315 
0.2333555121297001 
0.22035021757705048 
0.22596425042546303 
0.2243983584428228 
0.23443138685581882 
0.2297888900560053 
0.23127352785829713 
0.2249761543389378 
0.22416460520033232 
0.23166103527074947 
0.2334801581297493 
0.229187330146043 
0.24245872295619794 
0.22495742633190594 
0.22787033732569784 
0.23092921432612115 
0.22850184682605165 
0.23012435365982287 
0.23380557585568587 
0.22533256261539747 
0.22791313302637856 
0.22677485551145038 
0.2291477348667418 
0.2258529642492593 
0.226822062895936 
0.23142034811259732 
0.22688129873840487 
0.23877256730834967 
0.22361294245477034 
0.22954866394135887 
0.22710751579870692 
0.2350999959581669 
0.2331215079534928 
0.22236049435474695 
0.2332912440040296 
0.23045348893981243 
0.23067850007641943 
0.23460820647767308 
0.22082138847212207 
0.2340219987178154 
0.2279292596038184 
0.23768431251313535 
0.2311526760055326 
0.22994367505008664 
0.23187889239028306 
0.23347571596169714 
0.22264371875810304 
0.2205133155019479 
0.23281107680339658 
0.2319238300131639 
0.23212373365334737 
0.2330733209524917 
0.22150730768253477 
0.2183535553335284 
0.23032812797458305 
0.22992342302958632 
0.2329512093085255 
0.21743936382890897 
0.2416080464156368 
0.22407116021801818 
0.22815229532441944 
0.2353600763329859 
0.21925960075811077 
0.22752303349447203 
0.22823795774744016 
0.2328084275463132 
0.2138007782750427 
0.23746491345459197 
0.22685042163773947 
0.2344857931549111 
0.22092976999128383 
0.22818505538748837 
0.23239746729721256 
0.22381187421852217 
0.23977863676369768 
0.22699578090474212 
0.2293472239712825 
0.23657911106117893 
0.23640605333941703 
0.22332394475293085 
0.22985215332548103 
0.24213102303116601 
0.22451602939640208 
0.22650965651130162 
0.22652700393086045 
0.2329637304132597 
0.23942389804691924 
0.23513110543554872 
0.22608796046987129 
0.2233624689963803 
0.23310459750828014 
0.23096004606336132 
0.22077242702265404 
0.22432968003961182 
0.22609148419741684 
0.23297519689332127 
0.2315772212455675 
0.22474660262520496 
0.2268740206145448 
0.2235629384273686 
0.22394024939304552 
0.22970081848170648 
0.2323293300460254 
0.23031949222654421 
0.2261657623963538 
0.23218703099204907 
0.2364262462006481 
0.22442515538306906 
0.23365052490485091 
0.23579511803314906 
0.24224184540838542 
0.23089368939698948 
0.22711822536433787 
0.22745996530624238 
0.2188513535291447 
0.22110230064882394 
0.22933985806480425 
0.22672487247490847 
0.22634090071304858 
0.2341243067048129 
0.2213505358582057 
0.21963554896162948 
0.22516908873940117 
0.22396375097662907 
0.22604209839352377 
0.22741035524465528 
0.23310116484625956 
0.2429354830532256 
0.21615222833184528 
0.21788401342909633 
0.23092602455242206 
0.2196107274557981 
0.23726295107484835 
0.22304247314711262 
0.2179643287442306 
0.22750347553761074 
0.22886194819650207 
0.233041320959234 
0.22430509026258186 
0.22852645766028948 
0.22735667196875878 
0.22633373589600125 
0.22254973877246859 
0.22828419575768857 
0.231319510663993 
0.23129278074689152 
0.2327638526825473 
0.23247034419733012 
0.22717442955883016 
0.2318489445275399 
0.2391063410796716 
0.2348753094883055 
0.22077656684914093 
0.22965545025128833 
0.22087710509788117 
0.2241774776773742 
0.2234146661233307 
0.23209206266701643 
0.23158248553182556 
0.22442427135587464 
0.231828749193157 
0.23331664798841958 
0.223781752048489 
0.2272020270007512 
0.22686910737949773 
0.2216412585852029 
0.22689127669352652 
0.23311308757285798 
0.2317660464462153 
0.23012120805440658 
0.23021810241132423 
0.22386085054855048 
0.23444463605057997 
0.2245986478743055 
0.22882585851953188 
0.22242476409483036 
0.22186292409474725 
0.22637537432581614 
0.232356974579105 
0.2367368783964007 
0.21972552097007433 
0.22190682918569518 
0.22791339243947914 
0.2328712418697071 
0.24090278238288262 
0.23776248281591572 
0.22671116071920558 
0.22655792572166475 
0.22894913771295566 
0.2237338191854639 
0.2277061281384508 
0.23057830044228472 
0.22125823632285457 
0.2239060825683912 
0.22537534427491646 
0.22275246658932757 
0.2342759142369218 
0.22211605037759655 
0.23039580149838282 
0.2236129832439326 
0.2290357469929892 
0.23700314766657166 
0.22829325528098285 
0.22295908481280705 
0.23033846425426024 
0.2238489009300501 
0.22440408533426798 
0.23229450296741133 
0.22987006432623885 
0.22399400881880868 
0.23387505418937937 
0.22679365227325915 
0.23350473168083594 
0.23536182711583797 
0.2183860717633727 
0.2362349985685783 
0.23796119563651572 
0.2287513204441459 
0.22863311014468546 
0.22352527327353375 
0.224617769064405 
0.2296535895449173 
0.2256821340514242 
0.23176060162603696 
0.23245541130670194 
0.22385347336671385 
0.22719793286445075 
0.23441611960388087 
0.23432418817351913 
0.22335567031866735 
0.22804604252818403 
0.22308767865730014 
0.22630267201179644 
0.226208398206618 
0.22880148247577434 
0.2381237271484074 
0.22902250256610152 
0.23816704713824974 
0.2265441336098334 
0.23974315275930227 
0.2298099184923145 
0.23028071414219559 
0.22710882981442543 
0.23429619831373727 
0.2364693604389137 
0.227861657575472 
0.2303614973825125 
0.2244992883120806 
0.23406180799106543 
0.23031716642758918 
0.23635539201604722 
0.22826968211434248 
0.22747610468803806 
0.22866135604539417 
0.22029029280977272 
0.2193875162713813 
0.2332972324741904 
0.23403526223082685 
0.22391308539381508 
0.23265126624770086 
0.2141376305631103 
0.21509474836568376 
0.2379124027816343 
0.22874497911621142 
0.2228347834324061 
0.23437154004130384 
0.2272587943373974 
0.2390623355066168 
0.2319215054758552 
0.2337225356685516 
0.22971099357038482 
0.2222455594983136 
0.22396699203360584 
0.23253553949313882 
0.22943281093423407 
0.23389203408015755 
0.23714632529960872 
0.22806238942914148 
0.23931071367956555 
0.22361473006790727 
0.22645115323176362 
0.23068200175175793 
0.2415568878801961 
0.2316403616714596 
0.23277730397446186 
0.22479028704204546 
0.22596788140549331 
0.2369670287541558 
0.22069719485524059 
0.23024614909476115 
0.2252318727611114 
0.2251175178645163 
0.22209508118510363 
0.22639588907299266 
0.22982625237082405 
0.2395299749668326 
0.2306999853047268 
0.23166118980862271 
0.2299002133099674 
0.23282663431538475 
0.22797232650808807 
0.23802580319718622 
0.23071873311530405 
0.22808751478961625 
0.23417749108858482 
0.23066892496016517 
0.23089479486996947 
0.22902158784989832 
0.222418800368744 
0.22569266373135013 
0.2222608456560649 
0.2265650513758367 
0.2304079936426376 
0.23096441504164889 
0.23968619519983891 
0.23550080649386518 
0.22460922597917757 
0.2370184112724089 
0.23906334985752606 
0.2162458230382423 
0.2351525574386527 
0.23076349594402754 
0.22442323491373817 
0.2340311270723408 
0.2248128518566436 
0.22306999248139778 
0.22596002866827816 
0.23815071924214953 
0.23419696842087204 
0.22860834252319429 
0.23155219015944697 
0.22415895123072668 
0.23404740381530575 
0.2389096973859227 
0.22782073725722876 
0.22481263715305702 
0.23388976277544896 
0.2317509803406769 
0.2274859776606427 
0.2225863749174928 
0.23137219871521342 
0.23600810794383317 
0.23822263186634463 
0.2369225304483085 
0.23472322210766114 
0.22012025513395816 
0.22956828232074009 
0.22885800581001914 
0.23154314340625987 
0.22886540087849067 
0.225846934913863 
0.23417464085233475 
0.23868947395783746 
0.23317822573254202 
0.22706729466883155 
0.22990950406089614 
0.23772890416435247 
0.23125917724727327 
0.22659438697212594 
0.213980932430713 
0.22574748605157346 
0.23063914375823977 
0.22641418760404816 
0.23220131485202564 
0.21885372564422362 
0.23908493883268273 
0.24324984153102983 
0.22596831573124013 
0.22259100079998811 
0.22920473571716135 
0.2308132307321731 
0.23239137056388362 
0.2334962995524793 
0.22930724376847875 
0.22956430480063136 
0.22595464219801634 
0.2268386336179165 
0.2260858622054063 
0.2183767956537113 
0.23864079123581372 
0.23973789710154242 
0.2296792112092734 
0.22744738425985384 
0.22151699671952588 
0.22364909427275617 
0.23542017239125998 
0.231195790738551 
0.23230559862596203 
0.23013986343415785 
0.22912089445936437 
0.2247097391082164 
0.2290240939845083 
0.2366873403347639 
0.23252781736353195 
0.23687305673267925 
0.23179310849008122 
0.22017030940136073 
0.21985967025118605 
0.22625487474728823 
0.23154488772415746 
0.2290692600086523 
0.22433498369116486 
0.21765167280139763 
0.22168502192769504 
0.23172137678884738 
0.22469645528187623 
0.22768729942339724 
0.22619394280493077 
0.23938554819114277 
0.23071970907644837 
0.22190991470174623 
0.2224825089396836 
0.2291294743808196 
0.228205036890612 
0.23194234067384759 
0.23977664885764877 
0.22981471744392093 
0.22631314162698396 
0.231754979070291 
0.2273534287964023 
0.22465774098519803 
0.23221696403663203 
0.22751008956883878 
0.23106368503578037 
0.22474081775329677 
0.2312242030247315 
0.21998550312955004 
0.21759130467398527 
0.22731736160120983 
0.2301474903456861 
0.2239535426812667 
0.23283901978970448 
0.23075009475922523 
0.2274760095959223 
0.2402834243881016 
0.22600337660194741 
0.22633436928087228 
0.2309165338361406 
0.22352052954498264 
0.217358100345398 
0.22493845867717727 
0.2275803020706818 
0.23533244705155656 
0.23073123167786913 
0.2403021967494343 
0.23232432275241957 
0.22465769971801905 
0.2331333476455681 
0.22801518190816175 
0.21408009394363284 
0.2277753106283203 
0.23736576819355484 
0.236897834291595 
0.2333881591198191 
0.22919138848074483 
0.23332915864191578 
0.2270995216781091 
0.2336604034708461 
0.2180695346154373 
0.21783193354421618 
0.2303342476409366 
0.22275403230223403 
0.2212793966662936 
0.22519530999950693 
0.22681633021727737 
0.21594941145639665 
0.22370675126806286 
0.221423705815866 
0.23256764577604344 
0.23350805804844518 
0.23151310920311008 
0.23115395507688 
0.23393473740072876 
0.2226427805198652 
0.22670963501756103 
0.23308790244031016 
0.22909587277304852 
0.22363457277478244 
0.2357956135102695 
0.22370268213363323 
0.23482384424960062 
0.23080177049876074 
0.22954717518473897 
0.22426344418708888 
0.22706728919836144 
0.22111211961210217 
0.22588620820871913 
0.23211172809428568 
0.23860416992276962 
0.23107550455569476 
0.23681647478820758 
0.22706792043116464 
0.2241105660508113 
0.21894134551130148 
0.23593158502246908 
0.23033005041914467 
0.23075357338846245 
0.2273436938058095 
0.2364541578291928 
0.2337686550828236 
0.22776386871447415 
0.228227325357276 
0.22885835478043415 
0.23189276124584798 
0.23805986089043468 
0.22873447193810928 
0.2267002245190861 
0.23158842362915713 
0.2233706155745684 
0.21962777680452195 
0.23089662314832446 
0.22338883911451296 
0.23847487083617577 
0.21642433605434347 
0.23343926774391513 
0.23228454627528766 
0.23632112218777834 
0.23554357467109688 
0.22884884410963932 
0.2228886463808416 
0.22359954664960935 
0.2264520269232524 
0.2382863384168454 
0.23022580818135552 
0.2271124718428991 
0.23159930383296762 
0.22594950324653754 
0.22856923606171248 
0.2368083675584668 
0.23260176636220284 
0.2313329867995771 
0.23073543437249852 
0.23180736936767188 
0.23646432717299867 
0.23620297171585955 
0.2311292424728905 
0.2325391321567875 
0.22498348041069421 
0.2281123645076054 
0.2377010950598738 
0.2322192547666839 
0.22487659070737584 
0.22617386853190005 
0.22213094668896105 
0.23873622371575726 
0.22114823105458348 
0.22104017828640826 
0.21848001105569326 
0.22891212644846465 
0.23598114654550073 
0.23060670228576613 
0.22375521455928735 
0.23841258655960706 
0.2346901601139053 
0.22925465850995044 
0.21525330892649172 
0.22533716492293457 
0.2282212898651951 
0.23032612252049 
0.20717999013620858 
0.23253976602809867 
0.23343879422752292 
0.23759322430928057 
0.22193136035749148 
0.22749222999834734 
0.23858642767188717 
0.2185078337533987 
0.21656935868119098 
0.22793984423462216 
0.21887732580585106 
0.22468075993302108 
0.23081863704538033 
0.22920815444571388 
0.22204704962383015 
0.225763782276785 
0.2293169588941818 
0.22681407369055243 
0.23543920937242935 
0.22029708510772325 
0.23002574648255072 
0.23298344966861187 
0.21722097386347083 
0.22969404149874803 
0.22900733170037343 
0.2365727020720051 
0.2320059073446867 
0.23494082675144942 
0.23119120404866356 
0.2334605821406702 
0.22062364716431887 
0.22165905861786958 
0.2357188080760083 
0.2298882960581886 
0.22232865856756515 
0.23420879277095907 
0.22244353219668983 
0.2251197647764196 
0.23274691500108818 
0.22791586085374624 
0.22684710673342257 
0.22842806452289266 
0.2250430440228307 
0.23151231426719324 
0.23437640480576882 
0.2394531856191899 
0.22714441445209485 
0.2265345645973116 
0.21459979415727512 
0.247485455932653 
0.23658268949168387 
0.22978749245458163 
0.23819007531970562 
0.23177515213889113 
0.22561403297426832 
0.2241615845172599 
0.23103101378462818 
0.2301126029985318 
0.22014400633978717 
0.2325153933693138 
0.2317365541481687 
0.23190092877573096 
0.22957573153992597 
0.2287503656477993 
0.23034529462735556 
0.22306843198063803 
0.23704212068476452 
0.23194119652626222 
0.23459692385368788 
0.2262283111853415 
0.21831587143893746 
0.22982403876474178 
0.2242340704228083 
0.2239713510234494 
0.2354366442199109 
0.23363720423653223 
0.21568135139207584 
0.2291925382870593 
0.2341138815619318 
0.22781764338095523 
0.23213530435981303 
0.22501700496964702 
0.22659640730935035 
0.23373980984469717 
0.23693583235703963 
0.21892246106999966 
0.2303997949750418 
0.22558049577270683 
0.2264342102595523 
0.2236375698637804 
0.22677812605961253 
0.22616283986593835 
0.22625668303599494 
0.22739127506142112 
0.23504112258156143 
0.23894515008888959 
0.22679495994811827 
0.22396938781712963 
0.22748063884770153 
0.22812185531665335 
0.2257086777581275 
0.22758043389706287 
0.22445212373803242 
0.22395123219317117 
0.22608610411141286 
0.22519843299930792 
0.22947157771725987 
0.21835665405490645 
0.2323865762071724 
0.22284951834060954 
0.23059298003278297 
0.22746528896467585 
0.22002742571260228 
0.22301694181111184 
0.2199850064346596 
0.23117327893166284 
0.22554622669192667 
0.22231497065333247 
0.23263451997952278 
0.22940212760325532 
0.22457292222270073 
0.22848884579861145 
0.23276220081677929 
0.22239671619921547 
0.23258877234783668 
0.23605139533518027 
0.23597785054888515 
0.2281592771422022 
0.22447107377357162 
0.22449662459908853 
0.22015184977449448 
0.23795074844695688 
0.23095631044856982 
0.23199641832416748 
0.22715087233328413 
0.22572647214802447 
0.23060212464396151 
0.22786965879578847 
0.22859735799537065 
0.22295728512881902 
0.2338591380115127 
0.2283053292617837 
0.2252189061640649 
0.2287033223849531 
0.23017090940289842 
0.2311166069598925 
0.22909597969592915 
0.23080087126081963 
0.22841246441304872 
0.22889018510756537 
0.2250636880186243 
0.22168690350358455 
0.22016688147355715 
0.2250727559701836 
0.2260513934195977 
0.23391889864770374 
0.22941457602656448 
0.22908367893057816 
0.2296926617228943 
0.22645294483065104 
0.22636059179144793 
0.2244951473869713 
0.22313955957184642 
0.23043026227193505 
0.22374517841631056 
0.23135771302218516 
0.23330452272582283 
0.22976950109951388 
0.23238455499550745 
0.2323266209367536 
0.21875983013229927 
0.23004632696238878 
0.22607515094112784 
0.22132064286720732 
0.2298202925019376 
0.2262217938652659 
0.2380039568622387 
0.22759812746942013 
0.22227613077021371 
0.22017374427955166 
0.2358824309254201 
0.2445451706793101 
0.22627707946464778 
0.22805675930916933 
0.23713203919476153 
0.2213688418171378 
0.228494603799115 
0.23545780354480755 
0.227507633858742 
0.22203318074740291 
0.2323826477411614 
0.226696886180949 
0.23001441335134146 
0.23754691698085117 
0.22538544012348508 
0.2329452131838619 
0.2257563837785415 
0.21496945083473995 
0.23254941645904514 
0.2446951394439526 
0.23802457767436033 
0.2257061433006978 
0.2286014971795046 
0.2343345081434017 
0.23066352333205212 
0.2289466901493518 
0.23050823324619 
0.23462808456525142 
0.21714044578451297 
0.22809705899553726 
0.22353949812482965 
0.22572167964338144 
0.22081680069880402 
0.22889508310746282 
0.22787142589537351 
0.22996556726762055 
0.2277014496650267 
0.22566008349024597 
0.22667627854446656 
0.2298624810307181 
0.23224818845061032 
0.2409991512616806 
0.23347944600823026 
0.22744833991568805 
0.22028741306256902 
0.21957216577783123 
0.23391850740874734 
0.22976430191812094 
0.22619868438213417 
0.2352344308038306 
0.23057858867484005 
0.23043687039746813 
0.2295619618424447 
0.2207737627171435 
0.22590816312250697 
0.22754414028407896 
0.22414673506199054 
0.24125121681418493 
0.23403845717083016 
0.2295836695513104 
0.2186922618807918 
0.2155719628012721 
0.22728760808427428 
0.23875052959504048 
0.24043704469788515 
0.22834924664441605 
0.22113009480171086 
0.22957625511208304 
0.22993196538516736 
0.2329537590012533 
0.22823076691498712 
0.23199504163288173 
0.23275089840834304 
0.23310193801665993 
0.23027488984777075 
0.22565325639087389 
0.22138437478371545 
0.22303372684558845 
0.2141842346350272 
0.2355809668658905 
0.2352897963422779 
0.2308917810585603 
0.2260233244937563 
0.22675101076224768 
0.22583559205324955 
0.2309067569746461 
0.24078533200664654 
0.22956000856464434 
0.2340688894386718 
0.22704363031763616 
0.230452374909188 
0.22392519574897493 
0.23959368030065825 
0.2444373382368436 
0.23114567929486102 
0.22210060748257482 
0.2234203070688755 
0.2258804745431056 
0.23797703605143963 
0.22629128710461408 
0.2308171053803815 
0.22938132609462977 
0.22871667313481794 
0.22402799603725304 
0.23560445171802902 
0.22656761558397404 
0.23362945104471639 
0.23423519968725023 
0.22811964092321058 
0.2281330110734469 
0.2291681048127733 
0.23290713929405304 
0.23104860278187395 
0.24174423195390787 
0.22756346949596373 
0.22931387226752217 
0.2239328517477011 
0.2273108892146376 
0.22401189697765123 
0.22130009883286433 
0.23294340413414516 
0.23927089554127318 
0.22068602210392518 
0.22791071301061883 
0.24122899702838596 
0.22059828803954598 
0.2320376547643722 
0.22865143415700934 
0.22591956687161285 
0.220141584310188 
0.22564171197755842 
0.22978431073748923 
0.2280825951695628 
0.2140289223107223 
0.2353925889879478 
0.2349844519583925 
0.22625360324596408 
0.22034689645352196 
0.22864807788465655 
0.23794119953125553 
0.22157072665628477 
0.22556504566926364 
0.22448708412058288 
0.22385095778989655 
0.22611472897925358 
0.22406122564594189 
0.22242267747294028 
0.23256485219757841 
0.23188099562756434 
0.23116780029587727 
0.22735690120684765 
0.2299777526034898 
0.22215568616916526 
0.2390497046186556 
0.22127793262083242 
0.2297475469421142 
0.2312463450361843 
0.23373015517213527 
0.228005595387568 
0.23689146800739053 
0.21654860299535245 
0.2204583042690763 
0.20879702050333152 
0.21971189481047496 
0.2320976489584708 
0.23484872108146526 
0.23107927796666672 
0.23871041708052712 
0.21606016194015482 
0.22540108947809231 
0.2367799802142856 
0.23051221642403555 
0.23791004265063995 
0.2278513882433812 
0.2246782234504636 
0.23628305032858343 
0.23092279431497217 
0.2289135746489455 
0.23285899795455534 
0.22776675226221443 
0.23120835091680245 
0.23165715212888308 
0.22653028586602011 
0.23702257807899293 
0.22336094919655378 
0.23203303845940498 
0.23277919767551153 
0.22497958419641642 
0.22646859866076915 
0.23234630769926098 
0.23022895458739548 
0.2249152069459949 
0.22881709293298028 
0.23297663732645973 
0.23136609333753394 
0.22900173129673113 
0.23478364703550214 
0.22366090245906772 
0.22593739800506624 
0.2308709934064718 
0.22516064906528052 
0.22607147435776292 
0.21687417555276226 
0.2300691235419345 
0.237388916878303 
0.2290304665383985 
0.22093396274274707 
0.23948025848289395 
0.2277560665785987 
0.22179908235828277 
0.2223140688389465 
0.22610906588172572 
0.22456544862142974 
0.23187067163530573 
0.22605844264815741 
0.21824159815746264 
0.22747821266585241 
0.2245678694202095 
0.22630276662560234 
0.23944259602160547 
0.21951232616796112 
0.2283840924881386 
0.22080402901838592 
0.22831751741658804 
0.2223362994714986 
0.2284171336036906 
0.22060083187887836 
