0.15314869325506905 
0.1513205197872809 
0.15750075373345962 
0.15415870146550054 
0.15117056946863025 
0.1542069183528528 
0.16038044218922934 
0.15867084459243902 
0.14512513170571126 
0.15174671923685207 
0.14691252264820537 
0.15808360283799394 
0.1561569270024475 
0.14684368004772416 
0.149482277791624 
0.15560183602955913 
0.15432655598845074 
0.15178421143588658 
0.1482100742266744 
0.1527205649395749 
0.14634936209032592 
0.14912925401926289 
0.15606040473863908 
0.14819524574157475 
0.15374424091364455 
0.14030244087636287 
0.15855634886896205 
0.1486043128138953 
0.15476458259659157 
0.1531571166421335 
0.14976129615596612 
0.15720060773666436 
0.16371534827953657 
0.15847515997965814 
0.1444199897868116 
0.15058209858299487 
0.1605752341495863 
0.1533268346808633 
0.15829204647784986 
0.16347565124864108 
0.1514524939534691 
0.15581197792750523 
0.15204321498882 
0.1602963045245626 
0.14133664178017327 
0.14381457395654232 
0.14901986557620067 
0.16220278199394655 
0.1594072257739249 
0.14571479342332816 
0.150309859458781 
0.15014618382880948 
0.15537017532453942 
0.1397122324723042 
0.14433155325981542 
0.1527443062508615 
0.14856371995393514 
0.15312715353770717 
0.1592797217746859 
0.1562014934203235 
0.15575565292143287 
0.1503466642074981 
0.15564559944053613 
0.14975209284396368 
0.153736577627236 
0.1467271079942568 
0.14993797245867674 
0.14719471995357863 
0.14691842151596843 
0.1624005596891458 
0.14730549237768392 
0.14994444831800666 
0.15780565362946886 
0.15046843087955303 
0.157384787749497 
0.14680718371753454 
0.14998193466623724 
0.15251599203853872 
0.14157092259211665 
0.15440340623271256 
0.15996138125849096 
0.1557348433854748 
0.15068734668353864 
0.16036353736487055 
0.1445465790064048 
0.15108063724111834 
0.15331865230040365 
0.1540294057827423 
0.14492063407638947 
0.15447065175796063 
0.15221564905854368 
0.16109958954417747 
0.13577231472966714 
0.15731696583762178 
0.15277467810773787 
0.14639997733905974 
0.16326261572591289 
0.1547052413257877 
0.1496780298527052 
0.15786168759568023 
0.15666230827653302 
0.14660138058702446 
0.15885072420210644 
0.15259317698598104 
0.15154502036968276 
0.14954439357872534 
0.15736446264819134 
0.1509307129113849 
0.14551017767737226 
0.15844222472410657 
0.15775630487174108 
0.14731568486702484 
0.15070754835279446 
0.15657168392538579 
0.15420417979654139 
0.14926993682115958 
0.15264685904621006 
0.15604392855131938 
0.15211778142127894 
0.14905761202995546 
0.14087188573705778 
0.15472907331585495 
0.15676100110214589 
0.15724899076909946 
0.15089865265473157 
0.15646831352128907 
0.1559408286986855 
0.14354251443934543 
0.14927914062022732 
0.15069808800016918 
0.1605488663956081 
0.14738190019087852 
0.14609749496243693 
0.1456954138091957 
0.16512562441522086 
0.15290115445120409 
0.1495720127102093 
0.16037781410032786 
0.1518137033683657 
0.14823817495636213 
0.15012872627761342 
0.15817272050020054 
0.15530921919594418 
0.15407681693166794 
0.15146831452619763 
0.1500669751131304 
0.15972095326518698 
0.15327792790210587 
0.15836423428253232 
0.15118832150788872 
0.15076494048444847 
0.1494174735105915 
0.15270821868100143 
0.14509857038485727 
0.1592331944538133 
0.15612819541892736 
0.15776367056650425 
0.16068366553262448 
0.157897655706429 
0.15346072390116716 
0.1496231040918666 
0.1545036820245513 
0.15838802965946355 
0.16286719670339295 
0.15439175701883778 
0.15726092362630137 
0.15469223580142086 
0.15540985620342457 
0.16128258269954004 
0.15734945188782043 
0.15374761772611162 
0.14938848119124198 
0.15577016480514266 
0.15567190931676458 
0.15249427789140485 
0.1592691286464425 
0.14775498377502824 
0.16339520599933582 
0.1640076757163414 
0.14312228037220284 
0.151410623249924 
0.14420191338114885 
0.15390658597898926 
0.1537502513662471 
0.1430549729885375 
0.14911408144308833 
0.15551641928126575 
0.15872302802593383 
0.15870854580174193 
0.15327192467728382 
0.1575476142193484 
0.1506665101993282 
0.14616662527009927 
0.15634450395768779 
0.15456099452462094 
0.15346917124506812 
0.159690587609474 
0.15517873257277345 
0.1496524579507587 
0.15990817879888905 
0.150808374106195 
0.14998568885714528 
0.1459812370233123 
0.15198294576642601 
0.1559581650809164 
0.15596439053340666 
0.14622495004593455 
0.15860289026933716 
0.1523842896219493 
0.15952408500872756 
0.15296159636340817 
0.14965481098837144 
0.15589288922706138 
0.15793220896264465 
0.15299340087803373 
0.15716150956651082 
0.15488966743467325 
0.149734999851092 
0.14750465107448965 
0.14781213448402905 
0.1611460470812406 
0.1464685673370774 
0.15379738930584938 
0.1485631975810994 
0.1556828549312172 
0.15591477620826313 
0.15719284646174134 
0.1514865816133183 
0.15032435297455507 
0.15450315538931103 
0.14838746421609653 
0.1641416371910548 
0.1500980949937362 
0.15806582707153546 
0.15079731660904963 
0.14510894965723972 
0.15657028779710558 
0.15604384471268257 
0.15889304379899008 
0.1552989875085281 
0.15546634385317 
0.1618789904598491 
0.1525358989664389 
0.1562243515930457 
0.15536801428283073 
0.14874551336545144 
0.15493559385749592 
0.1508910450652211 
0.14878214179850824 
0.15621160732109843 
0.14665563491044387 
0.1544854623742195 
0.16155665857171697 
0.16225807652543855 
0.1607005042054604 
0.1540349951034315 
0.15724191259214138 
0.15826372466339758 
0.14830521175268366 
0.15589696800299896 
0.15091481733182108 
0.15848832439465363 
0.14964888247196448 
0.15745458287079814 
0.14527891356905132 
0.15575685325667593 
0.15165332674089954 
0.14740283703632281 
0.15016083128700394 
0.1430425873287798 
0.1485953087341029 
0.15367522624059532 
0.14862549188601717 
0.1538326708263138 
0.1533743384104706 
0.1532715318731062 
0.15970096827672506 
0.14745681042815206 
0.153292605579958 
0.14292376566033527 
0.14836204335698702 
0.15522643729911173 
0.14991952021981952 
0.15482754962169828 
0.14467110503487124 
0.1565972735933433 
0.15149604250174623 
0.1571944246581191 
0.1659654646387282 
0.16579202650461117 
0.1475033208371927 
0.15127748928892842 
0.14925382321591843 
0.14926394440153565 
0.16157683496242276 
0.15382080203183812 
0.15380603913936985 
0.1529707546382681 
0.1602784203153134 
0.15526121727292938 
0.15935995618580745 
0.14906018591048537 
0.1507300837714565 
0.1552642448347076 
0.145599691061284 
0.15408218368801013 
0.1571136293980207 
0.15376590593642517 
0.1496379789118619 
0.1477916430517101 
0.14801395050344412 
0.16010418652295422 
0.145981138173424 
0.16057482039804394 
0.15934775207582574 
0.14601059061789556 
0.14993108185296822 
0.14703164844391378 
0.1528702408228844 
0.15035345115078025 
0.1573424868096953 
0.15054525023745152 
0.15001847623768608 
0.15760789899014788 
0.1615644201396273 
0.1543282034521258 
0.15723407390510472 
0.1481451075457746 
0.15356203784434266 
0.1527307369655504 
0.15672567582511984 
0.15375360081253325 
0.14661717548971187 
0.15052809622761726 
0.15265925341947603 
0.15423670344019166 
0.15416983898944153 
0.15659550684215393 
0.15427412121917417 
0.1525754330764318 
0.1499201630313034 
0.15170198444686459 
0.15477922815977022 
0.15427926317040175 
0.1568323736754927 
0.15674481013590952 
0.15155035603984815 
0.1502232775110325 
0.1496186088424874 
0.15116837352043613 
0.15178501392707877 
0.148401512159522 
0.15116444237048368 
0.15677320216339574 
0.15486329680853442 
0.15131709144789562 
0.14772662198419 
0.1551158487010523 
0.16843251797690678 
0.15701685396463977 
0.14899973120910479 
0.15364110300451844 
0.15502156766619857 
0.15611298627136697 
0.15466422499436697 
0.15224138967039025 
0.1451609546509505 
0.1479371576453173 
0.15657823149484848 
0.14765055228545657 
0.15166723414148356 
0.15251518444515375 
0.15406417309089737 
0.15307015131861415 
0.15378855630464028 
0.15685718218553435 
0.15417568324340708 
0.1570685624566708 
0.14902964820781062 
0.15472152492435925 
0.16150123589351978 
0.15644249536954868 
0.1539068056120587 
0.14942104179327048 
0.15375823660121932 
0.15200983692204958 
0.15532657822338142 
0.15078773013642577 
0.1519097052167948 
0.15079198840997518 
0.14450896988287498 
0.15656519424088894 
0.1538957490045534 
0.15506894155625528 
0.15432388260801005 
0.15383027752571762 
0.15014424884622216 
0.15066504468320574 
0.1669871114621617 
0.13755222821469512 
0.1375422346915504 
0.15963333621061235 
0.15055858697150307 
0.15363183582297993 
0.15669422565012434 
0.15163579587898576 
0.16061899181366998 
0.14534889706836482 
0.14399775832884792 
0.15889577590651188 
0.14605324972469877 
0.15357032923186562 
0.15869578913160345 
0.151518780724163 
0.14644717421415174 
0.1560845287607712 
0.15714992406923553 
0.1468310638565314 
0.16079631521868756 
0.14717185698809745 
0.14030454359430275 
0.15809414270674485 
0.15381996918819177 
0.1554833367222818 
0.15599806962472282 
0.15174870854850692 
0.15253692670539773 
0.14640926743085836 
0.14817771172995475 
0.14843416732945772 
0.15837642449431946 
0.15967987743742573 
0.1525746937346341 
0.15220772564562732 
0.15459622223647246 
0.15763748962704902 
0.1541990965776789 
0.1505077321194255 
0.15421340076852633 
0.14936008434487635 
0.15260565820295788 
0.14901727856633046 
0.15722747287217614 
0.15985437393877935 
0.16425216900218387 
0.1564157540076201 
0.1482070916789433 
0.15513621368276104 
0.15549506515709527 
0.15124393773206177 
0.1530535571011152 
0.1501899625234834 
0.15062800995809297 
0.14902796828222312 
0.1516397929672119 
0.1519428105713785 
0.1477680596767529 
0.14623884792983938 
0.15110139032007122 
0.15749464344637992 
0.15209488101318544 
0.1577935919651535 
0.16176314446278542 
0.15318172290087034 
0.15441284280498374 
0.15484247471364604 
0.1513389385518003 
0.16137083395672047 
0.1450570977341795 
0.14961741571465711 
0.1488580299794899 
0.1604206741365121 
0.15203926830877595 
0.15514147450870122 
0.15742516102181367 
0.15337317919969753 
0.15126567053597348 
0.15034673962148307 
0.15456547920857375 
0.1525155090417125 
0.15228041540768847 
0.1471464883434756 
0.1600179420376575 
0.16071214649162674 
0.14759809140964464 
0.1501034883065987 
0.14711215088149623 
0.15045218615343467 
0.14691541615793166 
0.1508082402706448 
0.1663103817696469 
0.14810754324037084 
0.14539926023010216 
0.1611082407262975 
0.15754792602442003 
0.15159864114608573 
0.1546265296440904 
0.14908787597389528 
0.14729602298627215 
0.15837021022602332 
0.15822899553616832 
0.15470515887828465 
0.1492902457236781 
0.1496893723874816 
0.1464706600353042 
0.15469525373490103 
0.15829091259149058 
0.15724032109185268 
0.1571165701305215 
0.14609845392535822 
0.15772021117298704 
0.160827121816835 
0.15127039036686032 
0.15696226062431576 
0.14270759120238213 
0.1539044129278937 
0.1525141437717065 
0.15387546998840593 
0.14294596993843797 
0.15484570749016274 
0.15897866057165091 
0.15206307924233267 
0.14666416290778814 
0.14780964157846538 
0.1464322675528017 
0.15576775906719667 
0.14815825769838603 
0.153433460586179 
0.14011683959431148 
0.15220360380587813 
0.15525792495790114 
0.15768922117186035 
0.14838853294157964 
0.15067952200138757 
0.14951554781597579 
0.15689012251661505 
0.1563872325606159 
0.15470309196570928 
0.1519743750405522 
0.14313961579150497 
0.1535758904344298 
0.1488317218262164 
0.15514402195976598 
0.15056678532059586 
0.15085202804711753 
0.15900212252102677 
0.14962009680815885 
0.15485841103898929 
0.14888256188815405 
0.14446906502677406 
0.15909138061555958 
0.14856837694536731 
0.15869853156213556 
0.14771518697160155 
0.14623668389632702 
0.1544594406308201 
0.1515066649539679 
0.15192264176570255 
0.15204013600712962 
0.15590191862432415 
0.15792072334859136 
0.14904711562386924 
0.14443530893432918 
0.15034246954586683 
0.1575328340157315 
0.15290617305875717 
0.1453896499181801 
0.15196300351291733 
0.15278129287934414 
0.15222549495798324 
0.15014564756783128 
0.15444681850852868 
0.15380822758681892 
0.1490297074867005 
0.15306800646119942 
0.14955806886861261 
0.16084110671988316 
0.14973061533056983 
0.14476596037405942 
0.14844131541278163 
0.15966291883995218 
0.1624743854640721 
0.153264115435474 
0.1533752707628996 
0.15786952209005228 
0.1491914730282923 
0.14158944922993047 
0.1500968122590718 
0.1477755127222245 
0.15223655911429462 
0.15059225986746044 
0.15797448210310064 
0.15520197101375016 
0.15182278928267073 
0.15093222603034437 
0.1525877325612798 
0.14897154063702747 
0.15468171739015013 
0.15432924127752742 
0.14994075808096263 
0.15224249162808312 
0.15882644682653999 
0.1600795081156393 
0.16835421564183117 
0.1652088190209348 
0.15729301741265161 
0.1552218174487105 
0.15242797004470712 
0.15704250010199727 
0.15400748712114645 
0.14856506689449486 
0.14703940931434936 
0.15447727958212865 
0.1484735897326664 
0.1476760041532184 
0.16071872048438002 
0.1460803269989043 
0.15059957912003905 
0.14765161505242808 
0.15467602928614863 
0.15116065727578168 
0.1468622689023649 
0.1483697754584812 
0.1616800780350378 
0.14825837668537814 
0.14237659159121957 
0.16174600905068914 
0.15607198440948028 
0.15492453503524067 
0.16056825354731916 
0.15527880528003318 
0.1533974734619392 
0.15225867835225876 
0.15249433047857378 
0.15926154483548607 
0.14780689593699942 
0.15525916831275646 
0.1531924614079637 
0.1588768283680919 
0.1491575969046752 
0.1555543200404494 
0.1595698899291623 
0.14690797760446553 
0.15367540245688693 
0.1529712986428191 
0.14825065358323258 
0.156481442010451 
0.15719508549746514 
0.15355621786243676 
0.14803154264007165 
0.14876721501431245 
0.15640353430074877 
0.15836662673277985 
0.1592897988228495 
0.15802662816847768 
0.1458599019781344 
0.14688080732174066 
0.1571061122822078 
0.1525086720492242 
0.14796382391363566 
0.15393044294080446 
0.15300448537875186 
0.16099594977138637 
0.15764902128364122 
0.15041282866449454 
0.1523497834673308 
0.15703701348835947 
0.14854538802644304 
0.14041349625102323 
0.14969369590309595 
0.15137632365846349 
0.14233387839545117 
0.14952600433918592 
0.1506975027731934 
0.15602277739830173 
0.14709600012590657 
0.15169430272818482 
0.1458576887883374 
0.15661557183503153 
0.1527681782771995 
0.1512291592446629 
0.15060043341231766 
0.15369398677251306 
0.1513480741966854 
0.15679765072957672 
0.15173906258936087 
0.15174049137325465 
0.14867289601597516 
0.14606612922283324 
0.15496863297942812 
0.15866600428999925 
0.15909944965071876 
0.15607307896372552 
0.1603513623797812 
0.15405138831318585 
0.15409956095659394 
0.16014822709289128 
0.15942303118567838 
0.15803297207405317 
0.15792521888108418 
0.15683584569961928 
0.15551581854798016 
0.16104523954907213 
0.1535646753572684 
0.15468036262157286 
0.16378816832707674 
0.16047396812937084 
0.157533678548124 
0.15366874085970952 
0.15837081707385944 
0.14851896146385035 
0.15641866831817366 
0.14486583931318647 
0.1547698611378492 
0.14843386703823186 
0.1548518982213133 
0.15202847174378623 
0.14939369568777275 
0.14687240148061248 
0.1523744443912242 
0.14501225235011297 
0.1561969417308233 
0.15995923478629973 
0.16185043555691192 
0.15184638953839646 
0.15886194373448964 
0.14876973308558006 
0.14560726754531045 
0.1623249809262578 
0.14570782483572953 
0.15525521949882626 
0.158981083718911 
0.1645126737781 
0.15399769547429498 
0.14631073305337075 
0.15112838481420335 
0.14883371594720654 
0.14924086847417256 
0.15404365904004863 
0.14648908618015144 
0.15594939175673583 
0.1559340505147868 
0.14193882366647026 
0.16275010902765244 
0.15429191725878977 
0.16375944578341706 
0.15507190498641882 
0.14502303428946486 
0.1526474607990546 
0.1485196504376422 
0.1453476604248812 
0.15420342816270488 
0.1552351664963828 
0.15167810213152652 
0.15435657469413042 
0.16072818980795622 
0.14993956741978504 
0.15840634481562538 
0.1461005886341464 
0.14555950932415224 
0.1452992448969068 
0.1579338854302052 
0.14997909654236774 
0.16492021314325095 
0.15443821224977594 
0.1476700284435199 
0.15205029485469676 
0.1501818768787522 
0.1553197576358406 
0.15097443786576703 
0.1495800538245863 
0.15333796991649015 
0.1629169558930123 
0.1450396466347292 
0.147993402775251 
0.14862400751592442 
0.14446120700914342 
0.15044140382314528 
0.164829749414642 
0.15946353180293887 
0.15375649442407416 
0.15730345594667622 
0.15180131783088247 
0.15694852576007073 
0.16925340206610678 
0.14318662621746317 
0.14719952625904187 
0.15974757485415272 
0.1540085805181554 
0.14858249021884296 
0.16039541954557643 
0.1513096247174266 
0.14713957629007005 
0.15115413171239922 
0.1517555720619512 
0.14334874245695645 
0.14844638759834727 
0.15009636371471763 
0.14787880644381105 
0.1530641313254732 
0.15123389735434958 
0.1557308584659748 
0.15175896599998398 
0.15178733466060282 
0.1520438339360472 
0.14579334341528236 
0.15796445583205304 
0.15200348187154597 
0.15266571661934308 
0.15794791710451228 
0.15245276196802623 
0.14655805581206305 
0.14638623421284935 
0.14901473021976172 
0.15015157085884248 
0.15828227213978813 
0.15754041732241778 
0.15964249630925653 
0.15786309525459077 
0.15054943298629686 
0.15081686558507088 
0.1499600587987451 
0.1490981856230458 
0.15481936646723596 
0.14853889722598765 
0.146010450245294 
0.14648107656737802 
0.15871708175905894 
0.15055729834477694 
0.15898062000652644 
0.14501460968165403 
0.14388419096331517 
0.15046935043512322 
0.1529107987139971 
0.15983395693882166 
0.15290826524490408 
0.15260195663070542 
0.1536601941313052 
0.15726356755249607 
0.1507675072226475 
0.15578573445571192 
0.14760350462534763 
0.14581695801533853 
0.15854527378989008 
0.157558965872313 
0.14920521133550593 
0.14317503399263748 
0.14540464774100959 
0.1542698715185283 
0.16357972945099725 
0.1555881647255512 
0.16073225874380132 
0.14643670749089518 
0.1522665838998594 
0.14970211552630863 
0.16458658291074985 
0.15089426311804538 
0.15549388651509008 
0.14252584161496096 
0.14606494531639683 
0.15437980483942854 
0.1534448010448838 
0.1541579496299869 
0.15404038460853642 
0.16074081078940472 
0.15593686203835266 
0.15278724861485393 
0.1510306130328679 
0.15238128435872075 
0.15272253091808694 
0.15409627775660226 
0.15728155418146522 
0.15353143531408067 
0.1513688064909924 
0.15061740200114884 
0.15689011453278262 
0.15359633005893503 
0.15951417886937524 
0.15316686708323538 
0.1478113436687071 
0.1497252946060262 
0.14718434955836152 
0.16117416552753935 
0.15614117474036496 
0.15095070443451894 
0.15195297508186975 
0.14509165737885457 
0.1479542466963835 
0.14942626715820573 
0.1494262885310678 
0.14834668215397254 
0.15068747812380417 
0.15201958248452105 
0.15812801073342486 
0.14551572888443545 
0.14915379859140857 
0.1522275846818626 
0.1403117874213033 
0.15228454920767293 
0.14800521092531715 
0.15234300783178248 
0.14377979338488397 
0.15300171220122313 
0.15514199121043915 
0.15719658948669848 
0.16055859744040843 
0.1526559756858198 
0.14688515647644323 
0.1480008653906539 
0.158236316665183 
0.15713347019521862 
0.1582038496312841 
0.14803334748880637 
0.15456379003996748 
0.1558399889953592 
0.15899419379073063 
0.14846148766038372 
0.1526755609876763 
0.15177260983251048 
0.14717842761294347 
0.15086452188841853 
0.15180608535079942 
0.15159860222811253 
0.1536911025318491 
0.1531670681910154 
0.15255002151764327 
0.15718632604200813 
0.15656038481824028 
0.14783935901515247 
0.15189003466106452 
0.1534402654544166 
0.1478086273389375 
0.1561306319817739 
0.15664952410786195 
0.14746360404265219 
0.15424969044686043 
0.15250853335384532 
0.1488693643661763 
0.1527295510085174 
0.16074502825569437 
0.15384793006052822 
0.15102733295577275 
0.1541166485130498 
0.14944603774752932 
0.15059763157680744 
0.15268691936743795 
0.15269135207769913 
0.1575099456238938 
0.14714522849922504 
0.1589567335764057 
0.15322580409874723 
0.14796573060418178 
0.1533413080419935 
0.1482380003635481 
0.14818153614308718 
0.1506587587543175 
0.14706581831462287 
0.14846655928464256 
0.151804730457548 
0.15377959623128729 
0.15481049912503514 
0.1613832233923436 
0.1469574372343774 
0.14790229206611857 
0.14843258032654674 
0.1556629306756295 
0.15377329640132914 
0.1578149675627154 
0.1482197339219896 
0.14399863920135034 
0.1621403406738859 
0.1604513047443245 
0.15743840193924574 
0.1451604890510289 
0.15238907525877343 
0.1604054789326803 
0.15291124458110344 
0.15513982655377073 
0.1488681663482318 
0.15848972599830813 
0.15639556288145604 
0.14982023304240488 
0.14953984618945879 
0.15415342837529855 
0.1550958503238153 
0.15646951060414324 
0.15496241452197704 
0.15478677275402275 
0.14808916742925587 
0.15822023060311233 
0.15406576840733277 
0.1546227073008387 
0.15036482202218807 
0.15940081548548118 
0.15598571658971572 
0.15919909181137848 
0.14984251663759907 
0.15576804861639032 
0.15805621480998602 
0.15425997164934446 
