0.12131491673104837 
0.11546546564973682 
0.11836150586835306 
0.11735890779037786 
0.11484086262995516 
0.11386666122299917 
0.11394549569997531 
0.11428232228377756 
0.11328201432058879 
0.11620405054400959 
0.11856479726914161 
0.106114268116654 
0.11566848601357166 
0.11948386704869911 
0.11665005935906825 
0.11234837667503982 
0.11907196869995394 
0.11706046106305734 
0.11599439231830878 
0.12533851294600426 
0.11258807609476498 
0.11433097387044971 
0.11382429734802967 
0.10793240805963983 
0.11398425277964831 
0.11626822265536911 
0.12069943212124497 
0.11945212730953256 
0.12014894587073958 
0.11236863106577898 
0.12077110563853169 
0.11388048583561575 
0.11749309004020518 
0.11353304930425463 
0.12365619748885952 
0.1144748872589173 
0.11256894245712681 
0.11625343307163886 
0.11890150677149412 
0.11482544325253885 
0.11843707968808911 
0.12190037305038483 
0.10753631397652219 
0.11212053289550997 
0.12084986897115833 
0.11301902866959286 
0.11720323519407225 
0.1120518362763915 
0.11768576943155666 
0.11873868567244238 
0.12022285382003808 
0.11810416540480242 
0.11366416030081947 
0.12836329319562376 
0.11564335191035684 
0.11635367511978954 
0.11742053791541822 
0.11659986607884222 
0.1128430777323139 
0.11394127928163046 
0.1184861029293553 
0.11203262753676922 
0.11579110106912613 
0.12217357824427202 
0.11578382707429857 
0.11088448358750243 
0.11604376780973158 
0.11947108883807188 
0.11557668719235131 
0.1157192071690588 
0.11307672966989478 
0.11429409408853448 
0.113169516393216 
0.11300254287700988 
0.11099169152069827 
0.11619962239964325 
0.11917789017763913 
0.11691983098364224 
0.11654309532399372 
0.11502513479268245 
0.11341245900733916 
0.11279552956322242 
0.12026396711374515 
0.11282028191747712 
0.11111301203424863 
0.11410378907584656 
0.1182281263536339 
0.11744472698370682 
0.11205864512733935 
0.11699377519680501 
0.10503017819113367 
0.11574100940067138 
0.11372239019154237 
0.11256797684960651 
0.11743359007060858 
0.11604923783624485 
0.11553402516696477 
0.11672997829435429 
0.12056353893770923 
0.11183757599690367 
0.1224197891862228 
0.11791803534333531 
0.11146539579473551 
0.12042269746873521 
0.11680827781660208 
0.12032987246892586 
0.11466398696669626 
0.119527824434378 
0.11660802624181095 
0.11048582747066454 
0.1181726854538946 
0.11365714559363105 
0.11682252114874489 
0.12300882371102352 
0.11652020539530661 
0.11821506894317854 
0.12259280611295285 
0.1103640546358623 
0.1221063945097732 
0.11520085552954698 
0.11582685200772348 
0.12054884115799176 
0.10901246952490146 
0.11700946171154242 
0.11826553653674643 
0.11251289814508399 
0.1184834536293512 
0.12308800243917664 
0.11682697525500342 
0.11685390615335615 
0.10979417259328197 
0.11833695807500177 
0.1237797334989669 
0.11415714364020495 
0.11338612476613277 
0.11057922228756349 
0.12185842045012 
0.11038505251056903 
0.11192124308603278 
0.117303655528194 
0.11326308700189776 
0.1187597536180011 
0.10865555470996272 
0.11068622053796182 
0.10947110720299215 
0.11369472920884129 
0.11535767333514842 
0.1180202534525576 
0.11166149030839481 
0.11564530087815518 
0.11671006232767914 
0.1181192771379997 
0.11406936847239077 
0.11975054415679504 
0.12094995418263801 
0.11576964934642547 
0.11505595070235479 
0.11937906806418631 
0.11877988324176492 
0.1188253158689353 
0.11686702928743448 
0.10937232321617464 
0.12041096674859493 
0.11455924539182852 
0.11865789197548059 
0.1255520956849442 
0.11331945765012512 
0.11373562550083785 
0.12245277168341932 
0.11204354416583054 
0.12118633292191544 
0.12027180592953855 
0.12190233392463251 
0.11691443207729466 
0.11412701989731584 
0.11286278864557053 
0.12067524347550629 
0.11452660812549789 
0.111880034402117 
0.11991480612762487 
0.11203194126282555 
0.11553674823144638 
0.11441064205031196 
0.1209594236622599 
0.10986175134694333 
0.11708275580887749 
0.11781030338840795 
0.11546107300034467 
0.11861026627137099 
0.11771448143967904 
0.11129770206230177 
0.11594611039900321 
0.12142759677968909 
0.11521655402819721 
0.11147238588165775 
0.1211637532993535 
0.11284576441846964 
0.11946244867085709 
0.12234710651217717 
0.11452837807642997 
0.11857785903784784 
0.12349969534630863 
0.1154177768077203 
0.11201066271544313 
0.11046052480672815 
0.12230395866548478 
0.11907028565192614 
0.1188181215964009 
0.11276251236758186 
0.11845511857101053 
0.12067666853007739 
0.11998559304480824 
0.1170798522104982 
0.10825072595728993 
0.11357588419377185 
0.11188264761758714 
0.1165346232286277 
0.11196333186105173 
0.11258146551419126 
0.11084573049125858 
0.12020121496227892 
0.11955147791097227 
0.11546303629144321 
0.12716257691440414 
0.11803607177847103 
0.1141697321682706 
0.11608072128072838 
0.12034201250829309 
0.11553946389649422 
0.113159586148337 
0.10935700724476707 
0.11644169873711276 
0.11124421811942982 
0.1113644608729557 
0.12066093618361153 
0.11135149889873688 
0.11458496365121698 
0.12253841988998121 
0.1159244052168626 
0.12124862904226472 
0.11878022520874165 
0.10933236380181717 
0.11303901007235272 
0.11941811782593593 
0.11507625628801559 
0.11731676999213551 
0.10888057797556255 
0.11771763154854856 
0.1207955265480904 
0.11504998889230084 
0.12143494551522101 
0.11478481063907317 
0.1108020225587219 
0.11820280015732244 
0.11803411070718875 
0.11541701565830455 
0.11521097839936013 
0.11698557947483718 
0.11830305390880985 
0.11820103147813056 
0.1163242683158528 
0.113416487636363 
0.1144868982584658 
0.11509073254449619 
0.12110242405639604 
0.11768376129470447 
0.12044218211823438 
0.1258396964865638 
0.12056129641553047 
0.11193667858622498 
0.1227702025555291 
0.11496278200850475 
0.11047548490659954 
0.1164050464445155 
0.10985434349439768 
0.11528791231621817 
0.11366342432172685 
0.11058707607135543 
0.11878809629861946 
0.11987058035613342 
0.1158420093726537 
0.11357742836552898 
0.11649421052935954 
0.11755828534798005 
0.12356232362336025 
0.12285302510015947 
0.11850675394517973 
0.11700170916884102 
0.11661960019948742 
0.11205406340296337 
0.11085942579616796 
0.1155449521229518 
0.12007804995474153 
0.11760729407782451 
0.11892074997909415 
0.12616002287826103 
0.11100280809908229 
0.11905415910890631 
0.11439364989034176 
0.12429769718711335 
0.1074325273352745 
0.11379083567512203 
0.11854010894257637 
0.11131172027672166 
0.11969242919546734 
0.11223175867846538 
0.11765473897177872 
0.10790037395250629 
0.11668998753347977 
0.11576534278272754 
0.1153786783682049 
0.11256850406955952 
0.11620765019255674 
0.11390070098931362 
0.11414666491697156 
0.11254128397772625 
0.1130802864809615 
0.11345960080930495 
0.11241877978553416 
0.11630770322402172 
0.11593032646677869 
0.11036743265005299 
0.11351058859765227 
0.11813184600472748 
0.11534750371990835 
0.11803662981798145 
0.11373987222430218 
0.12090320424659808 
0.11254142721973563 
0.11100560003857345 
0.11579953110047032 
0.11542091277899896 
0.11761339795618554 
0.11685348491606055 
0.11205450633862972 
0.10739342718182891 
0.11554624269613782 
0.11571266144821904 
0.1116311475874621 
0.11639694501322173 
0.11325713905408037 
0.11524769538674019 
0.11396590151522934 
0.11380458472416767 
0.11779539583992145 
0.11763559430895372 
0.10905134687989977 
0.12177873647416709 
0.10719731626584661 
0.1208706389095902 
0.11280405317207966 
0.12011338103626136 
0.11331233967421822 
0.11830033924948885 
0.12095408975170684 
0.11362536433477428 
0.12026450011526366 
0.11759808933937668 
0.11502636461842587 
0.12186445237595013 
0.11874997860361884 
0.11096653152037039 
0.11259970454706478 
0.1138296004172601 
0.12036365440648328 
0.11695941937733907 
0.12032401503317407 
0.11577261263639908 
0.11811153368128505 
0.11488165810318486 
0.11144014872853183 
0.11226272948877469 
0.11893464375960863 
0.11499299153021611 
0.11907748097183116 
0.11740418058220695 
0.11669328164288818 
0.11528912783628341 
0.11360274842985398 
0.11416763274340519 
0.10772514140606183 
0.11525339189668009 
0.11473630777126369 
0.11410129797087766 
0.11679284161218091 
0.11279891692246194 
0.10899697644650938 
0.11421818043797068 
0.11915251912821548 
0.12400360013612545 
0.1192508791244501 
0.11582132382712397 
0.11280961239569191 
0.11827708721142204 
0.12303420545002713 
0.11815667106307998 
0.11972928012723963 
0.11672251504570574 
0.11667641564072516 
0.11918288423890921 
0.11914332605772142 
0.11768362442369608 
0.12430539425235868 
0.11649059097213073 
0.11038793936147433 
0.11616992875809845 
0.11087849052278176 
0.12271233231935959 
0.11571042745373587 
0.11164386149167757 
0.11466394472417622 
0.11702945268003141 
0.11685097299550073 
0.12056160420652555 
0.11379061635214689 
0.11976443335487358 
0.11361102799159321 
0.1217233774241859 
0.12381132377434766 
0.11975897283804196 
0.1192840494306135 
0.11288510407488263 
0.11551627323581105 
0.1160681151544497 
0.11740192519054049 
0.11550616114101842 
0.11641038803356978 
0.11102491168319406 
0.11915929260132624 
0.11632473097996017 
0.11502737025843378 
0.11175556564587634 
0.12312846357794494 
0.12136142059968623 
0.11227753392410146 
0.11843906389697335 
0.1209132692843752 
0.12030883949402228 
0.1223025972712895 
0.12233694215802433 
0.11320724589218772 
0.11966620849245992 
0.1109819826934978 
0.11153684526376939 
0.11525605967308881 
0.1154566549379839 
0.11308025200491902 
0.11745255208794995 
0.11431019060251128 
0.1110166197117539 
0.12007219188811566 
0.11940886039244214 
0.11165183450608447 
0.12211671670408739 
0.11411829758089342 
0.11505221896991054 
0.11840413025212554 
0.1215770273528704 
0.11955524069154308 
0.10866269087196495 
0.11973974801415077 
0.1105924682215324 
0.1141009955442241 
0.11910494864303808 
0.11592046798150919 
0.11286878422543249 
0.11645467900550162 
0.1172592679330551 
0.10977164695266436 
0.11906502414236017 
0.1141294852175395 
0.11303159476939058 
0.1280003833588977 
0.11979191288212275 
0.12095849508740798 
0.11284802421510666 
0.11562538997621517 
0.10980994619678755 
0.10633924789907442 
0.11134497868895336 
0.12042418282134523 
0.11412481519951982 
0.11524419290916361 
0.1162584812537444 
0.10935880008778795 
0.11371535064429451 
0.11496291208153095 
0.1122985054919554 
0.11906952457445075 
0.11857550236052333 
0.11225973368243343 
0.1215691341367985 
0.1258603626335288 
0.11548383246282642 
0.11491285225265446 
0.11197563276989102 
0.1219356889510388 
0.11925009496004764 
0.1172701659215496 
0.11882930266920008 
0.11420987827567809 
0.11588165003826295 
0.11101031153203295 
0.11909880780530843 
0.11978892211256931 
0.11137345463635923 
0.11260382496729043 
0.11899906508441381 
0.11258759367777055 
0.126580277597664 
0.11623209397232916 
0.11596291037383785 
0.11214337144065802 
0.11268398337108766 
0.12373247053327299 
0.11351202338606142 
0.11461996045273916 
0.10773602523052493 
0.12056032910112029 
0.12022716516802624 
0.11986518032676372 
0.11911702980810172 
0.11827422501106247 
0.12113383928465898 
0.11531472734331057 
0.1130052236157997 
0.11891349375035641 
0.11366779761137223 
0.1148609724219358 
0.11297193172365057 
0.1259503556873648 
0.12125310176944072 
0.11903160364605364 
0.10873340678779665 
0.1141161793159688 
0.10895016570507446 
0.11371130340743271 
0.1153695553874465 
0.12097349394841687 
0.11943231211338731 
0.11911730317209257 
0.10990329957640511 
0.11129042202949765 
0.12000272650174332 
0.11768107559902696 
0.12096334583398054 
0.113540883047871 
0.11416418366264988 
0.12169417740209353 
0.11914155718181953 
0.11644256678671808 
0.11321913374905164 
0.11388845638964606 
0.1185386465538728 
0.12243627732179371 
0.11634063608260908 
0.10877464743103353 
0.11817099817986321 
0.10763632088999248 
0.11849543850218996 
0.11857735344586437 
0.11898033524748577 
0.11603628600805196 
0.11283137344301962 
0.10826339614781041 
0.11710962178607408 
0.11708555738650976 
0.11076293740413826 
0.12159243991365562 
0.11267731187582346 
0.1145152739284181 
0.11718685686121592 
0.11253823468868465 
0.11713758489681832 
0.1106051917246665 
0.11806878248070891 
0.11425050832976286 
0.11877414129201598 
0.11927129686619205 
0.11944578471046774 
0.11879249065031272 
0.11550501437228891 
0.11433457882989996 
0.10801555983942329 
0.11262905684150647 
0.11531249657464167 
0.1155697025837259 
0.11235768928366244 
0.11330917875208012 
0.11865477782143054 
0.1165113410864372 
0.12130708232168366 
0.11094198592997201 
0.12202641883248533 
0.11187021695665468 
0.10857139412849398 
0.11354664429039862 
0.11219434884092871 
0.10766024231866485 
0.11208821193616901 
0.12318594501912598 
0.12014382940318419 
0.11122027838125882 
0.11313163630356966 
0.11645983910395773 
0.11135658775871969 
0.1185116454027309 
0.12410250234017212 
0.1185748248833108 
0.11933489670038998 
0.11129155492353625 
0.11055098107230353 
0.12300096543206945 
0.11592669532329153 
0.11652151225753236 
0.11275373248523761 
0.11772802553425452 
0.11449149452234691 
0.11703558847249712 
0.11710294059144064 
0.11806444593042542 
0.11803861158348833 
0.12170587205187688 
0.11475890741546182 
0.1166108668990166 
0.1178068206928006 
0.11049656744344373 
0.11451150195168809 
0.11403052003299978 
0.11522764218510216 
0.1141599236104096 
0.10824822054218936 
0.11446528300523182 
0.12124280294690486 
0.11565258938240465 
0.11292186818088715 
0.11066276262651428 
0.1174797019981904 
0.1097162879576622 
0.11455326153624162 
0.11593756977682063 
0.11512012020704272 
0.11181462075094176 
0.11566674737251659 
0.11754571737973342 
0.10946754597039328 
0.11311231034582744 
0.1074259278416231 
0.11958881344536865 
0.11658786498154085 
0.11686694508128016 
0.1190198964484874 
0.11629834878548649 
0.10788407907610302 
0.11345442869722773 
0.11301672350248482 
0.12062360936821862 
0.121491456399284 
0.11006826720060874 
0.11458113497602528 
0.11278267201870608 
0.11024995384868942 
0.11778443617923529 
0.11924384878343393 
0.11618942556999613 
0.12174554840095776 
0.10837870787852297 
0.11673580205149146 
0.11699265286742358 
0.11870127739859807 
0.11301765605020495 
0.11742076618908201 
0.11780414005659247 
0.11483384778494542 
0.114266084708371 
0.1133425106662254 
0.11413159310421402 
0.11718718947555666 
0.11899548053136155 
0.12094370506409603 
0.11835472273770752 
0.11738092521203819 
0.1138718692322358 
0.11306840112316367 
0.11527569103480056 
0.10998268394034973 
0.1092327757160794 
0.11938093775292608 
0.10935961538058557 
0.12080850491958031 
0.11727059721700703 
0.1150937320390656 
0.11092180540320616 
0.11545738349351291 
0.11507643136267776 
0.10661152862622135 
0.11596847740806383 
0.11317274019374231 
0.12115510757063562 
0.11701660157801216 
0.11419235464194451 
0.11749998999171313 
0.11989067751955834 
0.11521058790215032 
0.11438046992385156 
0.11587231982591917 
0.12369842189913528 
0.1143041906368636 
0.11493217104180233 
0.11585780224579725 
0.11941847169860031 
0.10946420946325015 
0.12011241159545011 
0.11829184198356617 
0.12319120945935483 
0.11709285100472665 
0.12407880104589895 
0.11698132358788438 
0.10810845525157493 
0.11347601163404132 
0.12274055442662739 
0.11880739422048217 
0.11866818812600759 
0.11277485325683939 
0.11401196699826192 
0.11033314481688676 
0.10840448305865223 
0.1211948703280425 
0.11133335523071484 
0.11057631771481387 
0.12013988699218765 
0.10802255549767532 
0.11233701907460782 
0.10934542720135185 
0.11451252329236097 
0.12023650602594253 
0.11700555152525025 
0.12238556703227059 
0.1112375822582292 
0.11932114121659246 
0.11635934188192934 
0.11532022728706112 
0.10996761955896049 
0.10908717213835398 
0.11502035662740326 
0.12119837515798959 
0.11670396337153031 
0.12122366194729829 
0.11422782153390636 
0.11416614646597323 
0.11341931858511964 
0.11593937030655144 
0.11428276705828781 
0.11875878532525189 
0.11998004684874429 
0.12078037386374216 
0.11454219179041239 
0.119671654452791 
0.11722766130243278 
0.11321743211624431 
0.11595213787357325 
0.1172297007165299 
0.11710418928926114 
0.11804995521968116 
0.11258627447486212 
0.11350250154795237 
0.11754853781348933 
0.11546764984156932 
0.11325918882533711 
0.12091146124677557 
0.11484592091298432 
0.11795166181967096 
0.11450621830648897 
0.11196346038266027 
0.11739561133700092 
0.11709984469733635 
0.12243627671820492 
0.10929508176145662 
0.10643692849246665 
0.11385923561205319 
0.11104256686476993 
0.11562769772974058 
0.11874018704429196 
0.11606049558973097 
0.1108144076444761 
0.11683138032289457 
0.11932462472083398 
0.1194064456676225 
0.11586410613134364 
0.11468031226573022 
0.11725928267533685 
0.11819725526586314 
0.1120713741724991 
0.1122336603897862 
0.11813368213978168 
0.11359687037345542 
0.11303777168802924 
0.11169732808146053 
0.11416436358690595 
0.11845103164296181 
0.11653217834134191 
0.124477252544326 
0.11559968297966548 
0.1170737826853524 
0.11641618578612893 
0.11904637907344576 
0.11291183355764652 
0.10913654174978099 
0.11102438152695433 
0.11725135016819176 
0.11996989553376276 
0.11912852021920552 
0.11993532867300336 
0.11502923241770292 
0.10983490938978165 
0.11258187388695058 
0.12146151598526492 
0.12289666470637882 
0.11510485591905212 
0.11866334705743367 
0.1150935486745522 
0.11394739337048379 
0.11389267863896337 
0.11670533025234558 
0.1160435146434432 
0.11999381459404962 
0.11538580346822849 
0.11347365427875336 
0.11220721861575444 
0.11557462154361597 
0.11400698608844591 
0.1141167095967675 
0.12250672130526685 
0.11774840187263666 
0.12157531315477112 
0.11167800689549556 
0.11429830914969644 
0.12041818533625712 
0.1139261068840167 
0.11631191974897644 
0.11712118883026752 
0.11038946950600635 
0.11699474223401304 
0.1160935340590317 
0.11560162048161442 
0.11894434108473449 
0.11646989008002805 
0.1198135948460961 
0.11167824902343008 
0.11670765540051135 
0.12031195524100251 
0.11857476519624977 
0.11594896815192371 
0.11593971318366064 
0.1235572457034462 
0.11249292342984 
0.11869141806271065 
0.11902888013289074 
0.1176608197883951 
0.11743365595673302 
0.11629879776718921 
0.111965356075927 
0.10947719609327412 
0.11231598139213983 
0.11250300297198473 
0.11565854306585224 
0.11041255913233107 
0.11533015538917145 
0.11372587109122402 
0.12182051538884488 
0.11968370082738088 
0.11282505919513804 
0.11468667146446462 
0.12373780988746955 
0.114429413142667 
0.10837024132835722 
0.12082687284899715 
0.11112960440268034 
0.11044276455690138 
0.12013319976099215 
0.1159857477239818 
0.11269698019360502 
0.11552827787260037 
0.11399412103920871 
0.11760565686832485 
0.11455428275586013 
0.11303262070079775 
0.11692739690359413 
0.1220915835975542 
0.11796546387111373 
0.12436647910288377 
0.12063877700658607 
0.11554993479181731 
0.11382250852426534 
0.11517366267265088 
0.117013192488448 
0.11538991773248977 
0.11364947302030251 
0.11797454910112093 
0.11561377604077212 
0.11453389875325662 
0.12344038243375956 
0.11532602418636112 
0.11558189906255971 
0.10976529579227465 
0.10699383109426769 
0.12217794226691395 
0.11741738462208336 
0.11377687658172514 
0.11947236990488967 
0.11553379815411526 
0.11776253653387737 
0.10812141730735243 
0.12113071886749664 
0.11520211358703361 
0.11232913639867943 
0.12065789587574244 
0.11600570269203961 
0.1193222546890208 
0.11763073094681797 
0.11457098127375553 
0.1169201216230193 
0.11441574260593484 
0.11162415048595756 
0.11848846245406294 
0.116121804199324 
0.11155305013547424 
0.11139878946967798 
0.11555473758898815 
0.11314587608660981 
0.11007863016313535 
0.11286129790271462 
0.11764311715042479 
0.1241668041742486 
0.12105174726413802 
0.11956061517662914 
0.12111238075532235 
0.12283657452262577 
0.1121926741873914 
0.11879094994170532 
0.11579525360794973 
0.12404969934763546 
0.11299706254404004 
0.11191537978121772 
0.11992940343666146 
0.11331665917147517 
0.10914862350252663 
0.11497826382013082 
0.11892212198698861 
0.11344933463748519 
0.11085320067683777 
0.12273368876262178 
0.12297570330199493 
0.1137362989166041 
0.1108607819991568 
0.11998068126555632 
0.12263675054057152 
0.11544472534055668 
0.11409541861681793 
0.11335177910998619 
0.12559505296862902 
0.11242634617817372 
0.11191119799960599 
0.1138380982478108 
0.11379448864743635 
0.11063168011550881 
0.11301831319411498 
0.1104678021181119 
0.11510950386971984 
0.11364398445257584 
0.11160453754971073 
0.11124297130340748 
0.11220786179362226 
0.11798461490296887 
0.11739227344573494 
0.11675172736829528 
0.11559944992687739 
0.10994285500245327 
0.11880411976396212 
0.1179752177882662 
0.11174585954574674 
0.11131862145825488 
0.12038235848016644 
0.11671672838068985 
0.11624778314855577 
0.11255885055640398 
0.10924879971854 
0.11936640828310255 
0.11943591980975558 
0.11791480631642365 
0.12012951414744728 
0.11546522794368795 
0.11359223038633386 
0.12214829204259169 
0.12009600365785579 
0.11794907144465239 
0.11419236491896771 
0.1146555627954224 
0.11924903411701752 
0.1155798023342355 
