0.16099796345181447 
0.1651889694734005 
0.16788519343834987 
0.1611633264262581 
0.15926894965473382 
0.15865397894568195 
0.16093483236490708 
0.1598047869999799 
0.15805781831922955 
0.1586742925816138 
0.16484477773501294 
0.16738569358770758 
0.16503026084450317 
0.16294621067076798 
0.16460078069827994 
0.16742446722280646 
0.15994401354607174 
0.16659679873022534 
0.15884601450286734 
0.16153767625429638 
0.1698950033223805 
0.16884171460891367 
0.16185010820641538 
0.1591461978140198 
0.15711309598159534 
0.16360798447430122 
0.16569901275635382 
0.16576080855147368 
0.17229183955862964 
0.16491621431624393 
0.1661248456421773 
0.16462015689573156 
0.1657994900621211 
0.16876553620329623 
0.1641524147208749 
0.16269273312409452 
0.16331914715628082 
0.16751474757098975 
0.16254233566103735 
0.16800793687279053 
0.16249798027489815 
0.1684953707980253 
0.16968584688442098 
0.16286810776205304 
0.1687622258940441 
0.17317185333415636 
0.167292845277314 
0.1650808627431993 
0.16324503099341375 
0.16610361900875287 
0.16861758787787787 
0.16329551503505108 
0.1612303258880932 
0.17096304796000342 
0.16710184155526853 
0.15983124652763497 
0.16698494172479303 
0.16782374602231556 
0.16647316479570112 
0.16777300022130232 
0.16457264900770963 
0.16362537795544968 
0.16355934234853717 
0.16734304091107974 
0.1731076784669602 
0.16539848406541308 
0.16460608127025553 
0.1631973237987891 
0.16554556485669839 
0.1669527986379972 
0.1628248530612742 
0.1638182948775377 
0.16813210059204328 
0.17058815209272202 
0.16992603756561306 
0.17367198615985607 
0.1560144306747963 
0.1586730440241909 
0.16088891605677977 
0.16941130509163094 
0.1691621775274371 
0.16471723618371376 
0.1602460391546589 
0.1628978779808457 
0.16305859159325659 
0.16859818830510884 
0.166607076915962 
0.16821698078093528 
0.16346052381696316 
0.1693312214277054 
0.1634668204643966 
0.15794015423760624 
0.15928534980655448 
0.1668181313297682 
0.168717843519564 
0.1590819859845447 
0.17591282934276106 
0.16230356314242061 
0.16886330221561652 
0.1677797108377649 
0.1688254504766199 
0.16827895367932763 
0.1684231567473039 
0.17080071259613924 
0.16880703559724627 
0.1644565698589557 
0.16160348665189522 
0.16037358040073071 
0.16176608856642083 
0.171512442333661 
0.17026088933558556 
0.16468960874353827 
0.1683421500886888 
0.1649074471752253 
0.1672752099511769 
0.16637738917445194 
0.16784125712922282 
0.16594319199734042 
0.16144868484857053 
0.16058240864153486 
0.16551346720441323 
0.16311517852551735 
0.16900365496679717 
0.16661086939235947 
0.1691932660556893 
0.1690327440953373 
0.1668424651933774 
0.16391079545464263 
0.16699035130325957 
0.16390134872526474 
0.16141141341348034 
0.16571923396304003 
0.16375848293733145 
0.16855967297363394 
0.16338542448916255 
0.17098884019941826 
0.16147871523386437 
0.16597378342168123 
0.16886130292702597 
0.17132549139670897 
0.17144342815073568 
0.16951607654844836 
0.16775703665053163 
0.16558179148000435 
0.16164219276168162 
0.1669085994878402 
0.16333510277734656 
0.16637340450899304 
0.15803897824044533 
0.16951537775233308 
0.1678405406556106 
0.16967951640044815 
0.16404172949030407 
0.15858163278405013 
0.1667408197315072 
0.1615255942010381 
0.16268346707046752 
0.16484636969197142 
0.16365223351285302 
0.15963612563008325 
0.15440180276564464 
0.16844278089512954 
0.16617315575741617 
0.1657497773721473 
0.16365340035617393 
0.16069662206390053 
0.16626620344143175 
0.16754157303356937 
0.16145872989066112 
0.16075089741317763 
0.16968476945786443 
0.16274432645865883 
0.16755637665524353 
0.1660027315155713 
0.16919896681654933 
0.17011031615650907 
0.16363801999328248 
0.1672674580117228 
0.1639365800407436 
0.16139804200533592 
0.16374054244201403 
0.16354949966153828 
0.16710428851251136 
0.1683668694021908 
0.17048820203803966 
0.16393211789061513 
0.16909937831285768 
0.1699766226280334 
0.16262005818703248 
0.16636264046188823 
0.15933804714196928 
0.16513404314119673 
0.1660326029666329 
0.16860993787278294 
0.16507701240632183 
0.16109406745059643 
0.1643581469809635 
0.16087663032602725 
0.160721255248101 
0.1675412430754867 
0.1655903424468951 
0.1608120536950721 
0.16301001433841017 
0.17738700195133067 
0.1678186318757151 
0.16308208257424106 
0.16525087655342227 
0.1739343426015738 
0.16029602416914343 
0.16561200440011226 
0.17153031555433965 
0.16523262039583908 
0.1705324442244194 
0.16450959151727218 
0.1660899692664953 
0.17011216965604256 
0.16026862655917096 
0.15981059436771425 
0.16646707785371415 
0.16190971065405813 
0.16514241876695418 
0.1678492309143249 
0.1635317225230357 
0.15943417938207693 
0.16249922355403668 
0.16672883011508963 
0.16628548727974277 
0.16221477430312928 
0.16905742720223213 
0.1669232525745917 
0.16011491988407933 
0.16311553079858176 
0.16376003047467125 
0.16258066549254732 
0.1621423064668916 
0.16845037265824386 
0.16549862451149158 
0.16324715235191337 
0.16757394003383855 
0.16811093195772212 
0.16353658504130478 
0.16786681297401695 
0.16614193386632362 
0.16730616681708257 
0.16311339389583557 
0.1686500930037619 
0.1622471999151019 
0.1673754519481501 
0.16505637510716237 
0.16169477828268905 
0.16177279034862807 
0.16302487034254226 
0.15637022289952676 
0.1598338138083244 
0.16542505051483056 
0.16973499998157068 
0.16354437924172738 
0.1608701204736197 
0.16657381185710496 
0.162798471231678 
0.1666872122000469 
0.16758143170337067 
0.17031340808556272 
0.1660174153375768 
0.16305062925462327 
0.1690833985841172 
0.1627810529817049 
0.16432637380648749 
0.17606175974685445 
0.16732418430793627 
0.1546863083954856 
0.1724844634216175 
0.16862890289780325 
0.15718975785433442 
0.16980365078639512 
0.16613729453853307 
0.1662057764096319 
0.16638298785546496 
0.15719420209310384 
0.15838657735442324 
0.16129534254904157 
0.1664605814866906 
0.16163190323757146 
0.16466880610448592 
0.1549311681761209 
0.16371930140368954 
0.16429540848485422 
0.1650525156277046 
0.17078862859503222 
0.1677644855591996 
0.15992814481976378 
0.157017675398103 
0.16552255814675546 
0.1681323378898923 
0.16230300667571684 
0.16478322776555016 
0.16367490272877178 
0.17151890252571358 
0.16367738571866863 
0.15850504304455706 
0.16736679590564513 
0.16567402744968043 
0.17207733986953289 
0.17071594425004044 
0.16547195868618786 
0.1678500717675244 
0.17643940026923005 
0.16457359750802766 
0.1706716056465607 
0.16604753785564524 
0.15600673657142886 
0.16840767454968592 
0.17002339595435037 
0.16725863057015944 
0.1715099423934063 
0.16922218024796315 
0.1628840480611529 
0.17008956122337335 
0.1634844366180309 
0.16099116189847906 
0.17002054545245102 
0.1628885855420721 
0.16546448299124106 
0.1644041213261214 
0.16636609545366762 
0.17107762675617616 
0.16498078603694416 
0.16334983363555683 
0.16506606408286179 
0.16604912564481566 
0.16456270687366364 
0.16478154312655377 
0.15963339975430288 
0.16671139494233408 
0.16873507790134623 
0.17189441332839833 
0.16294715826897874 
0.17340544553938336 
0.17117694544323667 
0.16618966702945812 
0.16527195535878283 
0.1757603112330517 
0.16766266265970997 
0.16962762509271834 
0.17211262188897605 
0.16813362820243144 
0.17211914178146606 
0.1653794788382244 
0.1684696160941472 
0.15850224002778174 
0.17861333698033843 
0.1636092992775447 
0.1668512303365679 
0.16927424424042894 
0.1582903480853146 
0.16429512631424828 
0.16433753341766516 
0.1651378124462342 
0.16271623740235064 
0.1622900958749128 
0.16235490370897893 
0.16641729604153385 
0.1653526856993348 
0.16370536063554608 
0.1621567693026662 
0.16203733603426998 
0.16342087405692807 
0.1620053143778791 
0.1609776494292048 
0.1740971661242082 
0.16944649812880183 
0.16390527961151724 
0.16838196120209326 
0.16286628015424848 
0.16012029780361436 
0.16236113905978986 
0.16293639383198832 
0.16981357073934172 
0.16728785191945797 
0.164480124823446 
0.164281541352578 
0.17304250643420946 
0.16769967553988796 
0.1673000989221145 
0.1655616886453999 
0.16401917336682206 
0.16631587433081452 
0.16692449916268667 
0.17053880689279027 
0.16234289847776695 
0.16907865057246602 
0.16372797333350486 
0.16871863406720347 
0.1622951551274004 
0.16302228507670435 
0.17154779205243909 
0.163329655031619 
0.16452599289859957 
0.17224159170891462 
0.1582005050989805 
0.1644360373411338 
0.1703275863088173 
0.1613423471529455 
0.16369061124701872 
0.1642671617050098 
0.16026977916943438 
0.1681925189896408 
0.1680992010640993 
0.15916959326388172 
0.1691402774198758 
0.16639302513865842 
0.1681052250624821 
0.16434368503962926 
0.16706442352796627 
0.1588043912324307 
0.17098605009479856 
0.16429401569559313 
0.16171459134334423 
0.16798134948664675 
0.15679171673375156 
0.16379237899560226 
0.16488309755269845 
0.15960834925017153 
0.16463763857960537 
0.15634422303400908 
0.1695321262345934 
0.1647144477598595 
0.16456893089794067 
0.1637254425891282 
0.16482129006611887 
0.1600296800498417 
0.16481623085854513 
0.15539991662040892 
0.16429628591656298 
0.1751058224953415 
0.16303355625201463 
0.16070308417169668 
0.17014068861940534 
0.16683404510016211 
0.16281746462653146 
0.16540697983146027 
0.1592525067825512 
0.16167766216926346 
0.15702630118885966 
0.15641663585530433 
0.16381109096794613 
0.16378072616291667 
0.17035622034172312 
0.16710778026853979 
0.1701911161161945 
0.16422641527678966 
0.16937192472747079 
0.16598312548836044 
0.1649614990695199 
0.16690853486702387 
0.1696787677188047 
0.16717220172532768 
0.1643087692006302 
0.16873541959442173 
0.16625694713946768 
0.16759806477277928 
0.16638582751190822 
0.16082197864772385 
0.1599525529811273 
0.16592333695909395 
0.1686440240892884 
0.16744319071210123 
0.16041186300239027 
0.16460339005853225 
0.1629067088644319 
0.16716901740687617 
0.1641313682620406 
0.1657757346186442 
0.17357438304066955 
0.1653603056052115 
0.1625980327875812 
0.16056160925234142 
0.16431308411290632 
0.1676495227872125 
0.1633169545825466 
0.16425911565643359 
0.16512744834245102 
0.16222111181527515 
0.16377599780322932 
0.16831920331969946 
0.16786581149990124 
0.1591436983381388 
0.16892745323898295 
0.16821031927813426 
0.16499550268620497 
0.16341992536163155 
0.16142056406393204 
0.1583037205109071 
0.17394103617853254 
0.1607188483994607 
0.162394377678426 
0.1669451269947415 
0.15923630108732406 
0.16959761328048503 
0.159363094936925 
0.1711212332392671 
0.16117484145306482 
0.17265624073575328 
0.16765697443556155 
0.16083252349962474 
0.1698756443186723 
0.1631295727819716 
0.1593462744934456 
0.16663128985771733 
0.1558877577229297 
0.16598432511977276 
0.15992080546132786 
0.1654990260893151 
0.16748807220649667 
0.16478107954298538 
0.1661931938095455 
0.16996428241087005 
0.17025091009219356 
0.17033646957393284 
0.17134574350612922 
0.15770986576138882 
0.16718927048998228 
0.16544288552405392 
0.1716704384940464 
0.16723790861455382 
0.16083812992979818 
0.1720636434989938 
0.16806792566427226 
0.17794613143264035 
0.1638424209342483 
0.16110904096591025 
0.16555059489099308 
0.1652419653560575 
0.16941171816220094 
0.16603741640501665 
0.16824367247218558 
0.15945250866616612 
0.16424949434746436 
0.1709264466445726 
0.16137407592091904 
0.16360801825069216 
0.16741578732444595 
0.17103146746748654 
0.16885528910304587 
0.1745471298556462 
0.16233901516865692 
0.16315039036733028 
0.17026640175247557 
0.16812495620936313 
0.16855720781473432 
0.16087467725782492 
0.16248645528311795 
0.17092034367670797 
0.16639832473880026 
0.16678811527108445 
0.1693452966653974 
0.1667807537185423 
0.1630695774152329 
0.1671858825291508 
0.16104137759881323 
0.17046777304728852 
0.1664612737602733 
0.16315007994076075 
0.16743580500346866 
0.1687250931790051 
0.1645229274787062 
0.16922997301417314 
0.17151231770328487 
0.16221773476100354 
0.16860302269315824 
0.1610929077748632 
0.1683297989034286 
0.16197513240940284 
0.16427699798565892 
0.16987475802091526 
0.16878433119579486 
0.16583264351513308 
0.16394439746913272 
0.16722418646385778 
0.16549543267510947 
0.16317825072897157 
0.16537082937095535 
0.1661646805393458 
0.16646089043165604 
0.16181063701382958 
0.16563530769091897 
0.1673334168806566 
0.16919103723068724 
0.16381659349307937 
0.1672863782551403 
0.16632904877235266 
0.15904915345864784 
0.16526373919803178 
0.16911628494408357 
0.16411061353336387 
0.1702443073872826 
0.16554304741894144 
0.16915352112171397 
0.16312582231122472 
0.16757268567032077 
0.16090493614139778 
0.16020188692321047 
0.1721194340180957 
0.16459113448820914 
0.17154675983787848 
0.16373448041124583 
0.16554908156392711 
0.1639092653118836 
0.17371831471557872 
0.1601289029682516 
0.16382701149172246 
0.17169509777733388 
0.1669571597557006 
0.1621387094414049 
0.1668711947293773 
0.16406907480365515 
0.1671692871524403 
0.1709584856993342 
0.1667919182542446 
0.16714117142538953 
0.16407827288805948 
0.16831503343433837 
0.16326108320396687 
0.17099788237531763 
0.16857207826045606 
0.16781683624128768 
0.16362471035799048 
0.17059638446865658 
0.16202672886735311 
0.16587587011855046 
0.16866625173902847 
0.16930098134712143 
0.16663198600667267 
0.1625481796218335 
0.17263281054495597 
0.16768614470391977 
0.16493520642218873 
0.15462823701435463 
0.16834434990451785 
0.16769060295845326 
0.1680456989160798 
0.16889429809475534 
0.16825093617957115 
0.1623647319299042 
0.16575048000751838 
0.1719663835992312 
0.16290147459897952 
0.1723736010563548 
0.17109148255981335 
0.16676968135503162 
0.16456119602156954 
0.16371196358891876 
0.1619116706273342 
0.16451488031599684 
0.1631492429151889 
0.16486456087062593 
0.1716546138838092 
0.1654102083191492 
0.17308237532951565 
0.16588668869640769 
0.1702816150959508 
0.16173963098716496 
0.1673909772607597 
0.1749789797226898 
0.1629044215227917 
0.16398936045234064 
0.16830664701532425 
0.16886303144435885 
0.16605195373937687 
0.16527540349016562 
0.16741120742255403 
0.1771497592185967 
0.1676437839786198 
0.16805529156101817 
0.16744307047756596 
0.17064763354652868 
0.17048660590089945 
0.16132246208890968 
0.1658172504221923 
0.16482922586206314 
0.1637715570322328 
0.16554859627997212 
0.16811726093949508 
0.16706988548388754 
0.16482119008482882 
0.1683109970118329 
0.16921383153803057 
0.16244743330288278 
0.17007452783126029 
0.16564071100406422 
0.162825387851531 
0.16761652979691533 
0.17131582555692126 
0.16806633728371803 
0.16683751336793773 
0.16363496256087995 
0.1680120993428417 
0.1676368522340405 
0.1606823159580417 
0.1629838717162963 
0.1628633289636789 
0.16478485674447146 
0.16501922890056947 
0.1634214943060113 
0.1663377077782629 
0.16540264007569352 
0.16774807551277082 
0.17080664727690745 
0.16228486159909528 
0.16289221980182444 
0.17073517159485443 
0.16836448698995463 
0.16728356995494792 
0.16883890894012174 
0.1610276596186725 
0.1588257512790393 
0.16159584483874842 
0.16252747553102487 
0.17158194313527575 
0.16669791937821773 
0.16009673721927478 
0.16586883586860554 
0.16429464485932999 
0.1728796755653266 
0.1634279694469271 
0.1709139783875222 
0.1703258905954257 
0.16799693816652997 
0.16625916371399013 
0.1707583477656099 
0.1582002054029149 
0.16615391983986483 
0.16820937368273584 
0.16875644727569902 
0.17172276200381573 
0.16194981620043192 
0.15743197649174456 
0.16437709602530612 
0.17066989065986285 
0.1664902166158002 
0.16373023259187847 
0.15749778114750138 
0.1641121270606269 
0.16273143444073543 
0.16334733177514066 
0.16584698254737312 
0.1679951851126768 
0.16540772020793634 
0.1642603239399885 
0.17485206588884808 
0.17112319238545173 
0.17293010613092258 
0.17184418409961374 
0.1721755843779793 
0.1648313225990268 
0.16775807223628159 
0.1658301409144137 
0.1714886930881513 
0.17633662257625243 
0.1674681789454744 
0.1594401931654214 
0.16440998898000955 
0.16443128064925502 
0.16177143224907975 
0.1587350505923982 
0.16551829192673245 
0.16346837562541125 
0.16122022665581098 
0.1693477231150539 
0.15797297565799048 
0.16660712065453814 
0.1613082784488336 
0.16608657396705995 
0.16683095045746624 
0.16418067068320016 
0.16898158598969032 
0.17251430402651696 
0.1686424037078535 
0.16727132663889768 
0.16959634778752605 
0.16999401129443253 
0.1699068865649766 
0.16388754064249544 
0.16819539331629696 
0.16560451601232642 
0.16178979086019518 
0.16259470984087013 
0.16592185501175863 
0.1675176666411555 
0.17267550548289287 
0.16777548817629082 
0.16567747179502917 
0.16851902365714486 
0.1671264091625757 
0.16741043521482582 
0.1746806923117193 
0.16258371644315012 
0.16517350239031886 
0.16784793083318908 
0.1685516158148364 
0.1649799911895886 
0.158094522983321 
0.16337876948089927 
0.16388494531858536 
0.16342146883189604 
0.1643332188352828 
0.16153406589341116 
0.16753621208045294 
0.16512719969626136 
0.16589975031178444 
0.16581709881775855 
0.16863983080158854 
0.16281988407777656 
0.16369187215160325 
0.1625257302654746 
0.16684992593856476 
0.1581619522667023 
0.1617537746169013 
0.1664694835428588 
0.16726889874640927 
0.1701623494800515 
0.17122318412121734 
0.16383174529075778 
0.16836990435232457 
0.16435845462147636 
0.16451637598940108 
0.16894019203301547 
0.16798723547295222 
0.1701119380983531 
0.17222911240375152 
0.1640523046355274 
0.16622732497666787 
0.1682997708433016 
0.16651427454491285 
0.17328864865757948 
0.1621350692499177 
0.16402573095224093 
0.16162559982454403 
0.16672614464332233 
0.16887200760756502 
0.16367031045855573 
0.1639200771928198 
0.16830805636708118 
0.1627825042423198 
0.15959322429076322 
0.1637373772563059 
0.1680946156459508 
0.17402978297148564 
0.17365848391064737 
0.17306269557286325 
0.15826998634556214 
0.16930722321497207 
0.15670159186579272 
0.16612236572604686 
0.1679410016621389 
0.16532792361580465 
0.16874730325547566 
0.15875630652798026 
0.1631835982393644 
0.16617299435748417 
0.1601431741984718 
0.16998945420510833 
0.17058919905781028 
0.1700358725351264 
0.16644623444287723 
0.16093060839518342 
0.16102831260748748 
0.16335382282924085 
0.16204375350536657 
0.16356102593965846 
0.1642786762201982 
0.16535559697298102 
0.16172547957538896 
0.154182703614871 
0.16660101767656169 
0.1696125354160004 
0.16098178132613764 
0.16570844848117364 
0.17038216243414944 
0.16734620579764234 
0.16798076596304273 
0.16836536994328377 
0.16493617890580023 
0.16115177822133628 
0.16271772250036304 
0.1700675652500202 
0.16768799964993886 
0.1667979287157801 
0.17003491920518468 
0.161363575432213 
0.1626720140750667 
0.15406681758163918 
0.16610508937925034 
0.1654618040477681 
0.16827156518370073 
0.1690143966934202 
0.16977059303366496 
0.16937510222373148 
0.16819140649105235 
0.16430787243144862 
0.1653255725553027 
0.1579870628483348 
0.16812613371784488 
0.16523440907957257 
0.1647989385061236 
0.17026884855346902 
0.16982913811224723 
0.15788690243971382 
0.16871717640572428 
0.16432404892037783 
0.16547138571667977 
0.1711196785855478 
0.17171772975160574 
0.16580941769111016 
0.16989344274254048 
0.16776677923276473 
0.16216273129615336 
0.16259263027551174 
0.1756667662513757 
0.16786088946992653 
0.17044263301428006 
0.16412055437228312 
0.15670225442566024 
0.17076136837091965 
0.17359898940910137 
0.17208735308381165 
0.17068304351967797 
0.17512680206463443 
0.16957246586891958 
0.16416020427305744 
0.16260611207662776 
0.1663245746126373 
0.16776818739340327 
0.1633226561012782 
0.1660160988009477 
0.1667299624091748 
0.1643648733850356 
0.1640519617514725 
0.16395445356134114 
0.16573965892037104 
0.16669985897537634 
0.16414448735312306 
0.16145703180632073 
0.1717273546287664 
0.16299126236137285 
0.1646473088436775 
0.17171804014183237 
0.1674998646783719 
0.1686722489938177 
0.16456402827052136 
0.1665642642650878 
0.16339428115632318 
0.16502149529945662 
0.1719988515452134 
0.16646567553025346 
0.16402572530004958 
0.15732720791657928 
0.1691866632433841 
0.1667374121081511 
0.1650033981745832 
0.15867079910256654 
0.1659842357802543 
0.16708877123429072 
0.17563438703118536 
0.16718262921791455 
0.16582944423708734 
0.1725857834252537 
0.1764904027270443 
0.16935369643550305 
0.16998290646881212 
0.1671744490557353 
0.16642493065600647 
0.16386503003270753 
0.16539678671833052 
0.16036056066885768 
0.17236615424672577 
0.16236424920532475 
0.17093378689639566 
0.1634965587911956 
0.17201027252716292 
0.16787129887590665 
0.16613352599602432 
0.16685489610923773 
0.16793553208029985 
0.1646135719778314 
0.16381989867565447 
0.15337785188982542 
0.17219432337637014 
0.16611744376432905 
0.16418117972658744 
0.16307181087248343 
0.16554078462396912 
0.1629324905007611 
0.15989694996895337 
0.16606523187623934 
0.16965603844016633 
0.17083053217272257 
0.16518334014915967 
0.16311731227480808 
0.16485280192867366 
