0.0807375641374885 
0.08233967865901337 
0.08184125077723098 
0.08597934674618933 
0.08714434450350529 
0.08464840828300814 
0.08429995058256663 
0.08059284064767995 
0.0836256168071108 
0.08586780223000862 
0.0800888336785398 
0.07998459332218276 
0.08434192646241438 
0.08712260065302109 
0.08922191234963264 
0.08118739594571424 
0.08330343018236588 
0.08506718133727065 
0.08538088325430233 
0.07996054800192472 
0.08292404941118756 
0.08649487989767343 
0.0805794518392883 
0.08670829301120082 
0.08589725932331008 
0.08327837222417624 
0.08085817720190126 
0.08348288160856103 
0.08174220968854148 
0.07886109042285776 
0.08237596362516394 
0.08136016159224953 
0.08035332849372265 
0.08138587370842858 
0.07920685987677986 
0.09067872848633343 
0.08247731933054833 
0.08303052081519674 
0.07938522982214628 
0.08280205533983687 
0.08215104721505052 
0.08121031083046457 
0.0851708667387834 
0.08328311915639525 
0.08048595305590064 
0.0825599460116631 
0.07638694772231247 
0.08044464995256079 
0.08230787311866672 
0.08305596467123931 
0.08295470765896477 
0.08423260576628379 
0.08450390825642498 
0.0837246020101343 
0.08575911322225906 
0.08334687685262192 
0.0811432980322536 
0.08355978426991598 
0.08075871249796567 
0.08032174612560915 
0.08510324939711257 
0.08170494606154566 
0.08350457097204787 
0.07950819776863537 
0.0773441338886052 
0.08191702342336663 
0.08390197945631377 
0.08584705145084595 
0.08285433115044447 
0.07863317408545258 
0.08306152195206726 
0.08379859997124982 
0.08316518386184699 
0.08000546758111429 
0.0823657240688762 
0.07542918609670106 
0.08486243911331519 
0.08350071206871236 
0.08421009865843747 
0.0778020898002919 
0.08377915855970035 
0.08351114190438182 
0.08059759606562603 
0.08117410573162817 
0.08334770353577084 
0.08126373693188542 
0.08554542137771645 
0.08471553913823474 
0.08281330685541513 
0.0799171979566482 
0.08428918159759731 
0.08100868107662432 
0.08635125907072719 
0.08085822995992759 
0.08316367327075669 
0.08540027342163957 
0.08290026634234346 
0.08287283414144073 
0.08193827064119749 
0.08085987039443877 
0.08587761872222482 
0.08214659043467722 
0.08370991647596937 
0.07852426816242411 
0.0838709249858379 
0.08246089945550686 
0.07950587809868935 
0.08241136646132849 
0.08425671213777829 
0.08324646660677966 
0.07963898728486846 
0.08778903775752515 
0.07877086683605006 
0.08240995818953102 
0.08546780770418244 
0.07997999303865709 
0.08208707015590541 
0.08337625370043036 
0.08230508119713334 
0.08057386994089721 
0.08036125312803243 
0.08052822025601196 
0.08310388727389845 
0.08470702870113266 
0.08097218783186554 
0.07947830714624209 
0.0842216852478211 
0.08470522750397115 
0.08135094535599253 
0.08213858408923014 
0.08150975848100485 
0.08339786430322106 
0.08256890346407669 
0.08231337899428423 
0.08226732112213353 
0.0814070421584804 
0.08536173338726391 
0.08198864794675723 
0.08391780650421192 
0.08048791495224913 
0.08439109818364764 
0.07967421924294504 
0.08196466641116056 
0.08344601724149064 
0.07836960535053329 
0.08621983646330653 
0.08428685028084495 
0.08548216109612627 
0.08635980141729563 
0.0820364164352304 
0.08801015030989616 
0.08449049432337359 
0.08503314389306993 
0.08168961865851862 
0.08341537901612378 
0.08550867424676317 
0.0850974866653288 
0.08084516117102082 
0.0848530517835767 
0.0839412179934783 
0.08217903344859369 
0.0850874396361615 
0.08184530921432728 
0.07980799320560894 
0.08202087090302383 
0.08736165477531986 
0.08197391744073505 
0.08070402889181055 
0.08419120412356557 
0.08351148744119682 
0.08052682947558402 
0.08419732816750293 
0.08184992186529545 
0.0829849553780919 
0.08266105764203845 
0.07862088130399787 
0.08415893827831544 
0.08080955430097753 
0.08415348083180582 
0.08514451280880973 
0.08419415237732325 
0.08382359034856955 
0.08823132688731897 
0.0824865507803538 
0.0840398323158261 
0.08038674340356224 
0.08001509643789331 
0.07840765103060145 
0.08156187431087632 
0.0815348077315778 
0.08054712286204575 
0.08192583274748169 
0.07872273746220255 
0.0857526417988778 
0.08110451998817446 
0.07915686827977274 
0.0827513099292144 
0.08051390614769761 
0.08597988982837143 
0.08592284111043068 
0.08029108499816501 
0.08106243134133907 
0.0824571404974553 
0.08217142454927355 
0.07885992692436118 
0.08885712097725605 
0.0809985429331046 
0.08090204223163701 
0.08832919666277614 
0.07793761588559832 
0.07800924443202363 
0.08071615504159911 
0.07725368590914919 
0.08121133163450454 
0.08577321747098199 
0.0823593979455257 
0.0854178969034949 
0.08487617823483966 
0.08270234588276994 
0.08181935380529046 
0.08274432051900316 
0.08569800854039239 
0.08276028537443644 
0.08312643204083024 
0.08096392683773186 
0.08329522419544591 
0.08465896770714382 
0.08680814357029684 
0.08556031497828066 
0.07823558828628256 
0.0837721585227965 
0.08465188564499501 
0.08378386367017865 
0.08572128041472409 
0.08395878160353952 
0.08686693865363979 
0.07899327820731546 
0.08363199721603222 
0.08031910751410413 
0.08497622926639713 
0.08140932131304433 
0.07874005138217222 
0.08026820277010374 
0.07868246856881794 
0.08045613190632832 
0.08275897202135814 
0.08692835020901395 
0.08344584531557034 
0.08542694964632694 
0.08407029783181165 
0.0802106669754359 
0.08082176909909285 
0.08277006905208004 
0.082596390616302 
0.08401099444007848 
0.08040223378846359 
0.08348269877565186 
0.08074042237963015 
0.08287942236083078 
0.08241755598860594 
0.08142338944152497 
0.07892356157621565 
0.08072120741689301 
0.08544523669525077 
0.08283132766576132 
0.08313874716329886 
0.08273577787532008 
0.08018891657875889 
0.07942689200513317 
0.08149618333234611 
0.08710607221771893 
0.08155376981715418 
0.08751908765051396 
0.08434300393111414 
0.08469957369774628 
0.08513377014345072 
0.0847504126908177 
0.08643392865197762 
0.08224328241015673 
0.08370672909931957 
0.0815585329501576 
0.08396297683014459 
0.0818901859467969 
0.07792891565506117 
0.08390209197366032 
0.08032077509403754 
0.08141345010175186 
0.0819559224512221 
0.0816815783683539 
0.08252127594953088 
0.08698266686405112 
0.08163962755280288 
0.08373145622287548 
0.0784728785598412 
0.08232099127210482 
0.08501582276382981 
0.08241666997173275 
0.08003766706710114 
0.08434084728335169 
0.08176477386784527 
0.0836706154709265 
0.08191507634854617 
0.08300449509163275 
0.07913659899855358 
0.08117003831537703 
0.08380987043242075 
0.08476640317887707 
0.08066839302331823 
0.0830072968732351 
0.07799326891669313 
0.08433680342639172 
0.08217800501096219 
0.08065721387483357 
0.08146921129482584 
0.07973190817887259 
0.08454890058122631 
0.08082945115252432 
0.08380721652957998 
0.08000589437088416 
0.08936650294041887 
0.08250985244526236 
0.08231282258401039 
0.08486596150059943 
0.07894477776577115 
0.07772008676727973 
0.08085256376787876 
0.08398234883534979 
0.07930847588957558 
0.0798159085085531 
0.08335163571071011 
0.08078883126425163 
0.08206303838471163 
0.08096016619441278 
0.0791143375153324 
0.08556198377531711 
0.08399726918826715 
0.08379916199528976 
0.08202464525638158 
0.08147098934846154 
0.08168293906561694 
0.08498998193951682 
0.08210573139702385 
0.08638334955112886 
0.08034562881693953 
0.08459338731635105 
0.07975804344998894 
0.08164336932184679 
0.08269479487763788 
0.08430418615459513 
0.0774636112773411 
0.08040152968731973 
0.0818955034580288 
0.07584973205057818 
0.08376462982492966 
0.07922725829810931 
0.08196130034375707 
0.08503439002089859 
0.08353927482413556 
0.07579591287921907 
0.08446559336603551 
0.083316320771696 
0.08145633811478618 
0.08031044951364896 
0.08328023917291429 
0.08471084338798573 
0.08392939506860646 
0.07975140033954917 
0.08127991137458146 
0.08182030649870431 
0.0854407558724698 
0.08565975776538227 
0.08583881433429809 
0.07980611290650344 
0.08496770578707581 
0.08198284033835959 
0.08245106858574064 
0.0821881670031654 
0.0787131240834041 
0.08155397500041875 
0.0852500731000357 
0.08221009208360248 
0.08048311533203105 
0.08458382887089494 
0.08581144471017431 
0.08304667739587893 
0.08398528668063986 
0.08018862124793492 
0.08345360968367327 
0.0827688046623715 
0.08491237812230158 
0.08275848710849742 
0.08140529282795443 
0.08233604037271108 
0.08699490651050559 
0.08227330027772618 
0.0821165045906039 
0.08014106000691955 
0.08294664973693724 
0.07606918129464452 
0.08714822096378906 
0.08556055431038778 
0.0842873002128799 
0.08445598244239996 
0.08450009719701168 
0.08382879477838515 
0.08576976037081596 
0.08077671560401695 
0.08199371836257853 
0.08860592693686924 
0.07950966167797767 
0.08272899876603204 
0.0798903080226889 
0.08243843631818744 
0.08194326533781475 
0.08450696081223982 
0.08050856805003875 
0.08043817176894724 
0.08286301800077482 
0.0815174252871484 
0.07914488827042021 
0.08370885549427722 
0.08251433169010643 
0.0878807056805283 
0.08222224412052155 
0.08303918199260753 
0.08596164952936837 
0.08590213951843298 
0.07968308712959336 
0.08005549348800839 
0.08664776218126059 
0.08961828017561672 
0.08343409881245405 
0.0867983528362457 
0.07780207682137658 
0.08104911018960777 
0.08462337840003734 
0.08094239689422231 
0.08527987653488453 
0.08169849901453416 
0.08456569088477807 
0.08569921542520216 
0.08466965668592188 
0.0816642992727891 
0.08286216302623862 
0.08308880158736266 
0.08479549194547287 
0.08196912040069784 
0.07886540560878602 
0.08274467490220482 
0.08290802285483707 
0.08538244915727727 
0.0860724566353828 
0.08374971630048451 
0.0876430067953979 
0.08421463094631805 
0.07838520767003662 
0.08355897834511068 
0.08289614460783246 
0.081277344745584 
0.08282336631029477 
0.0837026136539684 
0.08463703736947947 
0.08442192358920678 
0.08151325106394149 
0.08002043990429895 
0.08446740031561566 
0.08101647841019555 
0.08233865879899396 
0.07966142190586756 
0.08393525654976117 
0.08639508075234376 
0.07850595525010258 
0.08073837033672511 
0.08058691409134926 
0.08206674724571264 
0.084926295917846 
0.08096725508011571 
0.08233170706096286 
0.08367572462493676 
0.08652310362699277 
0.08483740390924495 
0.0835919147773502 
0.0805476500832002 
0.0858435802066925 
0.08879915255016263 
0.08261615531135971 
0.08501451968914212 
0.08110704391134826 
0.08459144939217653 
0.0810866798780345 
0.0842550768070205 
0.08622470177103157 
0.08482741240020149 
0.08239511236871006 
0.08020000394473031 
0.0831991275186977 
0.08451624712174578 
0.08726941641298316 
0.08781287999755218 
0.08889172119937941 
0.08516054536988452 
0.08388958462256002 
0.08095481261587098 
0.08365610815571962 
0.0837151507141294 
0.08234863342208121 
0.0846484652495704 
0.08642679406026495 
0.0820393386129027 
0.08413894280063021 
0.08039797814083714 
0.08124296137927083 
0.07930621364682373 
0.08297378739576174 
0.07685166685036439 
0.08186131348799956 
0.08080676632077832 
0.08237193162059032 
0.08151816378491396 
0.08085665341336629 
0.08500682666715131 
0.08105891573488462 
0.08337705563823312 
0.08052584160350842 
0.0803225148940332 
0.08627271106527591 
0.08362509298457435 
0.0832028576503716 
0.0756715138212768 
0.08012678463933834 
0.0775487602156395 
0.08198246880818981 
0.08106404063489595 
0.08093981557961383 
0.08481559637237142 
0.0854077723992868 
0.08562091189101613 
0.08413056116348824 
0.07572435057252311 
0.08832159990587847 
0.08598084200800578 
0.08239168455103696 
0.0849415553281394 
0.08101939769508965 
0.07932738435573479 
0.0841836794088069 
0.07867514383514847 
0.0833959068653587 
0.0822521481977221 
0.08377017845948789 
0.07945272877613836 
0.08303810138444065 
0.08439446878617804 
0.08223934521476842 
0.08000644678281703 
0.08236373236778281 
0.08226603407123305 
0.0833568615331169 
0.0819527142128316 
0.08239698448739688 
0.08137277381259653 
0.08612576048063564 
0.07748800001666752 
0.08191582095756088 
0.0812175934552073 
0.08146121855200651 
0.08321806763171036 
0.07977075504624495 
0.08143848686645727 
0.0854232457481386 
0.082762291913708 
0.0802124493556914 
0.08465114323339075 
0.0831942522531478 
0.07851235772563316 
0.08305902566658684 
0.08359559768033044 
0.084546742432853 
0.0785795180866844 
0.08649225374765125 
0.08255085952601672 
0.08050181422745847 
0.08300021398426727 
0.08348076930508327 
0.08333187924109584 
0.0829839912298463 
0.0823891976373114 
0.07930520903157827 
0.08422761431802414 
0.0830295556673566 
0.08535658623058719 
0.0759046875270242 
0.08331109927318606 
0.08768435396139843 
0.08625402869442342 
0.08146733494645525 
0.08132801553980613 
0.08218667704028543 
0.0864014022595507 
0.08374677699387066 
0.08774933820708952 
0.0828162242877339 
0.08115527267098839 
0.08253379317068009 
0.08322509777937583 
0.08115355082696031 
0.0836769143581336 
0.08075573161342049 
0.08293420144941889 
0.08790270918500163 
0.08429851172328702 
0.08220702885113497 
0.0822001379583568 
0.08181252946756114 
0.08394090499885018 
0.08333510265496878 
0.08046761127979665 
0.08291935652318766 
0.08009637438014376 
0.07819395939649293 
0.08080633885624318 
0.0831563474412983 
0.07688505644530472 
0.08326713113717017 
0.08662973418725171 
0.08567504588493818 
0.08527132448292106 
0.08184955839352957 
0.07802482966314388 
0.08530686724726272 
0.07918891991937758 
0.08276456219476062 
0.08214074601850614 
0.08322721340786793 
0.08026510476702253 
0.08426237220705797 
0.07979696775998654 
0.08772230867791121 
0.08007683293800068 
0.08357578287700018 
0.08434615746138618 
0.08274790765532324 
0.083948455894449 
0.0819873207944409 
0.0843466087980303 
0.07766631897049056 
0.08521927276543627 
0.08269924972499076 
0.0786295501314955 
0.08590878532459853 
0.08150882082617289 
0.08335648002870803 
0.07724806120870188 
0.08171653994454092 
0.07925241375689068 
0.08434645147602038 
0.08065994211340588 
0.0812615770680366 
0.08541699708974745 
0.08677971084519823 
0.08401152165487495 
0.07967250109348564 
0.08057447492681817 
0.08161541165095308 
0.08596805117674697 
0.0870164786164892 
0.08253706000089041 
0.0869063229091811 
0.08445640272945383 
0.0850565447463814 
0.07665158180267788 
0.08089914930182446 
0.07989857166943892 
0.08078050461526813 
0.08201088424949063 
0.08158731084064517 
0.08005903012372839 
0.08141202359573993 
0.0871481376578036 
0.0800948901659579 
0.08564118686195604 
0.0866213683867882 
0.08456933541443808 
0.07954083239044639 
0.08390251909926429 
0.08101144741386247 
0.08554786829369718 
0.08248409630291 
0.08122278746799054 
0.07966822612484993 
0.08266734742801238 
0.07979487718740001 
0.08381557950934147 
0.0802823394542545 
0.0843083849333579 
0.08945773676440995 
0.07715450068956063 
0.08260517297173268 
0.08497331515501982 
0.0834638246294859 
0.08534570094247244 
0.08324000159696024 
0.08149278482817575 
0.08796656848665124 
0.0789549619701925 
0.08123240740469657 
0.07865963009481955 
0.08452856303472676 
0.08184660876873716 
0.0824251017077252 
0.07913300583663523 
0.0777012739745507 
0.08396121565505024 
0.08503768691547338 
0.08848776397059743 
0.08385086682921314 
0.08410883815169912 
0.08159475814249877 
0.08165433092141965 
0.07815838214852694 
0.0848428728153705 
0.08469322854130037 
0.08532911659586388 
0.08248474065684543 
0.08447690991505256 
0.082205771832219 
0.08260240196454485 
0.08372014338882236 
0.08497520711006022 
0.08408894871913093 
0.08178663040628349 
0.084781609647106 
0.08083263322258886 
0.07813103001618699 
0.08507706653067565 
0.08471433061827241 
0.0873871186199413 
0.08447964967800635 
0.08298347663103142 
0.07628731088582275 
0.08121153590800277 
0.08575196815732239 
0.08731531149602668 
0.08793155880016945 
0.08539041192908388 
0.0815284804384776 
0.08090345815840437 
0.08747728262424659 
0.08368940321067643 
0.08310963065608984 
0.08569258085821865 
0.08006209896889331 
0.08071818035939765 
0.08236288556788676 
0.08614522271359072 
0.08377673225858316 
0.08052422189234311 
0.08117145484123113 
0.08235625992801632 
0.08424636647328777 
0.08659367514176088 
0.08030438743873845 
0.08218899519469795 
0.08370923134893114 
0.0771880369844867 
0.08459933688403404 
0.08415388444358472 
0.0812980837771781 
0.07870090435442417 
0.07753455195488507 
0.08320910089234455 
0.08425288953722049 
0.08197411404334384 
0.08010564926731328 
0.08181364552324122 
0.08569945161469383 
0.0813868562557594 
0.08420626834058297 
0.08464880726719652 
0.0810303501018972 
0.08449721778083089 
0.08439024860766735 
0.08327433625251199 
0.08060510542479207 
0.08340509163119499 
0.0878384341361689 
0.08231454323505283 
0.07651988717786143 
0.08286481559659634 
0.08119384209577073 
0.0842094747274469 
0.08419087527869341 
0.07936658459311892 
0.07960492729177351 
0.08316351519973186 
0.08333048370405563 
0.08457496765040697 
0.08032562794970828 
0.08480398833343239 
0.08657990611884321 
0.08348652559714102 
0.08031747366112774 
0.08397408566841653 
0.08284080843385214 
0.08424804788884561 
0.08615843141520797 
0.08222785145701969 
0.08328386751699803 
0.08362262262405698 
0.08005176246766553 
0.08040030938783499 
0.08391940636366296 
0.07865433481809707 
0.08368187897749801 
0.08277074356675711 
0.08388377528402269 
0.08341314158969604 
0.08013130491092768 
0.08352803229835527 
0.07879025306302381 
0.0799768264896432 
0.08245813423405293 
0.08377176560465656 
0.07761005181640043 
0.07950661517375482 
0.08156446783009419 
0.0859939768578144 
0.08386979375748448 
0.08556960124867344 
0.08249047271764895 
0.08428854317383913 
0.08431519354671103 
0.0817629616898148 
0.08072666094237922 
0.0798944549807318 
0.08815957809983042 
0.08027557126964938 
0.08013876077572701 
0.07994090778178094 
0.08282463001270587 
0.08095138047976418 
0.08578612799565172 
0.08020635295169447 
0.08092727836852505 
0.07585599569810565 
0.08343468066833686 
0.08010328778695264 
0.08211411177419271 
0.08103613782128893 
0.08162535220763513 
0.08446771631502778 
0.08177882546199579 
0.08824014489456242 
0.07915253191461005 
0.08255114291041807 
0.08315296962130155 
0.08385033247718578 
0.08404061635299025 
0.08797003961933124 
0.08208063788969916 
0.08610590953751124 
0.07849458483577179 
0.09013527611344961 
0.08234231643810293 
0.08547847320076372 
0.08784667975558953 
0.08393490865174719 
0.08110590921878431 
0.08792287329152973 
0.08575287022851824 
0.08431727848519639 
0.08105110331528048 
0.08478762437511826 
0.08384757068880376 
0.08076339375721556 
0.07828854524622367 
0.08275586328441838 
0.07940253992166793 
0.08436905149472804 
0.0818943823650809 
0.08415077338923706 
0.08627681578574767 
0.08393502330302899 
0.08312899688655437 
0.08396166830326525 
0.08287331816947203 
0.07846074026466476 
0.08718116087427728 
0.07876332741675023 
0.08545294937410795 
0.08117111654339568 
0.08430193148417227 
0.08353811770433008 
0.07928513636640047 
0.07577713161233737 
0.08423034409027065 
0.08283172737187035 
0.07951447937039643 
0.08545584333954286 
0.08063038403186994 
0.08169377269150287 
0.0875360377999531 
0.08596142101131911 
0.08322570846780517 
0.08396601876103539 
0.08151346703701301 
0.08605057435151921 
0.08315525527946915 
0.08152460221045757 
0.07953529879864817 
0.082801674356707 
0.07722362920878678 
0.0858570407341342 
0.08788752889029121 
0.08405851274487089 
0.08459468381655982 
0.08296682935545953 
0.08440943973914851 
0.07881435037304499 
0.0819986878732356 
0.08009074177510683 
0.08351975635181544 
0.0809229711431277 
0.08174078021195136 
0.0796758275343854 
0.08476722111050726 
0.08216174503178017 
0.08174520094715396 
0.08255299538906449 
0.07953845108726922 
0.08693034479820488 
0.08241789520468142 
0.08043365460369184 
0.08446350177680154 
0.08335686850536576 
0.08611953274790063 
0.08201299204918917 
0.08285782844817412 
0.07811413018623971 
0.07610773532177942 
0.07717284652732914 
0.08323666538814614 
0.08427554040696665 
0.08521465697295226 
0.08338445862418055 
0.08153808041538484 
0.08705329566419993 
0.07992849906884225 
0.0810774402807752 
0.08241305367809909 
0.08318827544711745 
0.08181948622474779 
0.08306767085038647 
0.08406845339430877 
0.08272292008555314 
0.08429465883808877 
0.07978061080891535 
0.08612828750885541 
0.08169565551738385 
0.08385522067922903 
0.08103322511118137 
0.08352723451328607 
0.08339597287208009 
0.08088840121590016 
0.08534396517434832 
0.08582095496323158 
0.08349366780356553 
0.08365675630417843 
0.08480136141961506 
0.083419782292551 
0.07752395251655936 
0.08205522990293959 
0.08056814640349469 
0.08106620058066369 
0.08515288916650904 
0.08428828235688797 
0.08311371382911127 
0.07902307812074184 
0.08775042574122678 
0.07961292071634912 
0.07594230668363079 
0.08278137099763198 
0.08131417532376388 
0.08211783086108317 
0.08148712050298214 
0.08245283061061237 
0.0852340213017194 
0.08083699979007215 
0.09161460497651684 
0.08660589820384695 
0.08040957458010117 
0.07970804916525152 
0.0791559751848968 
0.08284710661198956 
0.08155903934940814 
0.08447709703018899 
0.0830058631689164 
0.08373403462835768 
0.08343382010881598 
0.08224421321746196 
