0.8253968253968254 0.5544554455445545 0.8578978273634762  
0.85 0.6451612903225806 0.8611914401388086  
0.8136482939632546 0.651685393258427 0.8516355140186916  
0.7989949748743719 0.6333333333333333 0.8689492325855962  
0.8269720101781171 0.616822429906542 0.8561236623067776  
0.8181818181818182 0.7674418604651163 0.8366993652625505  
0.8235294117647058 0.5894736842105263 0.8464681844716871  
0.8172323759791122 0.6288659793814433 0.8513513513513513  
0.8145363408521303 0.704225352112676 0.8376168224299065  
0.8269720101781171 0.6477272727272727 0.8506760728982952  
0.814621409921671 0.6526315789473685 0.8503521126760564  
0.845360824742268 0.6448598130841121 0.8435091879075282  
0.8048192771084337 0.6847826086956522 0.8573134328358208  
0.8445040214477212 0.5523809523809524 0.8591549295774648  
0.8 0.7051282051282052 0.8513750731421884  
0.806615776081425 0.6428571428571429 0.8434017595307918  
0.8192090395480226 0.7037037037037037 0.8546078992558672  
0.812807881773399 0.7349397590361446 0.8576491435321913  
0.8406169665809768 0.7252747252747253 0.86427732079906  
0.8661202185792349 0.6310679611650486 0.8569760653823701  
0.8337662337662337 0.6626506024096386 0.8436406067677946  
0.8567251461988304 0.6236559139784946 0.8437321121923297  
0.8108108108108109 0.7021276595744681 0.8579743888242142  
0.8530259365994236 0.6019417475728155 0.8377598152424942  
0.8309859154929577 0.6551724137931034 0.8586206896551725  
0.8191214470284238 0.6976744186046512 0.8478642480983031  
0.8200514138817481 0.6111111111111112 0.8473282442748091  
0.8589743589743589 0.6538461538461539 0.8601895734597157  
0.818639798488665 0.7439024390243902 0.8543746330005872  
0.8621621621621621 0.7375 0.8469976905311778  
0.8372093023255814 0.6818181818181818 0.8517867603983597  
0.7975609756097561 0.7391304347826086 0.861904761904762  
0.8383561643835616 0.5656565656565656 0.8591385331781141  
0.8738738738738738 0.7171717171717171 0.8451428571428572  
0.8419689119170984 0.7 0.8452520515826495  
0.8257142857142857 0.6326530612244898 0.8587081891580162  
0.8449612403100775 0.594059405940594 0.8571428571428571  
0.8172323759791122 0.5957446808510638 0.86158357771261  
0.8524173027989822 0.7126436781609196 0.854876615746181  
0.8337531486146096 0.7692307692307693 0.8500292911540714  
0.8228155339805825 0.6627906976744186 0.8533254156769596  
0.8606965174129353 0.7023809523809523 0.8584905660377359  
0.8382749326145552 0.6979166666666666 0.8501457725947522  
0.8556149732620321 0.6470588235294118 0.8540445486518171  
0.8272251308900523 0.7125 0.8552325581395349  
0.8409703504043127 0.75 0.8459756803705848  
0.8373983739837398 0.7088607594936709 0.8431372549019608  
0.8384615384615385 0.6597938144329897 0.8589970501474926  
0.8221649484536082 0.6744186046511628 0.8477751756440282  
0.8104395604395604 0.6883116883116883 0.8408960367604825  
0.8015075376884422 0.6666666666666666 0.8588445503275759  
0.8306878306878307 0.6785714285714286 0.852906976744186  
0.8538681948424068 0.6162790697674418 0.8477389811104751  
0.8240223463687151 0.6116504854368932 0.84253341080767  
0.8152709359605911 0.6067415730337079 0.8405453467694132  
0.8319783197831978 0.6704545454545454 0.8457971014492753  
0.8282548476454293 0.7 0.8625072212593876  
0.8345864661654135 0.6739130434782609 0.846836191602602  
0.7968337730870713 0.6813186813186813 0.8487149532710281  
0.8297872340425532 0.6888888888888889 0.8589743589743589  
0.8419540229885057 0.6238532110091743 0.856231884057971  
0.8384615384615385 0.6568627450980392 0.849112426035503  
0.8333333333333334 0.6146788990825688 0.8553016988869362  
0.8216216216216217 0.6881720430107527 0.8487492728330425  
0.8548387096774194 0.6702127659574468 0.8624708624708625  
0.8532608695652174 0.6428571428571429 0.846242774566474  
0.818407960199005 0.6741573033707865 0.8486102897693673  
0.8249336870026526 0.6813186813186813 0.8459743290548425  
0.8492063492063492 0.6666666666666666 0.861046511627907  
0.8575498575498576 0.651685393258427 0.8524684270952928  
0.8096446700507615 0.6288659793814433 0.8545239503252513  
0.8219895287958116 0.7045454545454546 0.8463785046728972  
0.8071979434447301 0.6666666666666666 0.865521327014218  
0.8174603174603174 0.5977011494252874 0.8509027373325568  
0.8587257617728532 0.5384615384615384 0.8450786255096098  
0.8426666666666667 0.6435643564356436 0.8364595545134819  
0.8386243386243386 0.6951219512195121 0.8437862950058072  
0.8141361256544503 0.7558139534883721 0.8628938156359394  
0.8674351585014409 0.6526315789473685 0.8459770114942529  
0.8274932614555256 0.6145833333333334 0.8443148688046648  
0.8579088471849866 0.6607142857142857 0.8591632292280496  
0.8246913580246914 0.6588235294117647 0.8540189125295509  
0.8415300546448088 0.6347826086956522 0.8465608465608465  
0.8487394957983193 0.6306306306306306 0.8512252042007001  
0.84 0.627906976744186 0.852992446252179  
0.8372093023255814 0.7536231884057971 0.8482039397450754  
0.8442622950819673 0.6320754716981132 0.860233918128655  
0.8266331658291457 0.5957446808510638 0.8615384615384616  
0.7979002624671916 0.6122448979591837 0.8602466236054023  
0.8440860215053764 0.6153846153846154 0.849912739965096  
0.8306451612903226 0.6435643564356436 0.8537156231714453  
0.7909738717339667 0.6470588235294118 0.8661844484629295  
0.825065274151436 0.6086956521739131 0.8450118764845606  
0.8041237113402062 0.6448598130841121 0.8618850029638412  
0.8368983957219251 0.6835443037974683 0.838635049161365  
0.8218085106382979 0.7142857142857143 0.8507549361207898  
0.8507853403141361 0.6306306306306306 0.8590882178804026  
0.8365122615803815 0.6237623762376238 0.8407234539089848  
0.8689839572192514 0.6555555555555556 0.8463329452852154  
0.8854166666666666 0.6373626373626373 0.8512009373169303  
0.8315789473684211 0.5925925925925926 0.8677685950413223  
0.8455497382198953 0.6629213483146067 0.8521332554061952  
0.8401015228426396 0.5769230769230769 0.8557007125890737  
0.8661417322834646 0.7176470588235294 0.8548951048951049  
0.8807588075880759 0.6086956521739131 0.8510011778563016  
0.819371727748691 0.6631578947368421 0.8486803519061583  
0.8290155440414507 0.5535714285714286 0.8539192399049881  
0.8415300546448088 0.5471698113207547 0.8502923976608188  
0.8245192307692307 0.7654320987654321 0.8367952522255193  
0.8229166666666666 0.5700934579439252 0.8568894145476049  
0.8590078328981723 0.7088607594936709 0.8488372093023255  
0.8501362397820164 0.6129032258064516 0.8455284552845529  
0.8224043715846995 0.6476190476190476 0.8562244301578025  
0.8461538461538461 0.648936170212766 0.8509643483343075  
0.8394736842105263 0.7777777777777778 0.8593840790238234  
0.8870967741935484 0.7349397590361446 0.8430804863925883  
0.865546218487395 0.6116504854368932 0.8519163763066202  
0.8479381443298969 0.6129032258064516 0.8594944150499706  
0.8310991957104558 0.6213592233009708 0.8452520515826495  
0.847887323943662 0.7027027027027027 0.8322875071306332  
0.8687150837988827 0.6129032258064516 0.8428653957250144  
0.8728323699421965 0.6568627450980392 0.8575547866205305  
0.8509485094850948 0.5670103092783505 0.8496503496503497  
0.8349753694581281 0.5882352941176471 0.8590203106332138  
0.883289124668435 0.6310679611650486 0.8495887191539365  
0.8513513513513513 0.5858585858585859 0.8464681844716871  
0.8154613466334164 0.6986301369863014 0.8518735362997658  
0.822289156626506 0.5700934579439252 0.8485370051635112  
0.8535911602209945 0.6705882352941176 0.8455331412103746  
0.8498659517426274 0.580952380952381 0.8556338028169014  
0.8221649484536082 0.6595744680851063 0.8452941176470589  
0.8419618528610354 0.6347826086956522 0.8552941176470589  
0.8438356164383561 0.63 0.8491555037856727  
0.8296703296703297 0.6039603960396039 0.8631333721607455  
0.8367952522255193 0.67 0.8401146131805157  
0.8284960422163589 0.5826086956521739 0.860781990521327  
0.8583569405099151 0.6017699115044248 0.8589743589743589  
0.8514588859416445 0.6020408163265306 0.8541300527240774  
0.8355795148247979 0.6320754716981132 0.8545454545454545  
0.8582677165354331 0.7808219178082192 0.8425925925925926  
0.8523316062176166 0.7 0.8496503496503497  
0.8398950131233596 0.6504854368932039 0.85924617196702  
0.8284960422163589 0.7125 0.8461984910040626  
0.8418079096045198 0.6105263157894737 0.8517022504327756  
0.855072463768116 0.6444444444444445 0.8402976531196337  
0.8407960199004975 0.7195121951219512 0.8604240282685512  
0.8333333333333334 0.75 0.8523644752018454  
0.8433420365535248 0.6178861788617886 0.8621718377088305  
0.8169761273209549 0.673469387755102 0.8570591681312244  
0.8672086720867209 0.6813186813186813 0.8507549361207898  
0.8571428571428571 0.6842105263157895 0.8432400932400932  
0.836272040302267 0.6736842105263158 0.855621301775148  
0.8214285714285714 0.6666666666666666 0.8518299881936245  
0.8310249307479224 0.5480769230769231 0.8543972044263249  
0.844059405940594 0.6907216494845361 0.8477096966091612  
0.8196286472148541 0.6732673267326733 0.857981220657277  
0.8395061728395061 0.5510204081632653 0.8653960690887433  
0.819371727748691 0.7263157894736842 0.8680351906158358  
0.8188585607940446 0.6790123456790124 0.8574793875147232  
0.8025974025974026 0.6237623762376238 0.8425707547169812  
0.8228882833787466 0.6236559139784946 0.8600464576074333  
0.8540540540540541 0.6804123711340206 0.8390670553935861  
0.843520782396088 0.7 0.8529587567244471  
0.8186528497409327 0.5526315789473685 0.8697978596908442  
0.8210526315789474 0.7325581395348837 0.844988344988345  
0.821882951653944 0.7391304347826086 0.8568061284619918  
0.8501362397820164 0.6746987951807228 0.8498845265588915  
0.811704834605598 0.6702127659574468 0.8489675516224189  
0.8337662337662337 0.5565217391304348 0.8513674197384067  
0.8397932816537468 0.6941176470588235 0.8555555555555555  
0.8283378746594006 0.6304347826086957 0.8595473012188044  
0.8301369863013699 0.6831683168316832 0.8432400932400932  
0.8118811881188119 0.6385542168674698 0.8407079646017699  
0.812987012987013 0.6504854368932039 0.8642266824085005  
0.8386167146974063 0.6344086021505376 0.8530424799081515  
0.8559782608695652 0.6190476190476191 0.846242774566474  
0.8208092485549133 0.6796116504854369 0.8493941142527409  
0.8519480519480519 0.6764705882352942 0.8418879056047197  
0.8328840970350404 0.5225225225225225 0.8458823529411764  
0.8411458333333334 0.711340206185567 0.8536155202821869  
0.8063660477453581 0.6039603960396039 0.8603286384976526  
0.8473684210526315 0.7529411764705882 0.8596389050669773  
0.8425414364640884 0.63 0.8412790697674418  
0.8054054054054054 0.6330275229357798 0.8661186142102173  
0.8333333333333334 0.7160493827160493 0.8514851485148515  
0.8271276595744681 0.6538461538461539 0.8431712962962963  
0.8488063660477454 0.6703296703296703 0.8453908984830805  
0.8674033149171271 0.6190476190476191 0.8559766763848397  
0.8144329896907216 0.6631578947368421 0.8628605061801059  
0.8432432432432433 0.603448275862069 0.8608490566037735  
0.8154613466334164 0.5747126436781609 0.8488783943329398  
0.8377659574468085 0.6847826086956522 0.8500583430571762  
0.8333333333333334 0.6826923076923077 0.8441558441558441  
0.7866666666666666 0.5764705882352941 0.8501742160278746  
0.824 0.6868686868686869 0.8489461358313818  
0.8333333333333334 0.8028169014084507 0.8418926716676284  
0.8690476190476191 0.6464646464646465 0.8506010303377218  
0.8480662983425414 0.6777777777777778 0.8566473988439306  
0.8396739130434783 0.6194690265486725 0.8500881834215167  
0.8399014778325123 0.6835443037974683 0.8497348261638185  
0.8587570621468926 0.6020408163265306 0.8352601156069365  
0.8038740920096852 0.7011494252873564 0.8620689655172413  
0.8151041666666666 0.6019417475728155 0.8560471976401179  
0.8501291989664083 0.5754716981132075 0.8478389579632919  
0.821522309711286 0.7216494845360825 0.857981220657277  
0.8477011494252874 0.6571428571428571 0.838635049161365  
0.8452722063037249 0.6629213483146067 0.8348623853211009  
0.8380462724935732 0.7261904761904762 0.8595669982445875  
0.8379746835443038 0.6702127659574468 0.8535144713526285  
0.8224543080939948 0.6627906976744186 0.8517221249270286  
0.8128205128205128 0.69 0.8611111111111112  
0.8235294117647058 0.717948717948718 0.8514450867052024  
0.8297872340425532 0.6285714285714286 0.8512639623750735  
0.8439024390243902 0.71 0.854066985645933  
0.861671469740634 0.5625 0.8599882835383714  
0.8560411311053985 0.6666666666666666 0.8532002348796242  
0.8063725490196079 0.7422680412371134 0.855098389982111  
0.8228571428571428 0.5517241379310345 0.8361031518624642  
0.8428184281842819 0.6407766990291263 0.8508771929824561  
0.8467966573816156 0.6632653061224489 0.8434782608695652  
0.8374384236453202 0.6629213483146067 0.8429164196799052  
0.816711590296496 0.6170212765957447 0.8613861386138614  
0.8555240793201133 0.7032967032967034 0.8331415420023015  
0.8350515463917526 0.7032967032967034 0.8490898414562537  
0.8179347826086957 0.6041666666666666 0.8504074505238649  
0.8530183727034121 0.6944444444444444 0.8511518015357353  
0.8177458033573142 0.6237623762376238 0.8671875  
0.8491620111731844 0.6146788990825688 0.8460641399416909  
0.810126582278481 0.6122448979591837 0.8602723505032563  
0.8425414364640884 0.6666666666666666 0.8567285382830626  
0.8096590909090909 0.5833333333333334 0.8379469434832757  
0.7975609756097561 0.6288659793814433 0.8674626865671642  
0.8457583547557841 0.6736842105263158 0.8557126030624264  
0.8571428571428571 0.6222222222222222 0.841952353282975  
0.8337874659400545 0.6363636363636364 0.8513986013986014  
0.8346456692913385 0.7073170731707317 0.8406050029086678  
0.8434065934065934 0.6630434782608695 0.8592120509849362  
0.8144329896907216 0.717391304347826 0.8513513513513513  
0.8444444444444444 0.6057692307692307 0.8498253783469151  
0.849624060150376 0.5700934579439252 0.8568019093078759  
0.835 0.6395348837209303 0.8549528301886793  
0.8350253807106599 0.6351351351351351 0.8418903150525088  
0.8409703504043127 0.6396396396396397 0.8523529411764705  
0.8328767123287671 0.6702127659574468 0.8508415554265816  
0.8492753623188406 0.6987951807228916 0.8392246294184721  
0.8661202185792349 0.6 0.852717708942139  
0.8197969543147208 0.6842105263157895 0.8487891317188423  
0.8293963254593176 0.6483516483516484 0.8497076023391813  
0.8181818181818182 0.6981132075471698 0.8562980484920165  
0.8443877551020408 0.675 0.8333333333333334  
0.8672086720867209 0.6753246753246753 0.8450460829493087  
0.825065274151436 0.6116504854368932 0.875  
0.7786259541984732 0.6666666666666666 0.8538461538461538  
0.8184210526315789 0.6666666666666666 0.8512396694214877  
0.8115183246073299 0.67 0.8647058823529412  
0.8404255319148937 0.6428571428571429 0.8507549361207898  
0.830238726790451 0.7176470588235294 0.8465116279069768  
0.8294573643410853 0.7037037037037037 0.8471411901983664  
0.8529411764705882 0.6707317073170732 0.8441483198146003  
0.8143236074270557 0.6363636363636364 0.85052754982415  
0.8463687150837989 0.625 0.8523255813953489  
0.8743169398907104 0.6730769230769231 0.8487149532710281  
0.8324873096446701 0.6521739130434783 0.8408018867924528  
0.8356545961002786 0.6422018348623854 0.8570595099183197  
0.8147138964577657 0.6605504587155964 0.8487690504103166  
0.8103896103896104 0.5909090909090909 0.8490345231129316  
0.8519553072625698 0.6822429906542056 0.8520675596971462  
0.8346456692913385 0.5977011494252874 0.8582263710618436  
0.8586956521739131 0.5304347826086957 0.849911712772219  
0.8387096774193549 0.5851063829787234 0.8455710955710956  
0.8438356164383561 0.8 0.8347725964306275  
0.8509485094850948 0.6057692307692307 0.8537156231714453  
0.8518518518518519 0.62 0.8480046948356808  
0.810880829015544 0.6222222222222222 0.8481828839390387  
0.8414322250639387 0.6283185840707964 0.8611442193087009  
0.867231638418079 0.6146788990825688 0.8435136707388017  
0.8179419525065963 0.6813186813186813 0.8469626168224299  
0.830423940149626 0.7341772151898734 0.8607520564042304  
0.8310249307479224 0.759493670886076 0.8461538461538461  
0.8056265984654731 0.6590909090909091 0.8461538461538461  
0.8567415730337079 0.6153846153846154 0.854239256678281  
0.8151898734177215 0.5648148148148148 0.8552709946396665  
0.8443804034582133 0.6705882352941176 0.8422857142857143  
0.8110831234256927 0.6551724137931034 0.8480565371024735  
0.8290816326530612 0.6629213483146067 0.847148736037625  
0.8156565656565656 0.6966292134831461 0.8509133765468474  
0.8390501319261213 0.5252525252525253 0.8485915492957746  
0.8328912466843501 0.7555555555555555 0.8623906705539358  
0.8368421052631579 0.6203703703703703 0.8571428571428571  
0.8492462311557789 0.5652173913043478 0.8563829787234043  
0.8431876606683805 0.5876288659793815 0.8543632075471698  
0.8422391857506362 0.6770833333333334 0.863555818074424  
0.847769028871391 0.6904761904761905 0.8462434478741991  
0.8284182305630027 0.6373626373626373 0.8410942956926659  
0.8298969072164949 0.6105263157894737 0.8622719246615657  
0.8131578947368421 0.6382978723404256 0.8559718969555035  
0.8705882352941177 0.6764705882352942 0.8477011494252874  
0.8608923884514436 0.693069306930693 0.8570588235294118  
0.8537234042553191 0.6190476190476191 0.8542034097589654  
0.8032786885245902 0.6375 0.8398617511520737  
0.8383838383838383 0.5757575757575758 0.8612922347362182  
0.8354430379746836 0.6363636363636364 0.856042654028436  
0.8310626702997275 0.6962025316455697 0.8600230414746544  
0.8542199488491049 0.6666666666666666 0.8492753623188406  
0.8484848484848485 0.6138613861386139 0.8635014836795252  
0.8446115288220551 0.6363636363636364 0.8580760095011877  
0.8544474393530997 0.6448598130841121 0.8620892018779343  
0.8200514138817481 0.6962025316455697 0.8459743290548425  
0.8328767123287671 0.648936170212766 0.8479396401625072  
0.7952755905511811 0.6296296296296297 0.8606024808033077  
0.8227848101265823 0.65 0.8529934795494961  
0.8168316831683168 0.631578947368421 0.8538324420677362  
0.8783068783068783 0.68 0.8550469483568075  
0.8549222797927462 0.6320754716981132 0.8550295857988166  
0.8541666666666666 0.725 0.8492433061699651  
0.806930693069307 0.6363636363636364 0.8443786982248521  
0.8419689119170984 0.7159090909090909 0.8536299765807962  
0.7846534653465347 0.6590909090909091 0.8710059171597633  
0.8489010989010989 0.7073170731707317 0.8473502304147466  
0.8282051282051283 0.648936170212766 0.8610129564193169  
0.8533333333333334 0.6739130434782609 0.8419825072886298  
0.8541666666666666 0.5974025974025974 0.8436955258570599  
0.8448753462603878 0.5930232558139535 0.8593659942363112  
0.8357348703170029 0.7126436781609196 0.8506864988558352  
0.791005291005291 0.7027027027027027 0.8514450867052024  
0.8075 0.6914893617021277 0.8542654028436019  
0.8053333333333333 0.7761194029850746 0.8442528735632184  
0.8282548476454293 0.5315315315315315 0.8596491228070176  
0.8641304347826086 0.6161616161616161 0.8553935860058309  
0.7990196078431373 0.75 0.8555555555555555  
0.8164893617021277 0.6304347826086957 0.8564760793465578  
0.8025641025641026 0.7011494252873564 0.8627565982404692  
0.8097686375321337 0.6336633663366337 0.8605200945626478  
0.8538461538461538 0.66 0.8569739952718676  
0.8337801608579088 0.648936170212766 0.8612244897959184  
0.84375 0.625 0.8490011750881316  
0.8388746803069054 0.631578947368421 0.8602594339622641  
0.8537859007832899 0.6868686868686869 0.851764705882353  
0.8494623655913979 0.696078431372549 0.8524590163934426  
0.8174807197943444 0.611764705882353 0.8471896955503513  
0.820855614973262 0.6288659793814433 0.8544710695499708  
0.8549222797927462 0.5777777777777777 0.8481828839390387  
0.8255208333333334 0.711340206185567 0.8612580834803057  
0.8429319371727748 0.6702127659574468 0.8558030480656507  
0.8 0.6597938144329897 0.8597014925373134  
0.8230563002680965 0.6785714285714286 0.8521739130434782  
0.8358585858585859 0.6835443037974683 0.859402460456942  
0.8511749347258486 0.6631578947368421 0.8456572769953051  
0.8224543080939948 0.7553191489361702 0.8392961876832845  
0.7912371134020618 0.6451612903225806 0.8571428571428571  
0.84 0.6847826086956522 0.8530612244897959  
0.803763440860215 0.6781609195402298 0.8427161926871736  
0.8379888268156425 0.6477272727272727 0.8433179723502304  
0.8255528255528255 0.6078431372549019 0.85833831440526  
0.8137755102040817 0.8 0.8441860465116279  
0.8207792207792208 0.7222222222222222 0.8447568834212068  
0.8351351351351352 0.6593406593406593 0.8564787914003487  
0.8358585858585859 0.7263157894736842 0.8533412182140745  
0.8155844155844156 0.616822429906542 0.8745562130177514  
0.8455284552845529 0.6226415094339622 0.8547158758055068  
0.8220551378446115 0.6333333333333333 0.861193148257531  
0.8720626631853786 0.66 0.848145968216598  
0.8150851581508516 0.7282608695652174 0.8534842167957117  
0.8244274809160306 0.6744186046511628 0.8391074574280681  
0.8398950131233596 0.7209302325581395 0.8466472303206997  
0.870026525198939 0.638095238095238 0.8552941176470589  
0.8075801749271136 0.6333333333333333 0.834190966266438  
0.824468085106383 0.7051282051282052 0.8402777777777778  
0.8292079207920792 0.6888888888888889 0.8590047393364929  
0.8337531486146096 0.6896551724137931 0.8539458186101295  
0.8298969072164949 0.7 0.8418903150525088  
0.8255208333333334 0.6632653061224489 0.8488235294117648  
0.8537234042553191 0.6867469879518072 0.845037724898433  
0.8328981723237598 0.6190476190476191 0.8623906705539358  
0.8497267759562842 0.7 0.8597914252607184  
0.8505434782608695 0.5632183908045977 0.8540822235089751  
0.8260869565217391 0.7215189873417721 0.8405373831775701  
0.8563218390804598 0.648936170212766 0.8339080459770115  
0.8309859154929577 0.65 0.8431597023468803  
0.8427835051546392 0.5384615384615384 0.8676207513416816  
0.8169014084507042 0.65625 0.8506024096385543  
0.8086253369272237 0.696969696969697 0.8481308411214953  
0.8559782608695652 0.63 0.8483080513418904  
0.8194444444444444 0.7195121951219512 0.85431654676259  
0.8177083333333334 0.5961538461538461 0.8583234946871311  
0.896969696969697 0.7065217391304348 0.8414772727272727  
0.8382352941176471 0.6464646464646465 0.8561194029850746  
0.8414985590778098 0.6666666666666666 0.8398169336384439  
0.8664921465968587 0.6037735849056604 0.8565525383707202  
0.8525073746312685 0.6697247706422018 0.8500576701268743  
0.8257575757575758 0.7564102564102564 0.8471896955503513  
0.8271276595744681 0.654320987654321 0.8481159420289855  
0.8232189973614775 0.631578947368421 0.8635831381733021  
0.7965686274509803 0.6907216494845361 0.8753726893261777  
0.8350253807106599 0.6707317073170732 0.8563892145369285  
0.8487179487179487 0.632183908045977 0.8328445747800587  
0.8361111111111111 0.6060606060606061 0.8508415554265816  
0.8282548476454293 0.6634615384615384 0.8538147932440303  
0.8366197183098592 0.6460176991150443 0.8488914819136523  
0.8189189189189189 0.6071428571428571 0.8458823529411764  
0.8293333333333334 0.7126436781609196 0.8337209302325581  
0.8307692307692308 0.5930232558139535 0.8604923798358733  
0.7994722955145118 0.6213592233009708 0.8629411764705882  
0.8575498575498576 0.6574074074074074 0.8421358096343586  
0.8188585607940446 0.6190476190476191 0.8602150537634409  
0.8473282442748091 0.6829268292682927 0.8377270064440538  
0.864406779661017 0.5728155339805825 0.8463768115942029  
0.839541547277937 0.7282608695652174 0.8546812176909822  
0.8087855297157622 0.6511627906976745 0.8543007606787595  
0.8579234972677595 0.5670103092783505 0.8493310063990692  
0.8636363636363636 0.6593406593406593 0.8479906814210832  
0.8608923884514436 0.7127659574468085 0.8523725834797891  
0.8169398907103825 0.6095238095238096 0.8457042665108124  
0.8488063660477454 0.7837837837837838 0.8382437897169266  
0.8073654390934845 0.7435897435897436 0.8366647629925756  
0.8209718670076727 0.6494845360824743 0.8600944510035419  
0.81 0.6956521739130435 0.8579881656804734  
0.8398950131233596 0.6966292134831461 0.8563084112149533  
0.8700564971751412 0.6634615384615384 0.8364269141531323  
0.8214285714285714 0.6105263157894737 0.8424778761061947  
0.8186666666666667 0.68 0.8541300527240774  
0.8233695652173914 0.6410256410256411 0.8473502304147466  
0.8396946564885496 0.6629213483146067 0.851764705882353  
0.8025641025641026 0.7244897959183674 0.8583234946871311  
0.8311345646437994 0.6559139784946236 0.8549707602339182  
0.8357487922705314 0.6451612903225806 0.84  
0.8152173913043478 0.7555555555555555 0.8445475638051044  
0.8786279683377308 0.5357142857142857 0.8639858072146659  
0.8463611859838275 0.6666666666666666 0.8504672897196262  
0.8358974358974359 0.7297297297297297 0.8323632130384168  
0.8085642317380353 0.5777777777777777 0.8595870206489675  
0.8369829683698297 0.6829268292682927 0.8555358200118414  
0.8190954773869347 0.7333333333333333 0.8582489577129243  
0.8564102564102564 0.7066666666666667 0.8404193360512522  
0.8346456692913385 0.6 0.8461084905660378  
0.8766066838046273 0.7058823529411765 0.8524590163934426  
0.8232189973614775 0.6702127659574468 0.8642480983031012  
0.7941888619854721 0.6891891891891891 0.8436578171091446  
0.8307291666666666 0.5578947368421052 0.8537874339401057  
0.8653846153846154 0.7096774193548387 0.84  
0.8149100257069408 0.75 0.8572264482153306  
0.7931034482758621 0.725 0.8555424528301887  
0.850828729281768 0.8108108108108109 0.8396334478808706  
0.8157248157248157 0.6458333333333334 0.8695652173913043  
0.8200514138817481 0.6565656565656566 0.8441558441558441  
0.7896039603960396 0.6931818181818182 0.8520710059171598  
0.832 0.6831683168316832 0.8522860492379836  
0.8177215189873418 0.7333333333333333 0.8522196261682243  
0.8655913978494624 0.594059405940594 0.8665886483323582  
0.8575129533678757 0.7362637362637363 0.8545454545454545  
0.853185595567867 0.6629213483146067 0.8527713625866051  
0.8491048593350383 0.6116504854368932 0.8518957345971564  
0.8181818181818182 0.726027397260274 0.8433874709976799  
0.8342105263157895 0.6625 0.8437862950058072  
0.8356164383561644 0.5806451612903226 0.8505611340815121  
0.8575197889182058 0.6106194690265486 0.8650887573964497  
0.8538011695906432 0.6746987951807228 0.8463289698349459  
0.8414322250639387 0.61 0.8557066824364281  
0.825 0.7473684210526316 0.8529934795494961  
0.8341968911917098 0.7307692307692307 0.8463329452852154  
0.7994858611825193 0.7128712871287128 0.8670212765957447  
0.84 0.6630434782608695 0.8530612244897959  
0.8408488063660478 0.7204301075268817 0.8498831775700935  
0.8027027027027027 0.65 0.8457943925233645  
0.8352941176470589 0.6382978723404256 0.8501144164759725  
0.8096446700507615 0.6470588235294118 0.8517200474495848  
0.8284960422163589 0.6458333333333334 0.8640890451083773  
0.8226221079691517 0.6666666666666666 0.8571428571428571  
0.8642297650130548 0.6493506493506493 0.8397212543554007  
0.8290816326530612 0.65 0.8409356725146199  
0.8579234972677595 0.6320754716981132 0.8497076023391813  
0.8337874659400545 0.6336633663366337 0.852975495915986  
0.8461538461538461 0.6428571428571429 0.8310265282583622  
0.8220551378446115 0.6161616161616161 0.8527315914489311  
0.8247978436657682 0.5130434782608696 0.847877358490566  
0.8074866310160428 0.6304347826086957 0.8444055944055944  
0.8485714285714285 0.59375 0.8456221198156681  
0.8155844155844156 0.7105263157894737 0.8442765833817548  
0.8725761772853186 0.7032967032967034 0.8364161849710983  
0.8482384823848238 0.6288659793814433 0.8426573426573427  
0.789598108747045 0.6043956043956044 0.8627098321342925  
0.8370786516853933 0.6428571428571429 0.8466435185185185  
0.7957559681697612 0.6095238095238096 0.8570588235294118  
0.8194070080862533 0.5727272727272728 0.8636096413874191  
0.7958115183246073 0.6951219512195121 0.8469150174621654  
0.8198433420365535 0.6122448979591837 0.8624338624338624  
0.8209366391184573 0.7011494252873564 0.8389145496535797  
0.8514285714285714 0.6105263157894737 0.8411053540587219  
0.8620689655172413 0.7407407407407407 0.8471192241871078  
0.8048128342245989 0.6296296296296297 0.8570588235294118  
0.8307291666666666 0.6923076923076923 0.8447674418604652  
0.8186528497409327 0.6744186046511628 0.8608187134502924  
0.7901234567901234 0.7108433734939759 0.8600944510035419  
0.8223350253807107 0.5980392156862745 0.8499406880189798  
0.8051282051282052 0.6881720430107527 0.8581518540317834  
0.8325 0.6633663366336634 0.8613920285544319  
0.8681948424068768 0.6796116504854369 0.8537572254335261  
0.7813267813267813 0.7407407407407407 0.8559622195985832  
0.8545918367346939 0.559322033898305 0.8534688995215312  
0.8403141361256544 0.6339285714285714 0.8578199052132701  
0.8153034300791556 0.6372549019607843 0.8483245149911817  
0.8555858310626703 0.63 0.8425655976676385  
0.8664772727272727 0.6336633663366337 0.8478889531521111  
0.8407310704960835 0.7058823529411765 0.8430571761960327  
0.8575418994413407 0.6074766355140186 0.8543972044263249  
0.7829457364341085 0.6666666666666666 0.8530444964871194  
0.8515406162464986 0.6136363636363636 0.8601036269430051  
0.8146341463414634 0.6559139784946236 0.8624181060154854  
0.8328912466843501 0.7525773195876289 0.8565573770491803  
0.8174603174603174 0.7555555555555555 0.8593932322053676  
0.8672086720867209 0.5833333333333334 0.8504398826979472  
0.8071979434447301 0.6785714285714286 0.8595669982445875  
0.8325 0.6336633663366337 0.8613920285544319  
0.8403141361256544 0.6896551724137931 0.8593111500291886  
0.8304597701149425 0.6063829787234043 0.8471264367816091  
0.8522427440633246 0.7640449438202247 0.8442240373395566  
0.8722222222222222 0.6701030927835051 0.8463768115942029  
0.8508771929824561 0.6428571428571429 0.8507462686567164  
0.8328840970350404 0.7159090909090909 0.8473592571096924  
0.839142091152815 0.7252747252747253 0.8573923166472642  
0.8132678132678133 0.5754716981132075 0.8765727980826843  
0.8209718670076727 0.6881720430107527 0.8598351001177856  
0.8461538461538461 0.6781609195402298 0.8492201039861352  
0.848404255319149 0.7142857142857143 0.8477751756440282  
0.8415584415584415 0.6907216494845361 0.8505882352941176  
0.8196286472148541 0.7529411764705882 0.8593023255813953  
0.8473282442748091 0.6574074074074074 0.8655562165377751  
0.8365122615803815 0.6739130434782609 0.8473592571096924  
0.8614130434782609 0.6739130434782609 0.8484320557491289  
0.8422535211267606 0.7023809523809523 0.8525530694205393  
0.7949367088607595 0.7125 0.8371411833626244  
0.843915343915344 0.6483516483516484 0.8505545826036194  
0.8435897435897436 0.5544554455445545 0.846836191602602  
0.8310991957104558 0.6836734693877551 0.8386908240794857  
0.8659517426273459 0.6116504854368932 0.8558030480656507  
0.8416666666666667 0.6477272727272727 0.842560553633218  
0.7855361596009975 0.7605633802816901 0.8456140350877193  
0.8535911602209945 0.6153846153846154 0.8541905855338691  
0.8601583113456465 0.6262626262626263 0.852112676056338  
0.8248730964467005 0.65 0.8536299765807962  
0.8417085427135679 0.7159090909090909 0.8425707547169812  
0.8657534246575342 0.6138613861386139 0.8414918414918415  
0.8098958333333334 0.68 0.8485200232153222  
0.8286445012787724 0.6597938144329897 0.8659976387249114  
0.8497536945812808 0.6704545454545454 0.8518957345971564  
0.8157894736842105 0.6666666666666666 0.8410942956926659  
0.8360215053763441 0.6956521739130435 0.8457508731082655  
0.826530612244898 0.55 0.8544910179640719  
0.8743169398907104 0.6831683168316832 0.8559766763848397  
0.8704225352112676 0.6179775280898876 0.8406214039125431  
0.8610354223433242 0.6206896551724138 0.8333333333333334  
0.8310991957104558 0.5918367346938775 0.8457042665108124  
0.8849315068493151 0.7204301075268817 0.8462877030162413  
0.8085642317380353 0.6346153846153846 0.8607971445568114  
0.837696335078534 0.6741573033707865 0.8603156049094097  
0.8564102564102564 0.6470588235294118 0.8568047337278106  
0.8659517426273459 0.6956521739130435 0.844496214327315  
0.8407310704960835 0.6947368421052632 0.8438967136150235  
0.8035264483627204 0.717391304347826 0.8558771411695215  
0.8324324324324325 0.5982905982905983 0.8690265486725663  
0.8670212765957447 0.6341463414634146 0.8445475638051044  
0.8275862068965517 0.723404255319149 0.8468731735827002  
0.8214285714285714 0.6129032258064516 0.8479670005892752  
0.8014705882352942 0.5609756097560976 0.8392434988179669  
0.8907563025210085 0.5700934579439252 0.839930151338766  
0.8467741935483871 0.5909090909090909 0.8408826945412311  
0.8426666666666667 0.6565656565656566 0.8495316159250585  
0.8579088471849866 0.6219512195121951 0.8355529820497973  
0.8141809290953546 0.6627906976744186 0.8559573206876111  
0.8560606060606061 0.7241379310344828 0.8399058269570335  
0.8273972602739726 0.6106194690265486 0.8544600938967136  
0.841225626740947 0.5862068965517241 0.849443468072642  
0.8583106267029973 0.6265060240963856 0.8481524249422633  
0.8589420654911839 0.6021505376344086 0.8451536643026005  
0.8363636363636363 0.5813953488372093 0.859146697837522  
0.8760563380281691 0.559322033898305 0.8578115857226448  
0.8235294117647058 0.6120689655172413 0.8682033096926713  
0.8114754098360656 0.6631578947368421 0.8582219639744335  
0.8597883597883598 0.6697247706422018 0.8466076696165191  
0.8438356164383561 0.6526315789473685 0.8495934959349594  
0.8347107438016529 0.5794392523364486 0.8615654205607477  
0.8368421052631579 0.648936170212766 0.8425058548009368  
0.8307291666666666 0.6728971962616822 0.8580721466587817  
0.8537234042553191 0.6395348837209303 0.8406976744186047  
0.8015075376884422 0.6582278481012658 0.853958944281525  
0.8236914600550964 0.6588235294117647 0.8494809688581315  
0.8592592592592593 0.7222222222222222 0.852199413489736  
0.8698060941828255 0.65625 0.84  
0.8147138964577657 0.6185567010309279 0.8416763678696159  
0.8440860215053764 0.7204301075268817 0.8532323820617356  
0.8223350253807107 0.6774193548387096 0.8572271386430679  
0.821917808219178 0.6444444444444445 0.8378691372321946  
0.8308080808080808 0.7532467532467533 0.8496196606202457  
0.8111380145278451 0.6288659793814433 0.8510765550239234  
0.8337801608579088 0.6391752577319587 0.8603971962616822  
0.8675675675675676 0.6631578947368421 0.8404193360512522  
0.8311345646437994 0.6263736263736264 0.8399532710280374  
0.7845303867403315 0.6020408163265306 0.851335656213705  
0.8113207547169812 0.7 0.8506682161533992  
0.8604651162790697 0.6590909090909091 0.8558875219683656  
0.8509485094850948 0.6528925619834711 0.8664302600472813  
0.8553299492385786 0.6145833333333334 0.8534278959810875  
0.8457583547557841 0.574468085106383 0.8469688051795173  
0.8467532467532467 0.6179775280898876 0.857728337236534  
0.8783068783068783 0.6210526315789474 0.8385020479812756  
0.8461538461538461 0.6666666666666666 0.845444059976932  
0.8707124010554089 0.5684210526315789 0.8559718969555035  
0.8221024258760108 0.6666666666666666 0.8545560747663551  
0.8871391076115486 0.6074766355140186 0.8600944510035419  
0.8641304347826086 0.7115384615384616 0.8450292397660819  
0.8554913294797688 0.6506024096385542 0.8397033656588705  
0.8373983739837398 0.7317073170731707 0.8457538994800693  
0.8230958230958231 0.7142857142857143 0.8610289769367239  
0.8516483516483516 0.5871559633027523 0.8531304856641311  
0.8662952646239555 0.7126436781609196 0.8450460829493087  
0.8597014925373134 0.6415094339622641 0.8431935669155658  
0.8298969072164949 0.648936170212766 0.8641176470588235  
0.8302872062663186 0.6477272727272727 0.8573933372296902  
0.8356545961002786 0.6530612244897959 0.8510144927536232  
0.8062015503875969 0.6483516483516484 0.8632629107981221  
0.8732394366197183 0.6261682242990654 0.8436046511627907  
0.8333333333333334 0.6111111111111112 0.8471896955503513  
0.8756906077348067 0.6363636363636364 0.8361417780360255  
0.8690807799442897 0.6395348837209303 0.8370754173862982  
0.8455284552845529 0.6585365853658537 0.8480647024841133  
0.8299492385786802 0.6701030927835051 0.8598462448255471  
0.8127962085308057 0.7261904761904762 0.8579952267303103  
0.796875 0.6236559139784946 0.8510263929618769  
0.8403141361256544 0.6853932584269663 0.8457042665108124  
0.835820895522388 0.6067415730337079 0.8356002365464222  
0.8664850136239782 0.686046511627907 0.8392134181607865  
0.8528610354223434 0.6274509803921569 0.8458844133099825  
0.8530927835051546 0.6391752577319587 0.8479670005892752  
0.841688654353562 0.5925925925925926 0.8601769911504424  
0.8324607329842932 0.5980392156862745 0.8515901060070671  
0.7837150127226463 0.6777777777777778 0.8628605061801059  
0.8015463917525774 0.7142857142857143 0.8537874339401057  
0.8404255319148937 0.7790697674418605 0.8476744186046512  
0.8704663212435233 0.6226415094339622 0.840828402366864  
0.8583106267029973 0.6630434782608695 0.8432965757399884  
0.8554913294797688 0.6435643564356436 0.8363112391930836  
0.8151041666666666 0.7065217391304348 0.8540445486518171  
0.875 0.6382978723404256 0.8440420560747663  
0.839142091152815 0.7040816326530612 0.8562244301578025  
0.845771144278607 0.75 0.8543632075471698  
0.8791773778920309 0.6320754716981132 0.8488441019561351  
0.8337874659400545 0.7040816326530612 0.8666278392545137  
0.848404255319149 0.6082474226804123 0.8525453481568168  
0.8368421052631579 0.6049382716049383 0.8466008134805346  
0.848 0.6020408163265306 0.8601521357519017  
0.84 0.6235294117647059 0.8426248548199767  
0.8394736842105263 0.603448275862069 0.8493475682087782  
0.8432432432432433 0.6265060240963856 0.8536726431463274  
0.8242894056847545 0.6744186046511628 0.8478642480983031  
0.8301369863013699 0.580952380952381 0.8557242990654206  
0.8200514138817481 0.5888888888888889 0.8490898414562537  
0.8666666666666667 0.6530612244897959 0.8519602106495027  
0.8397932816537468 0.6483516483516484 0.8491784037558685  
0.8547945205479452 0.550561797752809 0.8460648148148148  
0.8346883468834688 0.6829268292682927 0.8428653957250144  
0.8360215053763441 0.686046511627907 0.8503480278422274  
0.8459595959595959 0.6947368421052632 0.8527498521584861  
0.8644986449864499 0.6542056074766355 0.8534583821805393  
0.8293333333333334 0.7613636363636364 0.852239674229203  
0.8207070707070707 0.6458333333333334 0.855621301775148  
0.8475935828877005 0.5882352941176471 0.8581477139507621  
0.8148148148148148 0.7023809523809523 0.8582398109864147  
0.8393782383419689 0.6956521739130435 0.8380281690140845  
0.8647214854111406 0.6931818181818182 0.8503203261502621  
0.850632911392405 0.6703296703296703 0.8455188679245284  
0.8721590909090909 0.7346938775510204 0.8458429561200924  
0.8620689655172413 0.654320987654321 0.8474477958236659  
0.8539944903581267 0.6160714285714286 0.8517867603983597  
0.8223350253807107 0.6526315789473685 0.8606024808033077  
0.8244274809160306 0.6938775510204082 0.8539325842696629  
0.8432432432432433 0.594059405940594 0.8562244301578025  
0.88 0.6421052631578947 0.8323598130841121  
0.8278481012658228 0.7333333333333333 0.8408956982911019  
0.7960687960687961 0.6739130434782609 0.8538324420677362  
0.8244274809160306 0.6986301369863014 0.8409090909090909  
0.8075 0.6785714285714286 0.8633686690223793  
0.828169014084507 0.5966386554621849 0.8489461358313818  
0.8428927680798005 0.6385542168674698 0.8704358068315665  
0.8312958435207825 0.6333333333333333 0.8532382650029708  
0.8316062176165803 0.6091954022988506 0.8525453481568168  
0.8172323759791122 0.6111111111111112 0.8478642480983031  
0.8191214470284238 0.6057692307692307 0.8562980484920165  
0.8289473684210527 0.6831683168316832 0.847148736037625  
0.8567639257294429 0.6333333333333333 0.8507288629737609  
0.8356545961002786 0.65625 0.8563983786913724  
0.8242894056847545 0.5689655172413793 0.8618225134008338  
0.8383561643835616 0.6666666666666666 0.8413712957582801  
0.8489583333333334 0.7142857142857143 0.8483796296296297  
0.8163265306122449 0.6276595744680851 0.8555424528301887  
0.8310626702997275 0.6698113207547169 0.8554710356933879  
0.8683473389355743 0.660377358490566 0.8470040721349622  
0.8421052631578947 0.6226415094339622 0.8573113207547169  
0.817258883248731 0.6597938144329897 0.84387936132466  
0.8432432432432433 0.7386363636363636 0.8468677494199536  
0.8077922077922078 0.6627906976744186 0.8538866160140269  
0.8328767123287671 0.6138613861386139 0.8560606060606061  
0.8539944903581267 0.6941176470588235 0.8500576701268743  
0.8064516129032258 0.686046511627907 0.8578886310904872  
0.8375 0.6617647058823529 0.8465577596266044  
0.8647058823529412 0.5504587155963303 0.8493941142527409  
0.8706199460916442 0.654320987654321 0.8479768786127168  
0.7777777777777778 0.5901639344262295 0.8589360430364614  
0.8142857142857143 0.66 0.865222623345367  
0.8243243243243243 0.6938775510204082 0.851808634772462  
0.8318840579710145 0.6407766990291263 0.8385236447520185  
0.8341968911917098 0.59 0.8584905660377359  
0.8401084010840109 0.7029702970297029 0.852803738317757  
0.865546218487395 0.6818181818181818 0.8457109959700633  
0.8609625668449198 0.53125 0.8547619047619047  
0.8301369863013699 0.64 0.842748980780431  
0.8535911602209945 0.6781609195402298 0.8470859780727062  
0.8227848101265823 0.5689655172413793 0.8689407540394973  
0.8410958904109589 0.6796116504854369 0.8465577596266044  
0.850632911392405 0.686046511627907 0.8483245149911817  
0.8328840970350404 0.5918367346938775 0.851138353765324  
0.8299492385786802 0.6428571428571429 0.8609785202863962  
0.8230958230958231 0.6161616161616161 0.8484486873508353  
0.8195121951219512 0.6818181818181818 0.8652019002375297  
0.8355437665782494 0.6395348837209303 0.8580570098894706  
0.8388888888888889 0.6451612903225806 0.8577212261422787  
0.8274111675126904 0.6666666666666666 0.8445229681978799  
0.8449197860962567 0.686046511627907 0.8432055749128919  
0.8218085106382979 0.6421052631578947 0.859146697837522  
0.8149100257069408 0.6363636363636364 0.8376623376623377  
0.8449197860962567 0.65625 0.8405373831775701  
0.8138297872340425 0.64 0.847010550996483  
0.8196286472148541 0.7282608695652174 0.8453006421482778  
0.8699186991869918 0.5882352941176471 0.8457042665108124  
0.8052631578947368 0.6923076923076923 0.852717708942139  
0.8333333333333334 0.6363636363636364 0.8510011778563016  
0.8068783068783069 0.5811965811965812 0.8482513337285121  
0.8189189189189189 0.632183908045977 0.8428985507246377  
0.8067010309278351 0.6707317073170732 0.8492990654205608  
0.8433048433048433 0.68 0.8492201039861352  
0.8359788359788359 0.71 0.8415492957746479  
0.8552631578947368 0.6703296703296703 0.8416130917592052  
0.821608040201005 0.686046511627907 0.839811542991755  
0.8567415730337079 0.5675675675675675 0.8384839650145772  
0.8235294117647058 0.686046511627907 0.852199413489736  
0.839572192513369 0.651685393258427 0.8580570098894706  
0.8359375 0.6451612903225806 0.8434017595307918  
0.8315217391304348 0.7216494845360825 0.8526499708794408  
0.8515625 0.5662650602409639 0.8542274052478134  
0.8252427184466019 0.6559139784946236 0.8574836016696482  
0.8430851063829787 0.6732673267326733 0.8574780058651026  
0.8174603174603174 0.6043956043956044 0.8622300058377116  
0.8522427440633246 0.5918367346938775 0.8463343108504399  
0.8783068783068783 0.63 0.8503521126760564  
0.8856304985337243 0.6382978723404256 0.8523182598740698  
0.8582887700534759 0.6966292134831461 0.8487492728330425  
0.8444444444444444 0.6018518518518519 0.8459743290548425  
0.8297297297297297 0.5833333333333334 0.8519813519813519  
0.8478260869565217 0.6972477064220184 0.866275659824047  
0.8195488721804511 0.6588235294117647 0.8515901060070671  
0.8559782608695652 0.6105263157894737 0.8464223385689355  
0.8333333333333334 0.7078651685393258 0.8518950437317784  
0.8505434782608695 0.6310679611650486 0.863822326125073  
0.8666666666666667 0.6813186813186813 0.8509532062391681  
0.8269794721407625 0.6829268292682927 0.8419556566230812  
0.8552278820375335 0.6666666666666666 0.8417684700407213  
0.8110236220472441 0.675 0.8500871586287042  
0.8097560975609757 0.6865671641791045 0.8697947214076246  
0.8698224852071006 0.5959595959595959 0.8452722063037249  
0.8279569892473119 0.6666666666666666 0.8540697674418605  
0.8324468085106383 0.6938775510204082 0.8495316159250585  
0.8233695652173914 0.5425531914893617 0.8534883720930233  
0.8221024258760108 0.638095238095238 0.865767878077374  
0.7820823244552058 0.6708860759493671 0.8650887573964497  
0.8311345646437994 0.6179775280898876 0.8663943990665111  
0.8103896103896104 0.6794871794871795 0.8516579406631762  
0.8435754189944135 0.6774193548387096 0.8607741190063547  
0.848 0.6122448979591837 0.8589818607372732  
0.8962536023054755 0.62 0.8368876080691643  
0.8316582914572864 0.631578947368421 0.8590882178804026  
0.8177215189873418 0.7386363636363636 0.857563272513243  
0.8241469816272966 0.6419753086419753 0.8552325581395349  
0.8294573643410853 0.6436781609195402 0.8477751756440282  
0.8583569405099151 0.6460176991150443 0.8589743589743589  
0.877906976744186 0.6464646464646465 0.8384128809660725  
0.8179551122194514 0.660377358490566 0.8525373134328358  
0.7927461139896373 0.58 0.8531839622641509  
0.8539944903581267 0.717391304347826 0.842501447596989  
0.8490566037735849 0.7252747252747253 0.8372093023255814  
0.8555240793201133 0.6477272727272727 0.8460654796094199  
0.8082901554404145 0.696078431372549 0.8654073199527745  
0.8191489361702128 0.6146788990825688 0.8656452563347083  
0.8181818181818182 0.6486486486486487 0.8451957295373665  
0.8596938775510204 0.68 0.8514792899408284  
0.8786127167630058 0.625 0.8399772209567198  
0.8217054263565892 0.6730769230769231 0.8669426374926079  
0.8436657681940701 0.6310679611650486 0.8618266978922716  
0.8416666666666667 0.6285714285714286 0.8549796156086197  
0.8333333333333334 0.5847457627118644 0.8634751773049646  
0.8438287153652393 0.75 0.8496151568975725  
0.8657142857142858 0.6304347826086957 0.8442528735632184  
0.8518518518518519 0.5625 0.8466042154566745  
0.8091397849462365 0.6039603960396039 0.8578115857226448  
0.8587570621468926 0.6224489795918368 0.8508670520231214  
0.8436724565756824 0.5567010309278351 0.8519619500594531  
0.8324468085106383 0.6194690265486725 0.8499704666272888  
0.7830423940149626 0.6363636363636364 0.8532863849765259  
0.8307692307692308 0.7105263157894737 0.8275058275058275  
0.8203753351206434 0.6847826086956522 0.8555620267909144  
0.8461538461538461 0.5871559633027523 0.8603683897801545  
0.8355437665782494 0.6631578947368421 0.8584795321637427  
0.8393351800554016 0.696969696969697 0.851335656213705  
0.8381201044386423 0.7333333333333333 0.8554710356933879  
0.8116343490304709 0.6941176470588235 0.8496543778801844  
0.8104738154613467 0.6790123456790124 0.8464705882352941  
0.8891820580474934 0.6105263157894737 0.8384074941451991  
0.8451443569553806 0.75 0.8505545826036194  
0.8233766233766234 0.6354166666666666 0.8565549676660787  
0.8445040214477212 0.6296296296296297 0.855379188712522  
0.8643617021276596 0.5416666666666666 0.8641755634638197  
0.8215297450424929 0.72 0.8454960091220068  
0.8188775510204082 0.6753246753246753 0.8552247518972563  
0.8753387533875339 0.7252747252747253 0.8495934959349594  
0.8513513513513513 0.7 0.8507549361207898  
0.7975 0.6931818181818182 0.8400236127508854  
0.8374384236453202 0.6506024096385542 0.8428824571766096  
0.8364611260053619 0.6808510638297872 0.8472303206997085  
0.8407310704960835 0.5277777777777778 0.8568894145476049  
0.794044665012407 0.6526315789473685 0.8669833729216152  
0.8475 0.6533333333333333 0.8383128295254832  
0.8529411764705882 0.504424778761062 0.8560471976401179  
0.786096256684492 0.660377358490566 0.8501762632197415  
0.8411458333333334 0.7 0.8469150174621654  
0.8311688311688312 0.7111111111111111 0.846514352665495  
0.8123393316195373 0.6666666666666666 0.8600944510035419  
0.8743169398907104 0.6288659793814433 0.8435136707388017  
0.8295739348370927 0.6354166666666666 0.8571428571428571  
0.824 0.6931818181818182 0.8423502036067481  
0.8378378378378378 0.5943396226415094 0.8593200468933178  
0.8299492385786802 0.6666666666666666 0.8356890459363958  
0.8181818181818182 0.7628865979381443 0.8588235294117647  
0.8246575342465754 0.5949367088607594 0.8365937859608745  
0.8241469816272966 0.6770833333333334 0.8381231671554252  
0.8567839195979899 0.6547619047619048 0.8535294117647059  
0.8252688172043011 0.6063829787234043 0.8461538461538461  
0.8245614035087719 0.6304347826086957 0.8592548787699587  
0.8138957816377171 0.7294117647058823 0.8476977567886659  
0.8385416666666666 0.7142857142857143 0.8512009373169303  
0.8743169398907104 0.648936170212766 0.8478513356562137  
0.8375634517766497 0.7176470588235294 0.8396946564885496  
0.8367346938775511 0.6774193548387096 0.8579846788450206  
0.8205128205128205 0.6509433962264151 0.8606168446026097  
0.8020050125313283 0.651685393258427 0.8559622195985832  
0.8151041666666666 0.6823529411764706 0.8517221249270286  
0.861878453038674 0.6018518518518519 0.8580607476635514  
0.8092909535452323 0.6666666666666666 0.8460627590290113  
0.8438287153652393 0.7037037037037037 0.8438967136150235  
0.8645833333333334 0.6395348837209303 0.8656542056074766  
0.8136020151133502 0.5876288659793815 0.8637440758293838  
0.8015075376884422 0.7159090909090909 0.8508254716981132  
0.8361111111111111 0.631578947368421 0.8413433700057904  
0.7956204379562044 0.6790123456790124 0.863905325443787  
0.8571428571428571 0.63 0.8504074505238649  
0.829683698296837 0.6565656565656566 0.8738038277511961  
0.835509138381201 0.6521739130434783 0.8611599297012302  
0.8156565656565656 0.7764705882352941 0.8653733098177543  
0.84 0.6767676767676768 0.844847775175644  
0.8215158924205379 0.6818181818181818 0.8445103857566766  
0.8519553072625698 0.6836734693877551 0.854577056778679  
0.8043478260869565 0.625 0.8678571428571429  
0.8256410256410256 0.6666666666666666 0.8599766627771295  
0.8548387096774194 0.5876288659793815 0.8528896672504378  
0.8530259365994236 0.6145833333333334 0.8545140885566418  
0.8120104438642297 0.5959595959595959 0.86  
0.8075 0.5670103092783505 0.8605341246290801  
0.8473684210526315 0.6344086021505376 0.8466939730836747  
0.8571428571428571 0.7215189873417721 0.8515715948777648  
0.830379746835443 0.6129032258064516 0.8541912632821723  
0.8436657681940701 0.5619047619047619 0.8511137162954279  
0.8484848484848485 0.6 0.83584686774942  
0.8364116094986808 0.65625 0.8541300527240774  
0.8725212464589235 0.6704545454545454 0.8437679494543366  
0.8641304347826086 0.6881720430107527 0.8442765833817548  
0.8359788359788359 0.6696428571428571 0.8658392434988179  
0.8154613466334164 0.6951219512195121 0.859329017068864  
0.8085642317380353 0.620253164556962 0.8493552168815943  
0.8463476070528967 0.6790123456790124 0.8438967136150235  
0.8296703296703297 0.6132075471698113 0.8434579439252337  
0.8261964735516373 0.6933333333333334 0.8596491228070176  
0.8652291105121294 0.5833333333333334 0.8489795918367347  
0.845108695652174 0.5673076923076923 0.8497076023391813  
0.8145363408521303 0.6333333333333333 0.8505611340815121  
0.8106060606060606 0.7073170731707317 0.8485915492957746  
0.8256410256410256 0.6808510638297872 0.8510011778563016  
0.8368983957219251 0.6823529411764706 0.8351712130005804  
0.8521739130434782 0.6548672566371682 0.8509280742459396  
0.8077922077922078 0.5617977528089888 0.8477751756440282  
0.8393782383419689 0.691358024691358 0.8472303206997085  
0.8494623655913979 0.6781609195402298 0.8340104468949506  
0.8736559139784946 0.6395348837209303 0.8375870069605569  
0.8497267759562842 0.6436781609195402 0.8403701561596298  
0.8337801608579088 0.6931818181818182 0.8436955258570599  
0.8110831234256927 0.5590551181102362 0.8552472858866104  
0.8449197860962567 0.5537190082644629 0.8749259039715471  
0.8645533141210374 0.6666666666666666 0.8435530085959886  
0.7590361445783133 0.6133333333333333 0.8534278959810875  
0.8249336870026526 0.6595744680851063 0.858562244301578  
0.7819548872180451 0.6703296703296703 0.8652482269503546  
0.8078947368421052 0.6538461538461539 0.8509280742459396  
0.8342105263157895 0.62 0.8472385428907168  
0.835 0.6344086021505376 0.8584961515689757  
0.8116343490304709 0.6170212765957447 0.8581354950781702  
0.859504132231405 0.6428571428571429 0.8518303312027891  
0.8612565445026178 0.6831683168316832 0.8581518540317834  
0.8517520215633423 0.6761904761904762 0.8452520515826495  
0.8657534246575342 0.584 0.851063829787234  
0.80622009569378 0.7108433734939759 0.8566329565734682  
0.8193384223918575 0.6785714285714286 0.8545454545454545  
0.8379746835443038 0.6176470588235294 0.8510385756676558  
0.8502673796791443 0.616822429906542 0.8495002939447384  
0.8777777777777778 0.6705882352941176 0.8537708693149108  
0.8838526912181303 0.6470588235294118 0.8471337579617835  
0.8333333333333334 0.6966292134831461 0.8472303206997085  
0.8342245989304813 0.7471264367816092 0.8448576409064498  
0.823076923076923 0.6736842105263158 0.8603417796110784  
0.8432432432432433 0.62 0.8586448598130841  
0.8442622950819673 0.6555555555555556 0.8383545770567786  
0.8650793650793651 0.6777777777777778 0.8448074679113186  
0.8267716535433071 0.6363636363636364 0.8486078886310905  
0.8125 0.573170731707317 0.8566433566433567  
0.8005181347150259 0.6741573033707865 0.8418277680140598  
0.810126582278481 0.6176470588235294 0.8605341246290801  
0.8488372093023255 0.6019417475728155 0.846685878962536  
0.862533692722372 0.7692307692307693 0.8459335624284078  
0.8217054263565892 0.6470588235294118 0.854695806261075  
0.8106796116504854 0.7010309278350515 0.8631201434548715  
0.8209366391184573 0.6396396396396397 0.8565573770491803  
0.8161764705882353 0.5826086956521739 0.8553345388788427  
0.8014705882352942 0.7692307692307693 0.8461084905660378  
0.8 0.6605504587155964 0.8635831381733021  
0.8361581920903954 0.6785714285714286 0.8469036697247706  
0.8480662983425414 0.7083333333333334 0.8369565217391305  
0.8307291666666666 0.6666666666666666 0.8386908240794857  
0.8233766233766234 0.6037735849056604 0.8592548787699587  
0.8697916666666666 0.7586206896551724 0.8445353594389247  
0.8295165394402035 0.6436781609195402 0.8484136310223267  
0.8358585858585859 0.6039603960396039 0.8534124629080119  
0.8511749347258486 0.6875 0.8614210217263653  
0.8294573643410853 0.6907216494845361 0.8545347467608951  
0.8241469816272966 0.6705882352941176 0.8473193473193473  
0.7923076923076923 0.6404494382022472 0.8473282442748091  
0.8492063492063492 0.65625 0.8559718969555035  
0.8121546961325967 0.7045454545454546 0.8568129330254042  
0.8136482939632546 0.75 0.8500871586287042  
0.8447368421052631 0.6285714285714286 0.8556275780789628  
0.8275862068965517 0.6636363636363637 0.8565426170468188  
0.8591160220994475 0.6101694915254238 0.8513513513513513  
0.8306451612903226 0.6206896551724138 0.8543238537434706  
0.8025316455696202 0.6226415094339622 0.8619869125520524  
0.8756906077348067 0.6413043478260869 0.8454861111111112  
0.8169398907103825 0.6896551724137931 0.8525159051474841  
0.8225806451612904 0.6222222222222222 0.8459302325581395  
0.8666666666666667 0.6292134831460674 0.839930151338766  
0.8226600985221675 0.6559139784946236 0.857397504456328  
0.8621621621621621 0.6470588235294118 0.8456140350877193  
0.8429319371727748 0.6666666666666666 0.8417980151780502  
0.8211382113821138 0.7108433734939759 0.8456647398843931  
0.8601036269430051 0.5739130434782609 0.8602022605591909  
0.8541666666666666 0.6274509803921569 0.8614386792452831  
0.8469387755102041 0.5813953488372093 0.8603286384976526  
0.8418079096045198 0.5238095238095238 0.8479396401625072  
0.8226221079691517 0.6213592233009708 0.8437869822485207  
0.8034398034398035 0.7029702970297029 0.8655913978494624  
0.8416666666666667 0.7361111111111112 0.8468571428571429  
0.8426666666666667 0.616822429906542 0.8535294117647059  
0.8218085106382979 0.7558139534883721 0.8622093023255814  
0.851123595505618 0.5585585585585585 0.8641399416909621  
0.8465909090909091 0.6739130434782609 0.8463751438434983  
0.8316062176165803 0.6891891891891891 0.8455284552845529  
0.8242894056847545 0.625 0.856473345049795  
0.8629441624365483 0.5897435897435898 0.8533812088569719  
0.8262108262108262 0.6666666666666666 0.8405963302752294  
0.8473282442748091 0.631578947368421 0.8506493506493507  
0.839572192513369 0.6470588235294118 0.8392338943702844  
0.8582677165354331 0.6703296703296703 0.8450292397660819  
0.8387096774193549 0.625 0.8599766627771295  
0.8333333333333334 0.5583333333333333 0.8545130641330166  
0.8262032085561497 0.6274509803921569 0.8417350527549824  
0.8488063660477454 0.6276595744680851 0.858562244301578  
0.8179487179487179 0.6190476190476191 0.8731475992886781  
0.8461538461538461 0.75 0.8479768786127168  
0.8385416666666666 0.68 0.8496807893209518  
0.8103896103896104 0.6666666666666666 0.8559670781893004  
0.8469387755102041 0.7045454545454546 0.8531139835487661  
0.78125 0.6288659793814433 0.8430335097001763  
0.8302872062663186 0.654320987654321 0.8410942956926659  
0.8594164456233422 0.6120689655172413 0.8543516873889876  
0.8564231738035264 0.6382978723404256 0.8639858072146659  
0.8373983739837398 0.6078431372549019 0.8556399766218585  
0.8292011019283747 0.6588235294117647 0.8465974625144176  
0.8298969072164949 0.6521739130434783 0.8648648648648649  
