0.6652452025586354 0.3128491620111732 0.9524119947848761  
0.6566523605150214 0.375 0.9569408740359897  
0.6813186813186813 0.29 0.9548133595284872  
0.7146067415730337 0.3 0.9515190691661279  
0.6827731092436975 0.3567567567567568 0.9467455621301775  
0.6456521739130435 0.30697674418604654 0.962176509621765  
0.6567164179104478 0.2994652406417112 0.9501965923984272  
0.6427104722792608 0.3567251461988304 0.9507874015748031  
0.6646216768916156 0.2617801047120419 0.9547270306258322  
0.6646216768916156 0.31666666666666665 0.9563780568407139  
0.6782608695652174 0.3147208121827411 0.9501639344262295  
0.6833333333333333 0.33014354066985646 0.9531145344943067  
0.698744769874477 0.3387096774193548 0.9459815546772069  
0.6730769230769231 0.32044198895027626 0.9549902152641878  
0.6825053995680346 0.29411764705882354 0.9497389033942559  
0.673036093418259 0.26732673267326734 0.9529489728296885  
0.654627539503386 0.296875 0.9650937297996122  
0.7051282051282052 0.3193717277486911 0.953381483913329  
0.7017167381974249 0.358695652173913 0.9601827676240209  
0.674468085106383 0.3651685393258427 0.9569752281616688  
0.6537678207739308 0.29891304347826086 0.9595222295952223  
0.643956043956044 0.29591836734693877 0.9627694317439582  
0.684931506849315 0.3251231527093596 0.9565217391304348  
0.6284501061571125 0.3069306930693069 0.9615639496355202  
0.6570155902004454 0.32571428571428573 0.9589216944801027  
0.674468085106383 0.31746031746031744 0.9514116874589625  
0.6701680672268907 0.2879581151832461 0.9524752475247524  
0.7097457627118644 0.3541666666666667 0.9565217391304348  
0.6770833333333334 0.34269662921348315 0.9547244094488189  
0.6590909090909091 0.3224043715846995 0.9683168316831683  
0.6666666666666666 0.3333333333333333 0.9591029023746702  
0.7062634989200864 0.3541666666666667 0.9482645710543549  
0.6652173913043479 0.3236994219653179 0.9528728211749515  
0.631236442516269 0.36787564766839376 0.9679319371727748  
0.6799163179916318 0.3088235294117647 0.9613333333333334  
0.6393805309734514 0.3463687150837989 0.9600257898130239  
0.6855345911949685 0.32608695652173914 0.9546351084812623  
0.6804347826086956 0.3076923076923077 0.9538961038961039  
0.6950207468879668 0.3333333333333333 0.9610303830911493  
0.6924686192468619 0.29850746268656714 0.9654025282767797  
0.6918367346938775 0.30978260869565216 0.9529177718832891  
0.6947791164658634 0.34705882352941175 0.9616908850726552  
0.6465696465696466 0.366120218579235 0.9604743083003953  
0.6652806652806653 0.375 0.9554098360655737  
0.6854663774403471 0.29381443298969073 0.9633267845448592  
0.6782608695652174 0.3103448275862069 0.9618169848584596  
0.6505263157894737 0.2994652406417112 0.9618421052631579  
0.689873417721519 0.3404255319148936 0.9578947368421052  
0.6701680672268907 0.30687830687830686 0.954515491100857  
0.6399132321041214 0.2717948717948718 0.9593709043250328  
0.6787234042553192 0.3783783783783784 0.9443352979698756  
0.6752688172043011 0.31843575418994413 0.9538361508452535  
0.6464208242950108 0.2896174863387978 0.9629388816644994  
0.6371490280777538 0.315 0.9545753785385122  
0.6700404858299596 0.2755102040816326 0.9504021447721179  
0.6316872427983539 0.3352272727272727 0.9598684210526316  
0.661504424778761 0.36 0.9601286173633441  
0.658102766798419 0.3315508021390374 0.9617192746809939  
0.652267818574514 0.32124352331606215 0.9521625163826999  
0.6797385620915033 0.328042328042328 0.9608865710560626  
0.6397379912663755 0.3675675675675676 0.9597141000649773  
0.6673469387755102 0.3471502590673575 0.9573048699132756  
0.6616052060737527 0.3526315789473684 0.953625081645983  
0.6565874730021598 0.3282051282051282 0.9573490813648294  
0.70509977827051 0.328125 0.9616634178037686  
0.6709401709401709 0.2918918918918919 0.9574885546108568  
0.6811594202898551 0.31413612565445026 0.9515915119363395  
0.6479166666666667 0.32978723404255317 0.9577278731836195  
0.6844349680170576 0.3236994219653179 0.9616883116883117  
0.6501079913606912 0.31521739130434784 0.9674267100977199  
0.6772823779193206 0.3193717277486911 0.9506578947368421  
0.6638477801268499 0.32460732984293195 0.9545454545454546  
0.6916299559471366 0.3763440860215054 0.9474708171206225  
0.6702819956616052 0.27225130890052357 0.9549019607843138  
0.6175298804780877 0.3333333333333333 0.9596560846560847  
0.640973630831643 0.3333333333333333 0.9551539491298527  
0.659043659043659 0.30158730158730157 0.9609788359788359  
0.7116704805491991 0.3217821782178218 0.9585223590408296  
0.6487068965517241 0.32460732984293195 0.9639816633922724  
0.6616379310344828 0.29064039408866993 0.9557755775577558  
0.6779661016949152 0.3915343915343915 0.9585798816568047  
0.698744769874477 0.2994652406417112 0.952537903757416  
0.6416666666666667 0.3686868686868687 0.9574468085106383  
0.658695652173913 0.35714285714285715 0.9560943643512451  
0.6803455723542117 0.2903225806451613 0.9575994781474233  
0.6967741935483871 0.25870646766169153 0.9656992084432717  
0.6491596638655462 0.391812865497076 0.9583061889250815  
0.7014925373134329 0.32 0.9466840052015605  
0.6755555555555556 0.32432432432432434 0.9469941822882999  
0.6738197424892703 0.28426395939086296 0.9618169848584596  
0.673202614379085 0.3299492385786802 0.9560943643512451  
0.7010526315789474 0.3707865168539326 0.9398299542184434  
0.6370967741935484 0.3723404255319149 0.9499332443257676  
0.6827133479212254 0.36507936507936506 0.9466145833333334  
0.663135593220339 0.271356783919598 0.9596293845135672  
0.665948275862069 0.3191489361702128 0.9575163398692811  
0.6756756756756757 0.3804347826086957 0.956493078444298  
0.6369294605809128 0.32642487046632124 0.9562043795620438  
0.6619144602851323 0.3241758241758242 0.9635520212060967  
0.6924643584521385 0.30526315789473685 0.9680213191205863  
0.6781115879828327 0.35359116022099446 0.9576547231270358  
0.6785714285714286 0.3172043010752688 0.9592105263157895  
0.6741344195519349 0.3488372093023256 0.9486504279131007  
0.7051282051282052 0.3160621761658031 0.9644970414201184  
0.639763779527559 0.39325842696629215 0.9659090909090909  
0.6617336152219874 0.3333333333333333 0.9519736842105263  
0.6680584551148225 0.3425414364640884 0.9448094612352168  
0.6430062630480167 0.3333333333333333 0.9509483322432962  
0.6751968503937008 0.3147208121827411 0.9546377792823291  
0.6597077244258872 0.33516483516483514 0.9526627218934911  
0.6868475991649269 0.2978723404255319 0.9636963696369637  
0.6666666666666666 0.29081632653061223 0.9591567852437418  
0.6529284164859002 0.37158469945355194 0.9525357607282184  
0.6659707724425887 0.32275132275132273 0.9616908850726552  
0.6934782608695652 0.34054054054054056 0.9622641509433962  
0.6707317073170732 0.3177083333333333 0.9719626168224299  
0.6645161290322581 0.32642487046632124 0.9625984251968503  
0.7014925373134329 0.31843575418994413 0.9530638852672751  
0.6365503080082136 0.34972677595628415 0.9537037037037037  
0.6363636363636364 0.2653061224489796 0.9643093192333113  
0.6425619834710744 0.31843575418994413 0.9605003291639236  
0.6466809421841542 0.37640449438202245 0.9674690956408588  
0.6447638603696099 0.31976744186046513 0.9573210768220617  
0.70625 0.31413612565445026 0.9516876240900066  
0.6686746987951807 0.3611111111111111 0.961436170212766  
0.6468172484599589 0.31521739130434784 0.9596293845135672  
0.6826722338204593 0.2698412698412698 0.9610303830911493  
0.6 0.34269662921348315 0.9548095545513234  
0.6505263157894737 0.296875 0.9683168316831683  
0.6659663865546218 0.32620320855614976 0.9598420013166556  
0.6659707724425887 0.31794871794871793 0.9529177718832891  
0.6450939457202505 0.40555555555555556 0.9546946815495733  
0.6470588235294118 0.34806629834254144 0.9560655737704918  
0.6637362637362637 0.3630952380952381 0.9506093649775497  
0.618421052631579 0.3316831683168317 0.9619422572178478  
0.6901098901098901 0.3489583333333333 0.9465798045602606  
0.6446808510638298 0.3930635838150289 0.9577647823261858  
0.6757894736842105 0.3172043010752688 0.9585798816568047  
0.6666666666666666 0.3471502590673575 0.9560367454068242  
0.6826722338204593 0.28217821782178215 0.9700199866755497  
0.6811594202898551 0.2978723404255319 0.9649238914626076  
0.6852248394004282 0.366120218579235 0.9523498694516971  
0.6610526315789473 0.3 0.9611074489123269  
0.6578366445916115 0.3118279569892473 0.9565780946208684  
0.6120331950207469 0.327683615819209 0.963887065003283  
0.7222222222222222 0.30569948186528495 0.960552268244576  
0.6638115631691649 0.30978260869565216 0.9653821032005225  
0.6757322175732218 0.4021164021164021 0.9537953795379538  
0.6724890829694323 0.35106382978723405 0.9524739583333334  
0.6808510638297872 0.31794871794871793 0.965721819380356  
0.6583850931677019 0.33505154639175255 0.9614617940199336  
0.6974789915966386 0.3368421052631579 0.9538258575197889  
0.6708333333333333 0.32323232323232326 0.9594414893617021  
0.6493506493506493 0.3333333333333333 0.947062621045836  
0.6875 0.3333333333333333 0.9595959595959596  
0.6821192052980133 0.33663366336633666 0.9574328749181401  
0.7053941908713693 0.3068181818181818 0.9534120734908137  
0.7002237136465325 0.3770491803278688 0.9536082474226805  
0.6875 0.30726256983240224 0.9560078791858174  
0.6588486140724946 0.3181818181818182 0.9432343234323433  
0.6786516853932584 0.31351351351351353 0.9542525773195877  
0.6610878661087866 0.3142857142857143 0.963186077643909  
0.7012195121951219 0.358974358974359 0.954515050167224  
0.6810344827586207 0.375 0.9438709677419355  
0.6709677419354839 0.3118811881188119 0.9570957095709571  
0.6976241900647948 0.3417085427135678 0.9565789473684211  
0.6695278969957081 0.2962962962962963 0.9639816633922724  
0.6687631027253669 0.33157894736842103 0.9498349834983498  
0.6701461377870563 0.3316062176165803 0.9483443708609272  
0.6871035940803383 0.3259668508287293 0.9574607329842932  
0.6523605150214592 0.3352601156069364 0.9598185353208036  
0.6488222698072805 0.34673366834170855 0.9544854881266491  
0.6833333333333333 0.263681592039801 0.9493670886075949  
0.7017937219730942 0.3526315789473684 0.9469598965071151  
0.6395604395604395 0.34104046242774566 0.9562419562419563  
0.6659619450317125 0.27807486631016043 0.961892247043364  
0.6353467561521253 0.35714285714285715 0.9564652371669915  
0.656 0.35751295336787564 0.9583613163196776  
0.6450939457202505 0.31016042780748665 0.9485488126649076  
0.6916488222698073 0.350253807106599 0.9565217391304348  
0.6710816777041942 0.32620320855614976 0.9507133592736705  
0.679324894514768 0.367816091954023 0.9621903520208605  
0.6211812627291242 0.35 0.9576439444076771  
0.6492374727668845 0.41818181818181815 0.9467265725288831  
0.6926406926406926 0.2914572864321608 0.9612097304404996  
0.6673819742489271 0.255 0.9610817941952506  
0.6584362139917695 0.32620320855614976 0.9602385685884692  
0.6582809224318659 0.36312849162011174 0.9619921363040629  
0.6914660831509847 0.3333333333333333 0.9544270833333334  
0.6486486486486487 0.4166666666666667 0.9523809523809523  
0.6869747899159664 0.2604166666666667 0.9498018494055482  
0.6702127659574468 0.33157894736842103 0.9572930354796321  
0.6611570247933884 0.3463414634146341 0.9578030810448761  
0.6555555555555556 0.2474747474747475 0.954367666232073  
0.6560509554140127 0.35789473684210527 0.9533201840894149  
0.6745182012847966 0.27941176470588236 0.9655857048312376  
0.6293103448275862 0.35359116022099446 0.966818477553676  
0.6732456140350878 0.32620320855614976 0.9629629629629629  
0.6384297520661157 0.3783783783783784 0.9557171183079973  
0.7089397089397089 0.28125 0.9555997349237906  
0.6333333333333333 0.30412371134020616 0.9582228116710876  
0.6931106471816284 0.3485714285714286 0.9489528795811518  
0.6716738197424893 0.3333333333333333 0.9483660130718954  
0.6714285714285714 0.3279569892473118 0.950863213811421  
0.681917211328976 0.37037037037037035 0.9530638852672751  
0.6184486373165619 0.3484848484848485 0.962176509621765  
0.6133056133056133 0.31216931216931215 0.9629629629629629  
0.6950959488272921 0.33516483516483514 0.9595035924232528  
0.6939203354297694 0.3298429319371728 0.9544253632760898  
0.6818181818181818 0.29381443298969073 0.9560943643512451  
0.6846652267818575 0.372972972972973 0.9498044328552803  
0.6681127982646421 0.29015544041450775 0.9640052356020943  
0.6652452025586354 0.3333333333333333 0.9557755775577558  
0.6961770623742455 0.3604060913705584 0.9596774193548387  
0.6255230125523012 0.42105263157894735 0.9575994781474233  
0.6809815950920245 0.32085561497326204 0.9648074369189907  
0.689727463312369 0.36548223350253806 0.9509283819628647  
0.6247288503253796 0.2553191489361702 0.9517286366601435  
0.6602972399150743 0.3492063492063492 0.9559789750328516  
0.632016632016632 0.3532608695652174 0.9591298615688859  
0.6786427145708582 0.30569948186528495 0.9556451612903226  
0.6601307189542484 0.3258426966292135 0.9572815533980582  
0.6291666666666667 0.30917874396135264 0.968561872909699  
0.6558704453441295 0.35359116022099446 0.9595222295952223  
0.6445396145610278 0.327683615819209 0.9499349804941483  
0.6742738589211619 0.3768844221105528 0.9600266489007329  
0.7301927194860813 0.33689839572192515 0.944371727748691  
0.6373165618448637 0.3526315789473684 0.9577557755775578  
0.6956521739130435 0.3225806451612903 0.9459635416666666  
0.6434599156118144 0.37209302325581395 0.9615885416666666  
0.6168831168831169 0.2857142857142857 0.9534120734908137  
0.7202643171806168 0.32275132275132273 0.9441195581546459  
0.689727463312369 0.33507853403141363 0.9597093791281374  
0.654320987654321 0.2962962962962963 0.9615129396151294  
0.6469344608879493 0.3442622950819672 0.9574049803407602  
0.6723044397463002 0.2761904761904762 0.9639759839893263  
0.6673913043478261 0.35260115606936415 0.9573918657198193  
0.6680761099365751 0.34375 0.9551746868820039  
0.642706131078224 0.3423913043478261 0.9573770491803278  
0.682092555331992 0.3546511627906977 0.9491077329808327  
0.6915113871635611 0.3107344632768362 0.9526938239159002  
0.6868475991649269 0.2422680412371134 0.9562624254473161  
0.6527196652719666 0.3736842105263158 0.9570673712021136  
0.6565874730021598 0.3351063829787234 0.9575440888308295  
0.6496674057649667 0.28019323671497587 0.9658792650918635  
0.6617954070981211 0.3423913043478261 0.9605003291639236  
0.6785714285714286 0.3299492385786802 0.952286282306163  
0.6597077244258872 0.3172043010752688 0.957811470006592  
0.6745182012847966 0.3854166666666667 0.9507550886408405  
0.6727642276422764 0.26865671641791045 0.9570181329751511  
0.6584362139917695 0.2988505747126437 0.9638633377135348  
0.7053571428571429 0.3727810650887574 0.9482428115015974  
0.6695842450765864 0.34196891191709844 0.9419060052219321  
0.6547368421052632 0.36548223350253806 0.9549668874172186  
0.7142857142857143 0.32367149758454106 0.9539260220635951  
0.6825053995680346 0.27979274611398963 0.9600262123197904  
0.6589473684210526 0.3096446700507614 0.9642384105960264  
0.6772151898734177 0.2923076923076923 0.9596827495042961  
0.6470588235294118 0.29891304347826086 0.9681063122923588  
0.6645021645021645 0.3247422680412371 0.9508519003931848  
0.6488222698072805 0.34759358288770054 0.9594240837696335  
0.6530612244897959 0.38461538461538464 0.9622516556291391  
0.6693877551020408 0.3015075376884422 0.955123911587408  
0.6437768240343348 0.39325842696629215 0.9551365409622887  
0.6281512605042017 0.3829787234042553 0.9538866930171278  
0.6753246753246753 0.2751322751322751 0.9477465708687133  
0.6380753138075314 0.40782122905027934 0.959344262295082  
0.6853448275862069 0.28888888888888886 0.9564369310793238  
0.6556016597510373 0.3193717277486911 0.9569251159708416  
0.6540880503144654 0.2956989247311828 0.9552337063857801  
0.6497890295358649 0.3062200956937799 0.9673115410273516  
0.6514522821576764 0.3387096774193548 0.9636723910171731  
0.6708333333333333 0.32124352331606215 0.9575878064943671  
0.6561844863731656 0.29473684210526313 0.9551155115511551  
0.6811594202898551 0.4034090909090909 0.9487852921864741  
0.6303901437371663 0.3507853403141361 0.964095744680851  
0.6652360515021459 0.3229166666666667 0.9514435695538058  
0.7115384615384616 0.31351351351351353 0.9581425768476128  
0.6711409395973155 0.2955665024630542 0.9621409921671018  
0.6521739130434783 0.3258426966292135 0.9474030243261012  
0.6587473002159827 0.3368421052631579 0.9620667102681492  
0.679324894514768 0.3279569892473118 0.9434954007884363  
0.6411378555798687 0.296875 0.9615133724722765  
0.6611909650924025 0.3149171270718232 0.9511228533685601  
0.6770833333333334 0.30569948186528495 0.9549370444002651  
0.6771488469601677 0.3315508021390374 0.9512516469038208  
0.6597510373443983 0.2857142857142857 0.9525691699604744  
0.7024608501118568 0.3469387755102041 0.9610136452241715  
0.6652719665271967 0.3602150537634409 0.9565217391304348  
0.678714859437751 0.30952380952380953 0.9558047493403694  
0.6693877551020408 0.32386363636363635 0.9558047493403694  
0.7057569296375267 0.35135135135135137 0.9568062827225131  
0.6646090534979424 0.31016042780748665 0.9628893306825712  
0.6371134020618556 0.31016042780748665 0.956953642384106  
0.6750524109014675 0.3391812865497076 0.9550195567144719  
0.6791208791208792 0.3191489361702128 0.9499675113710201  
0.6351931330472103 0.36507936507936506 0.9659462999345121  
0.665314401622718 0.3977272727272727 0.9629874421678783  
0.6659751037344398 0.35911602209944754 0.956550362080316  
0.6447368421052632 0.25888324873096447 0.9535644211903205  
0.7124463519313304 0.30319148936170215 0.9509162303664922  
0.6860706860706861 0.3442622950819672 0.9519104084321476  
0.6884875846501128 0.2925531914893617 0.9626047711154094  
0.6958333333333333 0.24043715846994534 0.9644502962475313  
0.6970954356846473 0.3668639053254438 0.9503592423252776  
0.6977225672877847 0.33689839572192515 0.9556878306878307  
0.6716101694915254 0.3791208791208791 0.9613874345549738  
0.6729957805907173 0.2849740932642487 0.9570957095709571  
0.6509635974304069 0.31443298969072164 0.960552268244576  
0.6703539823008849 0.36363636363636365 0.9442644199611148  
0.6842105263157895 0.3385416666666667 0.9498349834983498  
0.6903765690376569 0.32085561497326204 0.9472643375082399  
0.6789366053169734 0.35978835978835977 0.96875  
0.6832298136645962 0.366120218579235 0.9531662269129287  
0.6762886597938145 0.31693989071038253 0.9636723910171731  
0.6707818930041153 0.2962962962962963 0.946914399469144  
0.6784968684759917 0.3387096774193548 0.9611074489123269  
0.7254004576659039 0.3118279569892473 0.9441949967928159  
0.6630901287553648 0.3036649214659686 0.9645901639344262  
0.68 0.3485714285714286 0.9543080939947781  
0.6477732793522267 0.32978723404255317 0.9626666666666667  
0.693446088794926 0.233502538071066 0.9603174603174603  
0.6762749445676275 0.27717391304347827 0.9638009049773756  
0.6473214285714286 0.32124352331606215 0.9649578195976638  
0.682648401826484 0.2613065326633166 0.9533980582524272  
0.6857749469214437 0.33163265306122447 0.9518151815181518  
0.6711111111111111 0.24880382775119617 0.9645436638214051  
0.648590021691974 0.33714285714285713 0.9508408796895214  
0.6611226611226612 0.3505747126436782 0.9607072691552063  
0.710239651416122 0.25 0.9555845852384063  
0.6747252747252748 0.3118279569892473 0.9526281635301752  
0.7129840546697038 0.3112244897959184 0.9508726567550096  
0.6702127659574468 0.3764705882352941 0.9442282749675746  
0.670020120724346 0.3905325443786982 0.9564643799472295  
0.6688172043010753 0.34269662921348315 0.9597141000649773  
0.6735966735966736 0.31088082901554404 0.9582228116710876  
0.6949152542372882 0.32608695652173914 0.9560943643512451  
0.6728395061728395 0.36363636363636365 0.9595758780649437  
0.6694915254237288 0.3776595744680851 0.9566360052562418  
0.6708860759493671 0.2708333333333333 0.9544854881266491  
0.6703056768558951 0.32972972972972975 0.9499675113710201  
0.6932773109243697 0.2653061224489796 0.9582781456953643  
0.674468085106383 0.4011627906976744 0.9512987012987013  
0.6778947368421052 0.33689839572192515 0.9605263157894737  
0.7053763440860215 0.32989690721649484 0.9455022980958634  
0.6762114537444934 0.2923076923076923 0.958904109589041  
0.7072649572649573 0.3016759776536313 0.955700325732899  
0.659919028340081 0.34054054054054056 0.9587491683300067  
0.6576200417536534 0.3333333333333333 0.9604026845637584  
0.6762114537444934 0.32085561497326204 0.9461388708630759  
0.6832971800433839 0.32142857142857145 0.959344262295082  
0.6361702127659574 0.30256410256410254 0.9571522742254449  
0.6479481641468683 0.29081632653061223 0.9612606697307945  
0.6927835051546392 0.34444444444444444 0.946605141727093  
0.6816239316239316 0.27184466019417475 0.9628647214854111  
0.6709129511677282 0.31862745098039214 0.9568679495686795  
0.6821192052980133 0.31413612565445026 0.9583875162548765  
0.6853002070393375 0.3670212765957447 0.9549966909331569  
0.6901098901098901 0.3793103448275862 0.9517063747585319  
0.6709677419354839 0.3402061855670103 0.9579776756401839  
0.703862660944206 0.3048128342245989 0.9535644211903205  
0.6640159045725647 0.3567567567567568 0.964524765729585  
0.6993736951983298 0.34183673469387754 0.9508958195089582  
0.6708074534161491 0.28431372549019607 0.9558528428093646  
0.6808510638297872 0.3069306930693069 0.9615894039735099  
0.665314401622718 0.38285714285714284 0.9603698811096433  
0.5944206008583691 0.29842931937172773 0.9567213114754098  
0.6526315789473685 0.2879581151832461 0.9577836411609498  
0.7037815126050421 0.3333333333333333 0.9539473684210527  
0.6997885835095138 0.30303030303030304 0.9596293845135672  
0.6750524109014675 0.2828282828282828 0.9575315195753152  
0.6430020283975659 0.37142857142857144 0.9531043593130779  
0.6815286624203821 0.28078817733990147 0.9655172413793104  
0.6904761904761905 0.2988505747126437 0.9566623544631306  
0.6895787139689579 0.33157894736842103 0.9630110317975341  
0.6745689655172413 0.2768361581920904 0.9571706683971447  
0.6687370600414079 0.28078817733990147 0.9618983957219251  
0.6081632653061224 0.324468085106383 0.9647606382978723  
0.6526548672566371 0.2736842105263158 0.9564935064935065  
0.68125 0.38181818181818183 0.9466493168510085  
0.7002012072434608 0.32642487046632124 0.9463806970509383  
0.6423982869379015 0.3770491803278688 0.9477806788511749  
0.6454918032786885 0.34615384615384615 0.9616402116402116  
0.7268993839835729 0.2964824120603015 0.9525401069518716  
0.6709401709401709 0.34444444444444444 0.9478487614080835  
0.6284501061571125 0.3439153439153439 0.9730617608409987  
0.6895161290322581 0.3615819209039548 0.9502982107355865  
0.6293103448275862 0.29743589743589743 0.963887065003283  
0.6646586345381527 0.3699421965317919 0.9602911978821972  
0.613588110403397 0.3967391304347826 0.9652914210870989  
0.6957446808510638 0.28502415458937197 0.9614617940199336  
0.67170626349892 0.27319587628865977 0.959344262295082  
0.6695278969957081 0.3488372093023256 0.9553108808290155  
0.7142857142857143 0.366120218579235 0.9507772020725389  
0.7105831533477321 0.291005291005291 0.9549019607843138  
0.6673387096774194 0.2722772277227723 0.9568733153638814  
0.6529284164859002 0.32432432432432434 0.9544270833333334  
0.6734234234234234 0.3399014778325123 0.9550488599348534  
0.6332622601279317 0.38421052631578945 0.9553512803676953  
0.6378947368421053 0.35051546391752575 0.9504296100462657  
0.6465696465696466 0.30845771144278605 0.956  
0.6952789699570815 0.28651685393258425 0.9544863459037711  
0.679372197309417 0.3422459893048128 0.947062621045836  
0.6231884057971014 0.37566137566137564 0.9609271523178808  
0.6903765690376569 0.3439153439153439 0.9504950495049505  
0.6809815950920245 0.27053140096618356 0.9623149394347241  
0.6566523605150214 0.30412371134020616 0.9592641261498029  
0.6569506726457399 0.3435897435897436 0.9656067488643738  
0.6731182795698925 0.3010752688172043 0.953625081645983  
0.6666666666666666 0.2925531914893617 0.958634274458306  
0.6605316973415133 0.3314917127071823 0.9629629629629629  
0.6804979253112033 0.3489583333333333 0.9648541114058355  
0.6471861471861472 0.32 0.9519736842105263  
0.6611570247933884 0.29292929292929293 0.9673333333333334  
0.6305309734513275 0.27884615384615385 0.9625492772667543  
0.7039473684210527 0.3333333333333333 0.9479505530253741  
0.6937901498929336 0.3422459893048128 0.9489528795811518  
0.6722689075630253 0.34065934065934067 0.9619422572178478  
0.6350515463917525 0.3333333333333333 0.9677852348993289  
0.6764705882352942 0.29441624365482233 0.9463220675944334  
0.6436058700209644 0.38636363636363635 0.9535644211903205  
0.6474358974358975 0.27624309392265195 0.95955642530985  
0.6693711967545639 0.3333333333333333 0.9576719576719577  
0.6849015317286652 0.3604060913705584 0.9515706806282722  
0.6673728813559322 0.32972972972972975 0.958688524590164  
0.6933867735470942 0.29411764705882354 0.9513184584178499  
0.646551724137931 0.3417085427135678 0.9585253456221198  
0.6809815950920245 0.37037037037037035 0.9542782495101241  
0.6840958605664488 0.32038834951456313 0.959789057350033  
0.6506986027944112 0.28272251308900526 0.959731543624161  
0.6757894736842105 0.30057803468208094 0.9498044328552803  
0.694949494949495 0.30939226519337015 0.9594953519256308  
0.7041036717062635 0.36666666666666664 0.9549370444002651  
0.688659793814433 0.25853658536585367 0.9671581769436998  
0.6583850931677019 0.328125 0.9522229595222296  
0.6888888888888889 0.3333333333333333 0.9661579296615793  
0.6872246696035242 0.3423913043478261 0.9566062176165803  
0.6876310272536688 0.26842105263157895 0.9438943894389439  
0.671578947368421 0.29608938547486036 0.9515706806282722  
0.6415478615071283 0.3384615384615385 0.9685828877005348  
0.7060133630289532 0.30288461538461536 0.9606557377049181  
0.6909871244635193 0.29896907216494845 0.9533508541392904  
0.6376811594202898 0.32608695652173914 0.9676567656765677  
0.7124463519313304 0.35428571428571426 0.9474367293964958  
0.6563786008230452 0.33678756476683935 0.9514304723885563  
0.6729957805907173 0.32620320855614976 0.9467455621301775  
0.6568421052631579 0.372972972972973 0.9553219448094612  
0.6916488222698073 0.2777777777777778 0.961766644693474  
0.6836518046709129 0.3592814371257485 0.9591968911917098  
0.6910229645093946 0.3471502590673575 0.9649006622516556  
0.6511627906976745 0.3224043715846995 0.9678899082568807  
0.6859504132231405 0.33157894736842103 0.9535809018567639  
0.6548856548856549 0.29120879120879123 0.9572086899275839  
0.6659663865546218 0.2804232804232804 0.957811470006592  
0.6354166666666666 0.3870967741935484 0.9498680738786279  
0.6914893617021277 0.38764044943820225 0.9530638852672751  
0.6503340757238307 0.29015544041450775 0.9655844155844155  
0.676954732510288 0.34269662921348315 0.953227931488801  
0.6932773109243697 0.35678391959798994 0.9548772395487723  
0.6666666666666666 0.30319148936170215 0.9622766379880874  
0.6850220264317181 0.39344262295081966 0.9495145631067962  
0.6832971800433839 0.3065326633165829 0.9612352168199737  
0.6536082474226804 0.36813186813186816 0.9603960396039604  
0.6556291390728477 0.325 0.94702419882276  
0.6469248291571754 0.30456852791878175 0.9611901681759379  
0.6590909090909091 0.36666666666666664 0.9459815546772069  
0.6946902654867256 0.33513513513513515 0.9546925566343042  
0.6765327695560254 0.36666666666666664 0.9496402877697842  
0.6567460317460317 0.27624309392265195 0.9659318637274549  
0.6756756756756757 0.25870646766169153 0.9586666666666667  
0.6582809224318659 0.3602150537634409 0.956550362080316  
0.6623376623376623 0.34594594594594597 0.952442996742671  
0.6324435318275154 0.27 0.9638795986622074  
0.6626262626262627 0.34269662921348315 0.9516235917826376  
0.6375 0.3241758241758242 0.9460526315789474  
0.6466809421841542 0.3036649214659686 0.9507874015748031  
0.6213389121338913 0.3333333333333333 0.9575994781474233  
0.6582809224318659 0.2887700534759358 0.9571805006587615  
0.6428571428571429 0.32653061224489793 0.9672459893048129  
0.6493775933609959 0.305 0.964  
0.7061310782241015 0.3089887640449438 0.9399085564990203  
0.6563876651982379 0.3181818181818182 0.9562091503267974  
0.6593406593406593 0.33507853403141363 0.9485677083333334  
0.6696035242290749 0.34054054054054056 0.9520414776409591  
0.6666666666666666 0.285 0.953473132372215  
0.6977777777777778 0.3191489361702128 0.9501295336787565  
0.6408602150537634 0.3096446700507614 0.9559210526315789  
0.6286919831223629 0.30526315789473685 0.9624505928853755  
0.6550218340611353 0.31413612565445026 0.9686888454011742  
0.6688888888888889 0.3469387755102041 0.9485677083333334  
0.6729957805907173 0.27835051546391754 0.9597093791281374  
0.6810344827586207 0.31868131868131866 0.9583333333333334  
0.6986899563318777 0.3172043010752688 0.947334200260078  
0.6585365853658537 0.32620320855614976 0.9534264803725881  
0.6962305986696231 0.32989690721649484 0.9486011711125569  
0.6995798319327731 0.3806818181818182 0.9464052287581699  
0.6392405063291139 0.3825136612021858 0.9685245901639344  
0.6838709677419355 0.31088082901554404 0.9514435695538058  
0.6754032258064516 0.3548387096774194 0.9513333333333334  
0.6645962732919255 0.3817204301075269 0.9570389953734303  
0.6630901287553648 0.3282828282828283 0.950592885375494  
0.6541666666666667 0.33157894736842103 0.9556878306878307  
0.6367432150313153 0.34972677595628415 0.9644736842105263  
0.6895074946466809 0.28169014084507044 0.9620505992010653  
0.6504237288135594 0.3651685393258427 0.9575718015665796  
0.6808988764044944 0.28431372549019607 0.9504240052185258  
0.6594360086767896 0.3157894736842105 0.9638709677419355  
0.6943866943866944 0.34269662921348315 0.9507550886408405  
0.6666666666666666 0.38421052631578945 0.9618671926364234  
0.6866666666666666 0.35051546391752575 0.9577373211963589  
0.6666666666666666 0.35 0.9526938239159002  
0.6840958605664488 0.3202247191011236 0.9508090614886732  
0.7115384615384616 0.3333333333333333 0.9513797634691196  
0.7024070021881839 0.32085561497326204 0.9570871261378413  
0.6282608695652174 0.3064516129032258 0.9596354166666666  
0.6743215031315241 0.33497536945812806 0.9646666666666667  
0.6487603305785123 0.34574468085106386 0.9668874172185431  
0.6395604395604395 0.34054054054054056 0.9610894941634242  
0.6673866090712743 0.32642487046632124 0.9567496723460026  
0.6760259179265659 0.3473684210526316 0.9633747547416612  
0.7103004291845494 0.3765432098765432 0.9414414414414415  
0.6993464052287581 0.3282051282051282 0.9554973821989529  
0.6511627906976745 0.3241758241758242 0.962671905697446  
0.6577319587628866 0.3482587064676617 0.9679144385026738  
0.6666666666666666 0.3701657458563536 0.9544554455445544  
0.6702819956616052 0.3516483516483517 0.9603638726445743  
0.7010526315789474 0.37967914438502676 0.9572368421052632  
0.6449579831932774 0.3263157894736842 0.9630606860158312  
0.6631799163179917 0.3333333333333333 0.9624505928853755  
0.6471861471861472 0.3277777777777778 0.964935064935065  
0.6666666666666666 0.27403846153846156 0.9507651363938789  
0.6816239316239316 0.3010204081632653 0.9598155467720685  
0.6673427991886409 0.2994652406417112 0.9533954727030626  
0.6567796610169492 0.3160377358490566 0.9579439252336449  
0.68 0.34615384615384615 0.9573770491803278  
0.6405919661733616 0.2893401015228426 0.9662698412698413  
0.6774193548387096 0.27692307692307694 0.9500657030223391  
0.6602564102564102 0.2807017543859649 0.9643551523007129  
0.6763485477178424 0.3425414364640884 0.955892034233048  
0.6770833333333334 0.28888888888888886 0.9579500657030223  
0.6713426853707415 0.33689839572192515 0.9552139037433155  
0.648870636550308 0.32124352331606215 0.9613848202396804  
0.6895787139689579 0.24757281553398058 0.958688524590164  
0.6864406779661016 0.3699421965317919 0.9544567338972023  
0.6997971602434077 0.31891891891891894 0.9561170212765957  
0.6595744680851063 0.28717948717948716 0.952537903757416  
0.6438923395445134 0.3316062176165803 0.9648074369189907  
0.6778242677824268 0.3492063492063492 0.9419141914191419  
0.6722689075630253 0.3689839572192513 0.9664252797893351  
0.639751552795031 0.3021978021978022 0.9630850362557679  
0.6383838383838384 0.27979274611398963 0.963855421686747  
0.6444906444906445 0.32044198895027626 0.9519736842105263  
0.68 0.335 0.9681486396814863  
0.6888412017167382 0.35106382978723405 0.9469895287958116  
0.6852248394004282 0.32786885245901637 0.9608355091383812  
0.6900826446280992 0.3548387096774194 0.9576719576719577  
0.6512096774193549 0.34408602150537637 0.9666666666666667  
0.6694386694386695 0.3316582914572864 0.9573901464713716  
0.6965065502183406 0.3473684210526316 0.9445893089960886  
0.6666666666666666 0.3977272727272727 0.9540155440414507  
0.6707818930041153 0.28415300546448086 0.9623265036351619  
0.6610169491525424 0.34517766497461927 0.9576999339061467  
0.6639175257731958 0.3131868131868132 0.9498349834983498  
0.6659877800407332 0.24083769633507854 0.9466666666666667  
0.6503067484662577 0.3096446700507614 0.964572192513369  
0.6494845360824743 0.2857142857142857 0.9557755775577558  
0.6652631578947369 0.3333333333333333 0.9596560846560847  
0.6262230919765166 0.2947976878612717 0.9632843791722296  
0.7254901960784313 0.2864321608040201 0.94750656167979  
0.6834677419354839 0.30434782608695654 0.964841108857336  
0.6565217391304348 0.3670212765957447 0.9491525423728814  
0.6494623655913978 0.3469387755102041 0.9533201840894149  
0.6631578947368421 0.287292817679558 0.9626474442988204  
0.6833667334669339 0.3010752688172043 0.9552438209752839  
0.688034188034188 0.2857142857142857 0.9551656920077972  
0.6533613445378151 0.375 0.9581699346405229  
0.6724890829694323 0.4011299435028249 0.9495798319327731  
0.6765375854214123 0.33157894736842103 0.9510624597553123  
0.6360078277886497 0.41954022988505746 0.9585838343353373  
0.6376811594202898 0.35428571428571426 0.9599737532808399  
0.6516129032258065 0.36046511627906974 0.9546925566343042  
0.6529774127310062 0.3279569892473118 0.953611663353214  
0.6523517382413088 0.4114285714285714 0.955862977602108  
0.6618556701030928 0.2849740932642487 0.961436170212766  
0.6845493562231759 0.28888888888888886 0.9479166666666666  
0.6542669584245077 0.2978723404255319 0.9583604424202993  
0.7002012072434608 0.287292817679558 0.9660904255319149  
0.6292585170340681 0.3559322033898305 0.9621513944223108  
0.6375266524520256 0.31088082901554404 0.9513157894736842  
0.6826086956521739 0.33668341708542715 0.9619172685489166  
0.6835443037974683 0.3351063829787234 0.9559210526315789  
0.6369426751592356 0.2885572139303483 0.9582781456953643  
0.6783505154639176 0.30526315789473685 0.9635036496350365  
0.67 0.3388888888888889 0.9474034620505992  
0.6731601731601732 0.32978723404255317 0.9614882506527415  
0.6551020408163265 0.31343283582089554 0.9678068410462777  
0.6508264462809917 0.3048128342245989 0.9516876240900066  
0.6396396396396397 0.3089005235602094 0.9476405946994182  
0.6794582392776524 0.30434782608695654 0.9556135770234987  
0.696652719665272 0.31868131868131866 0.9599211563731932  
0.6781857451403888 0.42021276595744683 0.9575440888308295  
0.6794354838709677 0.3241758241758242 0.9601063829787234  
0.683991683991684 0.27411167512690354 0.956781914893617  
0.6950959488272921 0.3089887640449438 0.9543973941368078  
0.6561264822134387 0.3105263157894737 0.9643337819650067  
0.6484210526315789 0.2962962962962963 0.9657444005270093  
0.6666666666666666 0.3333333333333333 0.958688524590164  
0.6601731601731602 0.3492063492063492 0.9555845852384063  
0.6855983772819473 0.37572254335260113 0.9610817941952506  
0.6597510373443983 0.3645320197044335 0.9652638610554443  
0.6311300639658849 0.2857142857142857 0.9658792650918635  
0.639751552795031 0.33519553072625696 0.9631578947368421  
0.7188841201716738 0.30456852791878175 0.9585253456221198  
0.6553911205073996 0.3333333333333333 0.9611074489123269  
0.6659528907922913 0.3163265306122449 0.9657669519420672  
0.6233766233766234 0.34 0.9657894736842105  
0.6939655172413793 0.34269662921348315 0.9538961038961039  
0.6652719665271967 0.3275862068965517 0.9588235294117647  
0.6681514476614699 0.32 0.9575994781474233  
0.6902654867256637 0.3155080213903743 0.9533376539209333  
0.6339468302658486 0.3641304347826087 0.9615639496355202  
0.6475583864118896 0.3384615384615385 0.9544854881266491  
0.6327345309381237 0.33157894736842103 0.9651240778001341  
0.6341463414634146 0.29411764705882354 0.9673985362608117  
0.6568421052631579 0.30337078651685395 0.9601046435578809  
0.7077922077922078 0.3333333333333333 0.9534426229508197  
0.7116182572614108 0.3128205128205128 0.9554817275747508  
0.690744920993228 0.2857142857142857 0.9446614583333334  
0.6537678207739308 0.32972972972972975 0.9608233731739708  
0.6706586826347305 0.26865671641791045 0.9547297297297297  
0.6411290322580645 0.31216931216931215 0.9692718770875084  
0.6659574468085107 0.32323232323232326 0.9570673712021136  
0.6782786885245902 0.328042328042328 0.9561461794019933  
0.6758474576271186 0.3516483516483517 0.9541884816753927  
0.6583850931677019 0.3388888888888889 0.9519420671494404  
0.6936936936936937 0.32275132275132273 0.9464170432537121  
0.6865342163355408 0.3170731707317073 0.9540682414698163  
0.6666666666666666 0.3383838383838384 0.9655629139072848  
0.6653465346534654 0.3384615384615385 0.9588394062078273  
0.6494845360824743 0.32105263157894737 0.9641672196416722  
0.6244725738396625 0.32338308457711445 0.9628400796284008  
0.681917211328976 0.3282828282828283 0.9554098360655737  
0.658 0.32786885245901637 0.9639759839893263  
0.681917211328976 0.3612565445026178 0.956266318537859  
0.7112970711297071 0.3165829145728643 0.9627906976744186  
0.6653696498054474 0.37222222222222223 0.9623655913978495  
0.6681222707423581 0.38764044943820225 0.96248382923674  
0.6687631027253669 0.31891891891891894 0.9585526315789473  
0.6463414634146342 0.2784090909090909 0.9623513870541611  
0.673728813559322 0.33146067415730335 0.9595300261096605  
0.6350806451612904 0.30113636363636365 0.9609271523178808  
0.6645833333333333 0.35353535353535354 0.9521276595744681  
0.6624203821656051 0.2988505747126437 0.9603122966818478  
0.6744186046511628 0.3036649214659686 0.9545454545454546  
0.6659340659340659 0.32105263157894737 0.9531554977228367  
0.6687631027253669 0.2896174863387978 0.9500657030223391  
0.6619144602851323 0.34972677595628415 0.9655172413793104  
0.6646216768916156 0.3155080213903743 0.9608233731739708  
0.6473029045643154 0.2832369942196532 0.9574328749181401  
0.6784140969162996 0.27586206896551724 0.9567213114754098  
0.6746203904555315 0.3105263157894737 0.9575440888308295  
0.6808943089430894 0.35106382978723405 0.9600532623169108  
0.6536885245901639 0.39106145251396646 0.9610561056105611  
0.6561181434599156 0.3582887700534759 0.9631821170282708  
0.7065217391304348 0.31155778894472363 0.9494418910045962  
0.6788008565310493 0.32085561497326204 0.9581151832460733  
0.7081545064377682 0.295 0.9584432717678101  
0.6532258064516129 0.3248730964467005 0.9590329079919409  
0.6763485477178424 0.32275132275132273 0.9662475181998676  
0.6885245901639344 0.3160621761658031 0.955363091272485  
0.6369294605809128 0.3769633507853403 0.9708416169648774  
0.6871035940803383 0.2760416666666667 0.9630850362557679  
0.6553911205073996 0.375 0.9534426229508197  
0.6952789699570815 0.34065934065934067 0.9498044328552803  
0.6982758620689655 0.3300970873786408 0.955026455026455  
0.6724137931034483 0.32967032967032966 0.9537760416666666  
0.6407766990291263 0.3177083333333333 0.9661016949152542  
0.654 0.3492063492063492 0.955793703951775  
0.6792452830188679 0.32460732984293195 0.9491413474240423  
0.6778242677824268 0.255 0.9594414893617021  
0.7006507592190889 0.296875 0.9587965990843689  
0.6189473684210526 0.3858695652173913 0.9520682862770847  
0.728448275862069 0.3028571428571429 0.9578742709008425  
0.6868686868686869 0.3114754098360656 0.9547872340425532  
0.6743697478991597 0.28342245989304815 0.9591836734693877  
0.6716738197424893 0.28205128205128205 0.9526627218934911  
0.6687763713080169 0.3423913043478261 0.9501312335958005  
0.6645569620253164 0.3556701030927835 0.9517833553500661  
0.6673553719008265 0.32386363636363635 0.9586070959264126  
0.6493506493506493 0.3539325842696629 0.9591439688715954  
0.6645833333333333 0.3793103448275862 0.9469895287958116  
0.6442105263157895 0.32653061224489793 0.9583057577763071  
0.6680327868852459 0.27472527472527475 0.9695767195767195  
0.6881720430107527 0.31216931216931215 0.949607329842932  
0.6616052060737527 0.36787564766839376 0.9568062827225131  
0.6391752577319587 0.3723404255319149 0.9648774022531478  
0.6680584551148225 0.3687150837988827 0.9540682414698163  
0.6694386694386695 0.31683168316831684 0.951967978652435  
0.6753246753246753 0.32338308457711445 0.9611586570111915  
0.6645299145299145 0.3114754098360656 0.9542782495101241  
0.6495726495726496 0.3425414364640884 0.9582517938682322  
0.649895178197065 0.3224043715846995 0.9684625492772667  
0.684931506849315 0.3010204081632653 0.9554263565891473  
0.6921487603305785 0.24193548387096775 0.9596560846560847  
0.6295503211991434 0.32967032967032966 0.9602087410306588  
0.6565040650406504 0.3045977011494253 0.9676781002638523  
0.6703786191536748 0.3564356435643564 0.9386022207707381  
0.7095435684647303 0.3626373626373626 0.9472990777338604  
0.673289183222958 0.3417085427135678 0.954248366013072  
0.6185344827586207 0.336734693877551 0.9553219448094612  
0.6680497925311203 0.35119047619047616 0.9503916449086162  
0.6695464362850972 0.3641025641025641 0.958005249343832  
0.6518987341772152 0.31746031746031744 0.9670836076366031  
0.6427145708582834 0.38857142857142857 0.953519256308101  
0.6378947368421053 0.33507853403141363 0.9544854881266491  
0.6546610169491526 0.3172043010752688 0.963254593175853  
0.69593147751606 0.3626373626373626 0.9471624266144814  
0.6504237288135594 0.3553299492385787 0.9590218109715797  
0.6829268292682927 0.3172043010752688 0.9594414893617021  
0.653276955602537 0.31521739130434784 0.9560655737704918  
0.6884210526315789 0.375 0.9524752475247524  
0.6726907630522089 0.33516483516483514 0.9467376830892144  
0.7133757961783439 0.32432432432432434 0.95478374836173  
0.7094594594594594 0.28061224489795916 0.956549935149157  
0.6637362637362637 0.3225806451612903 0.9623621025308241  
0.6820083682008368 0.3076923076923077 0.9502982107355865  
0.6542443064182195 0.31216931216931215 0.9615894039735099  
0.6645161290322581 0.3446327683615819 0.9545454545454546  
0.6522633744855967 0.3088235294117647 0.9510723860589813  
0.6502057613168725 0.3181818181818182 0.9606141522029372  
0.6538461538461539 0.34594594594594597 0.9450621321124918  
0.665948275862069 0.32057416267942584 0.9595758780649437  
0.656441717791411 0.31746031746031744 0.9621010638297872  
0.6769911504424779 0.3165829145728643 0.952971913781842  
0.6639839034205232 0.33136094674556216 0.9531662269129287  
0.6461864406779662 0.3617021276595745 0.9402102496714849  
0.6405919661733616 0.2925531914893617 0.9559500328731098  
0.6864035087719298 0.2722772277227723 0.9540682414698163  
0.6434782608695652 0.3541666666666667 0.9607843137254902  
0.6583333333333333 0.35323383084577115 0.955363091272485  
0.6565656565656566 0.3177083333333333 0.9632107023411371  
0.6500994035785288 0.3105263157894737 0.9576897246474144  
0.6211812627291242 0.34054054054054056 0.9548472775564409  
0.6836518046709129 0.31216931216931215 0.954664914586071  
0.687089715536105 0.30851063829787234 0.9596616785946649  
0.6645962732919255 0.3076923076923077 0.9561170212765957  
0.6725274725274726 0.3553299492385787 0.9568627450980393  
0.6742268041237114 0.27325581395348836 0.9606557377049181  
0.7039337474120083 0.32275132275132273 0.952317880794702  
0.6701902748414377 0.3675675675675676 0.9593175853018373  
0.6761487964989059 0.3107344632768362 0.9541343669250646  
0.6715176715176715 0.3036649214659686 0.9556291390728476  
0.6653306613226453 0.35795454545454547 0.9615129396151294  
0.6651982378854625 0.3125 0.9694010416666666  
0.6701461377870563 0.3315508021390374 0.962401055408971  
0.6204081632653061 0.36312849162011174 0.9583608724388631  
0.6422594142259415 0.32 0.9561805101373446  
0.6842105263157895 0.39790575916230364 0.962214983713355  
0.7017167381974249 0.27184466019417475 0.9576158940397351  
0.6589958158995816 0.29896907216494845 0.9635761589403974  
0.6631578947368421 0.34615384615384615 0.9580327868852458  
0.6760259179265659 0.3551912568306011 0.9622395833333334  
0.6624203821656051 0.32460732984293195 0.969078947368421  
0.6351351351351351 0.28426395939086296 0.9610642439974043  
0.6405622489959839 0.3409090909090909 0.9595490716180372  
0.64375 0.31213872832369943 0.9568345323741008  
0.7155172413793104 0.26900584795321636 0.9586296056884293  
0.6268656716417911 0.3172043010752688 0.9659462999345121  
0.6623655913978495 0.3314917127071823 0.9563802083333334  
0.6673773987206824 0.3383084577114428 0.9596560846560847  
0.6644736842105263 0.2756756756756757 0.9526281635301752  
0.673289183222958 0.37222222222222223 0.9535183989670756  
0.7324263038548753 0.27040816326530615 0.9462783171521035  
0.6788793103448276 0.34375 0.9531450577663672  
0.6887417218543046 0.2717948717948718 0.954367666232073  
0.6637362637362637 0.35195530726256985 0.962532299741602  
0.6666666666666666 0.3468208092485549 0.95822454308094  
0.6321138211382114 0.31794871794871793 0.9712374581939799  
0.70276008492569 0.3225806451612903 0.9514754098360656  
0.7037037037037037 0.325 0.9566644780039396  
0.7008928571428571 0.2613065326633166 0.9583061889250815  
0.6729559748427673 0.2962962962962963 0.9551451187335093  
0.6544276457883369 0.4147727272727273 0.9552819183408944  
0.6398305084745762 0.31683168316831684 0.96684350132626  
0.6762886597938145 0.36649214659685864 0.9482071713147411  
0.6666666666666666 0.3020833333333333 0.9451338994121489  
0.6418219461697723 0.34375 0.9654943596549436  
0.6415478615071283 0.34196891191709844 0.9612817089452603  
0.6411889596602972 0.3131868131868132 0.9633747547416612  
0.6782608695652174 0.398876404494382 0.9494818652849741  
0.6553191489361702 0.40853658536585363 0.9489664082687338  
0.6631578947368421 0.34285714285714286 0.9519038076152304  
0.6919917864476386 0.3383084577114428 0.963186077643909  
0.6468085106382979 0.25380710659898476 0.9735973597359736  
0.6780383795309168 0.4046242774566474 0.951948051948052  
0.6864035087719298 0.3551912568306011 0.9539857420609202  
0.6572668112798264 0.3492063492063492 0.95822454308094  
0.6681034482758621 0.3898305084745763 0.9480856586632057  
0.6836734693877551 0.36 0.9617962466487936  
0.643312101910828 0.31868131868131866 0.960758665794637  
0.6584867075664622 0.3068181818181818 0.9531970995385629  
0.6840909090909091 0.31443298969072164 0.9470284237726099  
0.6594360086767896 0.3193717277486911 0.9620915032679739  
0.6896551724137931 0.28421052631578947 0.9559706470980653  
0.6702355460385439 0.35175879396984927 0.9492084432717678  
0.6610526315789473 0.2832369942196532 0.9478487614080835  
0.6558704453441295 0.2559241706161137 0.9614082599864591  
0.6552462526766595 0.36 0.9538961038961039  
0.6860706860706861 0.35359116022099446 0.9526315789473684  
0.695364238410596 0.3197969543147208 0.95822454308094  
0.6516129032258065 0.3631578947368421 0.9600523903077931  
0.6903225806451613 0.34554973821989526 0.9580602883355177  
0.6369565217391304 0.3172043010752688 0.9602864583333334  
0.6659836065573771 0.3005464480874317 0.9523494374586366  
0.654368932038835 0.32954545454545453 0.960429242119383  
0.6924731182795699 0.32673267326732675 0.9617161716171617  
0.6631799163179917 0.33152173913043476 0.9585526315789473  
0.6548856548856549 0.38636363636363635 0.9540983606557377  
0.6714876033057852 0.38461538461538464 0.9529103989535644  
0.6502242152466368 0.28125 0.9604922279792746  
0.7024070021881839 0.26666666666666666 0.9575163398692811  
0.6715176715176715 0.3473684210526316 0.9682329583057577  
0.6548856548856549 0.33689839572192515 0.9676354029062088  
0.6816239316239316 0.2946859903381642 0.9442601194426012  
0.6854838709677419 0.2857142857142857 0.9532398129592519  
0.65 0.34594594594594597 0.957811470006592  
0.6639175257731958 0.3149171270718232 0.9558047493403694  
0.6941431670281996 0.3425414364640884 0.948051948051948  
0.6848484848484848 0.2512820512820513 0.9591152815013405  
0.6618257261410788 0.3131868131868132 0.955862977602108  
0.6577181208053692 0.3448275862068966 0.9445169712793734  
0.6715176715176715 0.29473684210526313 0.9629384513567174  
0.6597938144329897 0.33507853403141363 0.9594953519256308  
0.6975717439293598 0.34196891191709844 0.9485677083333334  
0.6349206349206349 0.3388888888888889 0.9679572763684913  
0.6881496881496881 0.3333333333333333 0.9525691699604744  
0.6331967213114754 0.3370165745856354 0.9570389953734303  
0.6739130434782609 0.34054054054054056 0.9538061158100195  
0.6500994035785288 0.30456852791878175 0.9574898785425101  
0.6716417910447762 0.39361702127659576 0.9573770491803278  
0.6323529411764706 0.24607329842931938 0.9597359735973597  
0.6408163265306123 0.33505154639175255 0.9539385847797063  
0.682 0.30726256983240224 0.9654025282767797  
0.6476793248945147 0.3048128342245989 0.9546351084812623  
0.6868475991649269 0.3314285714285714 0.9509162303664922  
0.6721311475409836 0.32978723404255317 0.953519256308101  
0.6736401673640168 0.33163265306122447 0.963527851458886  
0.6597938144329897 0.3279569892473118 0.9662475181998676  
0.6653225806451613 0.3096446700507614 0.9603760913364674  
0.693446088794926 0.328125 0.959789057350033  
0.6736842105263158 0.3612565445026178 0.9571240105540897  
0.6866952789699571 0.30526315789473685 0.9501965923984272  
0.6688034188034188 0.31016042780748665 0.9554682383759004  
0.6638297872340425 0.36312849162011174 0.9582517938682322  
0.6881496881496881 0.28 0.9520319786808794  
0.7037815126050421 0.2714285714285714 0.9612299465240641  
0.6989473684210527 0.3254437869822485 0.9635890767230169  
0.6916488222698073 0.3114754098360656 0.9516971279373369  
0.6816239316239316 0.3197969543147208 0.9512195121951219  
0.6445396145610278 0.3125 0.9540380827314511  
0.7047413793103449 0.3021978021978022 0.9505208333333334  
0.65 0.33689839572192515 0.9643564356435643  
0.7209302325581395 0.37572254335260113 0.951171875  
0.7032967032967034 0.32085561497326204 0.9545454545454546  
0.7130242825607064 0.3548387096774194 0.9539857420609202  
0.6576200417536534 0.3489583333333333 0.9549966909331569  
0.6871165644171779 0.3076923076923077 0.9499332443257676  
0.6545064377682404 0.36813186813186816 0.9615384615384616  
0.7192224622030238 0.30386740331491713 0.9479843953185956  
0.7 0.28888888888888886 0.9559014267185474  
0.6751592356687898 0.3149171270718232 0.9549019607843138  
0.6534216335540839 0.31382978723404253 0.9643088903309539  
0.6820175438596491 0.31891891891891894 0.9487345879299156  
0.6785714285714286 0.3142857142857143 0.9470934030045721  
0.6491935483870968 0.3390804597701149 0.957010582010582  
0.6962025316455697 0.29842931937172773 0.964403427818062  
0.6905263157894737 0.30158730158730157 0.953227931488801  
0.6617336152219874 0.3155080213903743 0.9540078843626807  
0.6298568507157464 0.29533678756476683 0.9606666666666667  
0.6701902748414377 0.3442622950819672 0.9554390563564875  
0.6511627906976745 0.3010204081632653 0.9709187045604759  
0.654320987654321 0.3368421052631579 0.9648074369189907  
0.6795698924731183 0.40540540540540543 0.956266318537859  
0.697228144989339 0.3 0.958634274458306  
0.6800847457627118 0.2648648648648649 0.9501639344262295  
0.6774193548387096 0.28205128205128205 0.9644533869885983  
0.6239669421487604 0.3532608695652174 0.9537648612945839  
0.6876310272536688 0.30952380952380953 0.9564085881587508  
0.6701461377870563 0.3027027027027027 0.9591567852437418  
0.6506276150627615 0.3259668508287293 0.9540380827314511  
0.6856540084388185 0.30319148936170215 0.9473684210526315  
0.6829787234042554 0.29591836734693877 0.9538258575197889  
0.688034188034188 0.31527093596059114 0.9563203176704169  
0.6534446764091858 0.27488151658767773 0.9644772117962467  
0.6215644820295984 0.39572192513368987 0.9638633377135348  
0.6465696465696466 0.2840909090909091 0.9495081967213115  
0.6721991701244814 0.2962962962962963 0.9616148246194574  
0.6345381526104418 0.31216931216931215 0.9612040133779264  
0.642292490118577 0.3089887640449438 0.9639519359145527  
0.6399176954732511 0.2931937172774869 0.9654485049833887  
0.6533613445378151 0.3128205128205128 0.9609530112508272  
0.6708333333333333 0.37566137566137564 0.9372108393919365  
0.6795698924731183 0.4110429447852761 0.9498069498069498  
0.6479481641468683 0.3015075376884422 0.968421052631579  
0.7078651685393258 0.23115577889447236 0.9388816644993498  
0.6790393013100436 0.3263157894736842 0.9576271186440678  
0.6917960088691796 0.3333333333333333 0.9457364341085271  
0.6898876404494382 0.26288659793814434 0.9507453013609851  
0.6576763485477178 0.32460732984293195 0.9555997349237906  
0.6915113871635611 0.3333333333333333 0.9526938239159002  
0.6525612472160356 0.32222222222222224 0.9542820347714102  
0.6638297872340425 0.3298429319371728 0.9638395792241946  
0.6797520661157025 0.3709677419354839 0.9642857142857143  
0.6610878661087866 0.3380952380952381 0.965194109772423  
0.6475409836065574 0.37244897959183676 0.9612817089452603  
0.6905737704918032 0.3241758241758242 0.9523809523809523  
0.679324894514768 0.3064516129032258 0.9572930354796321  
0.6768916155419223 0.3387096774193548 0.9515593895155939  
0.6437246963562753 0.36666666666666664 0.9582228116710876  
0.6884531590413944 0.3081081081081081 0.9642392717815345  
0.643298969072165 0.36065573770491804 0.9663143989431968  
0.6481481481481481 0.3425414364640884 0.9590759075907591  
0.6695278969957081 0.32019704433497537 0.9610046265697291  
0.7054945054945055 0.31683168316831684 0.9573770491803278  
0.6680942184154176 0.3333333333333333 0.961412688031393  
0.6384297520661157 0.3072916666666667 0.9608233731739708  
0.6687116564417178 0.3279569892473118 0.9608493696084937  
0.6659619450317125 0.2692307692307692 0.9580877537655533  
0.6917960088691796 0.25824175824175827 0.9489993544222078  
0.6645161290322581 0.2926829268292683 0.9503968253968254  
0.6823027718550106 0.34806629834254144 0.9464751958224543  
0.6293103448275862 0.3263157894736842 0.9613874345549738  
0.6926406926406926 0.25773195876288657 0.9678899082568807  
0.6824034334763949 0.3473684210526316 0.9482306684141546  
0.7031578947368421 0.37158469945355194 0.94750656167979  
0.6464208242950108 0.36597938144329895 0.9580877537655533  
0.6809815950920245 0.3544973544973545 0.9434840425531915  
0.6756198347107438 0.31088082901554404 0.9534883720930233  
0.6666666666666666 0.3711340206185567 0.9516129032258065  
0.6338329764453962 0.31666666666666665 0.962214983713355  
0.6449579831932774 0.2727272727272727 0.9631336405529954  
0.6563786008230452 0.30526315789473685 0.952855245683931  
0.6716101694915254 0.3615819209039548 0.9478147423352903  
0.6733870967741935 0.3492063492063492 0.9652638610554443  
0.6639511201629328 0.3146067415730337 0.9543952412425645  
0.6939203354297694 0.3160621761658031 0.951058201058201  
0.6777546777546778 0.3815028901734104 0.9600785340314136  
0.6618556701030928 0.3701657458563536 0.9571240105540897  
0.6680851063829787 0.30158730158730157 0.9546946815495733  
0.673202614379085 0.2923076923076923 0.944371727748691  
0.6903225806451613 0.32642487046632124 0.9593175853018373  
0.6636568848758465 0.3263157894736842 0.9580374435119432  
0.6798245614035088 0.30456852791878175 0.9568345323741008  
0.6701461377870563 0.36065573770491804 0.9552631578947368  
0.6885245901639344 0.3802083333333333 0.9500665778961385  
0.6561181434599156 0.36363636363636365 0.9596026490066225  
0.6717391304347826 0.2918918918918919 0.9577098243331165  
0.6936542669584245 0.34196891191709844 0.945822454308094  
0.6631799163179917 0.31382978723404253 0.9637203166226913  
0.6629711751662971 0.3157894736842105 0.9565217391304348  
0.6510638297872341 0.29015544041450775 0.9578670177748518  
0.6592292089249493 0.3010752688172043 0.9600798403193613  
0.6943866943866944 0.33152173913043476 0.9512195121951219  
0.6510204081632653 0.3567567567567568 0.9595222295952223  
0.6611909650924025 0.29441624365482233 0.9626168224299065  
0.6659340659340659 0.2783018867924528 0.9656765676567657  
0.6761710794297352 0.38596491228070173 0.9513157894736842  
0.6861924686192469 0.35359116022099446 0.9592908732764281  
0.6887966804979253 0.29069767441860467 0.9594240837696335  
0.6234309623430963 0.3216374269005848 0.9530332681017613  
0.6666666666666666 0.31840796019900497 0.950033311125916  
0.7017167381974249 0.37967914438502676 0.947678221059516  
0.6644736842105263 0.27319587628865977 0.9673629242819843  
0.6556016597510373 0.36666666666666664 0.9546052631578947  
0.688195991091314 0.34210526315789475 0.9611147116007777  
0.6630196936542669 0.3425414364640884 0.9598445595854922  
0.6381156316916489 0.3229166666666667 0.9658568614576494  
0.6800847457627118 0.2712765957446808 0.9566360052562418  
0.6772823779193206 0.3089887640449438 0.9536855838225701  
0.6786427145708582 0.38333333333333336 0.950033311125916  
0.6277056277056277 0.3020833333333333 0.9594240837696335  
0.6981132075471698 0.31088082901554404 0.953042328042328  
0.6610526315789473 0.27638190954773867 0.9588859416445623  
0.6632860040567952 0.3193717277486911 0.9646194926568759  
0.6666666666666666 0.3333333333333333 0.9608865710560626  
0.6548856548856549 0.3785310734463277 0.9442257217847769  
0.653276955602537 0.32160804020100503 0.9509933774834437  
0.6852248394004282 0.32065217391304346 0.9595035924232528  
0.7073170731707317 0.38235294117647056 0.9436258808456118  
0.6754385964912281 0.3188405797101449 0.9657669519420672  
0.6851063829787234 0.265625 0.9631578947368421  
0.6680942184154176 0.34782608695652173 0.9510124101894187  
0.6887966804979253 0.3315508021390374 0.9596827495042961  
0.6289308176100629 0.30808080808080807 0.9515593895155939  
0.6838709677419355 0.25 0.9601328903654485  
0.668041237113402 0.3641025641025641 0.9607190412782957  
0.7010309278350515 0.3448275862068966 0.9592908732764281  
0.6574468085106383 0.33695652173913043 0.9581151832460733  
0.6644591611479028 0.28717948717948716 0.9569752281616688  
0.688034188034188 0.34285714285714286 0.9564652371669915  
