0.7360 
0.7131 
0.7424 
0.7305 
0.7172 
0.7392 
0.7094 
0.7181 
0.7163 
0.7172 
0.7278 
0.7126 
0.7214 
0.7269 
0.7356 
0.7232 
0.7236 
0.7342 
0.7301 
0.7301 
0.7081 
0.7438 
0.7319 
0.7346 
0.7507 
0.7177 
0.7507 
0.7278 
0.7553 
0.7379 
0.7278 
0.7099 
0.7351 
0.7117 
0.7319 
0.7282 
0.7333 
0.7466 
0.7401 
0.7291 
0.7314 
0.7159 
0.7314 
0.7287 
0.7241 
0.7227 
0.7337 
0.7365 
0.7447 
0.7301 
0.7397 
0.7131 
0.7388 
0.7310 
0.7126 
0.7218 
0.7388 
0.7466 
0.7181 
0.7104 
0.7104 
0.7108 
0.7181 
0.7333 
0.7071 
0.7081 
0.7126 
0.7172 
0.7278 
0.7379 
0.7195 
0.7204 
0.7149 
0.7365 
0.7296 
0.7571 
0.7099 
0.7351 
0.7397 
0.7415 
0.7204 
0.7181 
0.7305 
0.7369 
0.7250 
0.7305 
0.7360 
0.7406 
0.7438 
0.7122 
0.7259 
0.7397 
0.7415 
0.7200 
0.7246 
0.7269 
0.7264 
0.7214 
0.7246 
0.7269 
0.7145 
0.7145 
0.7214 
0.7250 
0.7278 
0.7191 
0.7479 
0.7287 
0.7539 
0.7346 
0.7195 
0.7246 
0.7328 
0.7305 
0.7617 
0.7333 
0.7328 
0.7333 
0.7053 
0.7310 
0.7177 
0.7365 
0.7030 
0.7218 
0.7365 
0.7365 
0.7104 
0.7181 
0.7145 
0.7126 
0.7209 
0.7346 
0.7227 
0.7415 
0.7209 
0.7273 
0.7365 
0.7241 
0.7406 
0.7278 
0.7383 
0.7154 
0.7149 
0.7264 
0.7255 
0.7099 
0.7099 
0.7429 
0.7397 
0.7365 
0.7113 
0.7291 
0.7424 
0.7168 
0.7282 
0.7154 
0.7388 
0.7214 
0.7301 
0.7301 
0.7062 
0.7310 
0.7278 
0.7383 
0.7443 
0.7379 
0.7424 
0.7443 
0.7388 
0.7360 
0.7259 
0.7186 
0.7301 
0.7259 
0.7346 
0.7081 
0.7136 
0.7259 
0.7365 
0.7456 
0.7291 
0.7232 
0.7186 
0.7287 
0.7466 
0.7278 
0.7241 
0.7259 
0.7126 
0.7351 
0.6939 
0.7062 
0.7177 
0.7168 
0.7259 
0.7255 
0.7236 
0.7406 
0.7310 
0.7424 
0.7388 
0.7324 
0.7126 
0.7379 
0.7319 
0.7030 
0.7374 
0.7576 
0.7392 
0.7452 
0.7223 
0.7264 
0.7365 
0.7250 
0.7236 
0.7360 
0.7411 
0.7301 
0.7172 
0.7186 
0.7291 
0.7374 
0.7264 
0.7401 
0.7181 
0.7227 
0.7163 
0.7406 
0.7204 
0.7411 
0.7461 
0.7209 
0.7346 
0.7232 
0.7392 
0.7420 
0.7154 
0.7264 
0.7438 
0.7094 
0.7452 
0.7186 
0.7333 
0.7470 
0.6984 
0.7204 
0.7227 
0.7099 
0.7159 
0.7232 
0.7328 
0.7273 
0.7328 
0.7232 
0.7310 
0.7250 
0.7214 
0.7314 
0.7007 
0.7255 
0.7122 
0.7227 
0.7168 
0.7209 
0.7278 
0.7191 
0.7319 
0.7291 
0.7406 
0.7319 
0.7388 
0.7452 
0.7241 
0.7333 
0.7250 
0.7282 
0.7324 
0.7081 
0.7200 
0.7374 
0.7200 
0.7333 
0.7278 
0.7383 
0.7154 
0.7406 
0.7273 
0.7479 
0.7246 
0.7342 
0.7016 
0.7374 
0.7411 
0.7282 
0.7126 
0.7172 
0.7305 
0.7415 
0.7626 
0.7305 
0.7191 
0.7388 
0.7278 
0.7420 
0.7246 
0.7131 
0.7314 
0.7502 
0.7411 
0.7397 
0.7447 
0.7493 
0.7218 
0.7255 
0.7310 
0.7209 
0.7195 
0.7104 
0.7278 
0.7232 
0.7039 
0.7324 
0.7232 
0.7232 
0.7264 
0.7186 
0.7324 
0.7314 
0.7479 
0.7232 
0.7241 
0.7172 
0.7241 
0.7204 
0.7163 
0.7365 
0.7136 
0.7049 
0.7282 
0.7291 
0.7319 
0.7383 
0.7204 
0.7273 
0.7255 
0.7131 
0.7273 
0.7369 
0.7227 
0.7012 
0.7191 
0.7319 
0.7346 
0.7383 
0.7360 
0.7388 
0.7310 
0.7259 
0.7278 
0.7214 
0.7415 
0.7333 
0.7099 
0.7397 
0.7209 
0.7305 
0.7388 
0.7145 
0.7140 
0.7475 
0.7346 
0.7232 
0.7397 
0.7159 
0.7379 
0.7191 
0.7401 
0.7392 
0.7548 
0.7117 
0.7424 
0.7264 
0.7346 
0.7191 
0.7351 
0.7324 
0.7163 
0.7195 
0.7108 
0.7452 
0.7117 
0.7379 
0.7342 
0.7305 
0.7420 
0.7516 
0.7287 
0.7324 
0.7131 
0.7016 
0.7287 
0.7337 
0.7163 
0.7287 
0.7388 
0.7305 
0.7140 
0.7154 
0.7438 
0.7470 
0.7369 
0.7296 
0.7548 
0.7269 
0.7181 
0.7314 
0.7122 
0.7287 
0.7360 
0.7521 
0.7113 
0.7420 
0.7255 
0.7424 
0.7122 
0.7140 
0.7328 
0.7511 
0.7287 
0.7136 
0.7287 
0.7287 
0.7126 
0.7149 
0.7232 
0.7241 
0.7379 
0.7131 
0.7369 
0.7456 
0.7163 
0.7397 
0.7365 
0.7461 
0.7333 
0.7411 
0.7278 
0.7525 
0.7411 
0.7269 
0.7282 
0.7145 
0.7305 
0.7415 
0.7246 
0.7548 
0.7388 
0.7287 
0.7365 
0.7273 
0.7163 
0.7324 
0.7154 
0.7365 
0.7218 
0.7236 
0.7498 
0.7420 
0.7259 
0.7365 
0.7438 
0.7044 
0.7415 
0.7411 
0.7159 
0.7470 
0.7122 
0.7447 
0.7310 
0.7076 
0.7250 
0.7534 
0.7374 
0.7351 
0.7461 
0.7346 
0.7232 
0.7342 
0.7479 
0.7365 
0.7250 
0.7200 
0.7324 
0.7475 
0.7287 
0.7415 
0.7227 
0.7356 
0.7310 
0.7250 
0.7149 
0.7296 
0.7351 
0.7117 
0.7250 
0.7282 
0.7443 
0.7291 
0.7612 
0.7223 
0.7324 
0.7305 
0.7195 
0.7108 
0.7337 
0.7369 
0.7062 
0.7314 
0.7255 
0.7282 
0.7379 
0.7379 
0.7356 
0.7356 
0.7608 
0.7301 
0.7287 
0.7365 
0.7365 
0.7305 
0.7236 
0.7282 
0.7204 
0.7264 
0.7145 
0.7319 
0.7507 
0.7232 
0.7356 
0.7204 
0.7264 
0.7241 
0.6929 
0.7181 
0.7227 
0.7452 
0.7250 
0.7090 
0.7058 
0.7273 
0.7204 
0.7113 
0.7200 
0.7296 
0.7319 
0.7108 
0.7259 
0.7218 
0.7287 
0.7346 
0.7195 
0.7337 
0.7186 
0.7181 
0.7291 
0.7200 
0.7314 
0.7214 
0.7333 
0.7058 
0.6810 
0.7273 
0.7351 
0.7314 
0.7044 
0.7351 
0.7186 
0.7126 
0.7379 
0.7291 
0.7186 
0.7333 
0.7090 
0.7246 
0.7140 
0.7255 
0.7296 
0.7319 
0.7392 
0.7195 
0.7163 
0.7328 
0.7255 
0.7470 
0.7424 
0.6984 
0.7379 
0.7200 
0.7145 
0.7259 
0.7236 
0.7287 
0.7415 
0.7383 
0.7415 
0.7346 
0.7420 
0.7227 
0.7131 
0.7140 
0.7264 
0.7356 
0.7314 
0.7163 
0.7291 
0.7181 
0.7223 
0.7062 
0.7337 
0.7259 
0.7356 
0.7227 
0.7232 
0.7236 
0.7269 
0.7305 
0.7369 
0.7218 
0.7314 
0.7181 
0.7443 
0.7333 
0.7236 
0.7401 
0.7250 
0.7443 
0.7035 
0.7388 
0.7163 
0.7424 
0.7456 
0.7392 
0.7443 
0.7351 
0.7181 
0.7360 
0.7305 
0.7447 
0.7273 
0.7030 
0.7250 
0.7360 
0.7452 
0.7479 
0.7452 
0.7223 
0.7301 
0.6984 
0.7360 
0.7365 
0.7484 
0.7250 
0.7401 
0.7530 
0.7429 
0.7273 
0.7090 
0.7319 
0.7434 
0.7255 
0.7232 
0.7351 
0.7255 
0.7282 
0.7466 
0.7360 
0.7301 
0.7273 
0.7365 
0.7479 
0.7273 
0.7291 
0.7259 
0.7204 
0.7264 
0.7392 
0.7411 
0.7328 
0.7218 
0.7296 
0.7301 
0.7287 
0.7429 
0.7324 
0.7172 
0.7360 
0.7259 
0.7223 
0.7177 
0.7502 
0.7493 
0.7223 
0.7319 
0.7246 
0.7420 
0.7191 
0.7502 
0.7154 
0.7530 
0.7223 
0.7154 
0.7094 
0.7159 
0.7310 
0.7466 
0.7287 
0.7264 
0.7204 
0.7452 
0.7236 
0.7214 
0.7232 
0.7521 
0.7415 
0.7356 
0.7291 
0.7369 
0.7379 
0.7113 
0.7337 
0.7204 
0.7392 
0.7145 
0.7269 
0.7209 
0.7117 
0.7310 
0.7356 
0.7434 
0.7479 
0.7521 
0.7397 
0.7337 
0.7269 
0.7337 
0.7186 
0.7177 
0.7099 
0.7333 
0.7259 
0.6948 
0.7172 
0.7186 
0.7337 
0.7214 
0.7122 
0.7356 
0.7337 
0.7236 
0.7269 
0.7232 
0.7236 
0.7324 
0.7301 
0.7191 
0.7218 
0.7287 
0.7424 
0.7438 
0.7493 
0.7305 
0.7420 
0.7126 
0.7411 
0.7131 
0.7291 
0.7236 
0.7278 
0.7250 
0.7113 
0.7218 
0.7278 
0.7232 
0.7282 
0.7319 
0.7246 
0.7149 
0.7227 
0.7310 
0.7278 
0.7420 
0.7429 
0.7287 
0.7346 
0.7236 
0.7328 
0.7195 
0.7104 
0.7461 
0.7479 
0.7314 
0.7259 
0.7333 
0.7090 
0.7278 
0.7035 
0.7305 
0.7319 
0.7246 
0.7113 
0.7342 
0.7374 
0.7301 
0.7062 
0.7218 
0.7282 
0.7337 
0.7324 
0.7369 
0.7209 
0.7337 
0.7287 
0.7278 
0.7314 
0.7149 
0.7369 
0.7094 
0.7360 
0.7365 
0.7383 
0.7342 
0.7273 
0.7379 
0.7232 
0.7429 
0.7434 
0.7250 
0.7227 
0.7223 
0.7360 
0.7273 
0.7452 
0.7177 
0.7388 
0.7443 
0.7126 
0.7365 
0.7415 
0.7415 
0.7406 
0.7227 
0.7507 
0.7310 
0.7053 
0.7085 
0.7232 
0.7310 
0.7291 
0.7406 
0.7117 
0.7319 
0.7163 
0.7461 
0.7177 
0.7319 
0.7333 
0.7136 
0.7411 
0.7131 
0.7452 
0.7346 
0.7420 
0.7346 
0.7360 
0.6989 
0.7154 
0.7443 
0.7333 
0.7145 
0.7177 
0.7269 
0.7159 
0.7264 
0.7177 
0.7333 
0.7113 
0.7379 
0.7163 
0.7521 
0.7475 
0.7273 
0.7324 
0.7159 
0.7172 
0.7365 
0.7168 
0.7337 
0.7397 
0.6943 
0.7269 
0.7502 
0.7122 
0.7434 
0.7351 
0.7264 
0.7218 
0.7071 
0.7227 
0.7241 
0.7214 
0.7356 
0.7232 
0.7301 
0.7177 
0.7273 
0.7241 
0.7099 
0.7163 
0.7328 
0.7108 
0.7516 
0.7443 
0.7324 
0.7447 
0.7145 
0.7113 
0.7287 
0.7016 
0.7374 
0.7305 
0.7241 
0.7379 
0.7415 
0.7406 
0.7181 
0.7337 
0.7154 
0.7181 
0.7342 
0.7259 
0.7255 
0.7539 
0.7580 
0.7374 
0.7168 
0.7026 
0.7296 
0.7099 
0.7406 
0.7214 
0.7259 
0.7255 
0.7259 
0.7672 
0.7401 
0.7392 
0.7301 
0.7511 
0.7195 
0.7296 
0.7337 
0.7539 
0.7557 
0.7296 
0.7227 
0.7282 
0.7287 
0.7324 
0.7094 
0.7379 
0.7310 
0.7236 
0.7452 
0.7273 
0.7360 
0.7392 
0.7392 
0.7328 
0.7301 
0.7259 
0.7365 
0.7401 
0.7062 
0.7181 
0.7163 
0.7200 
0.7099 
0.7204 
0.7346 
0.7365 
0.7337 
0.7305 
0.7214 
0.7181 
0.7218 
0.7259 
0.7117 
0.7209 
0.7411 
0.7406 
