289 95 68 5 141 49 104 255 1176  
292 110 67 7 146 42 103 297 1118  
344 76 61 20 120 56 104 245 1156  
318 81 61 14 129 35 125 272 1147  
317 79 65 20 125 43 154 256 1123  
332 76 72 15 126 53 85 268 1155  
320 88 51 10 141 26 95 364 1087  
333 89 57 25 116 50 102 292 1118  
321 92 72 17 130 40 97 301 1112  
314 86 51 16 142 24 106 334 1109  
309 67 72 19 113 67 104 265 1166  
291 111 61 11 142 43 69 332 1122  
353 61 66 26 117 44 127 284 1104  
318 80 63 14 141 35 118 286 1127  
328 80 66 19 122 33 82 297 1155  
338 84 71 14 125 30 107 298 1115  
337 72 84 14 124 51 110 272 1118  
323 68 66 13 141 51 91 291 1138  
328 72 71 9 128 47 103 287 1137  
361 82 61 14 108 45 109 278 1124  
327 94 46 13 132 37 153 294 1086  
344 73 83 13 105 56 92 242 1174  
319 86 71 11 121 40 98 279 1157  
335 71 71 14 139 35 104 284 1129  
354 79 66 11 131 47 95 246 1153  
326 89 66 7 124 53 124 277 1116  
349 77 67 21 115 53 96 230 1174  
314 78 70 9 128 52 116 269 1146  
336 78 83 10 105 61 81 221 1207  
337 63 58 19 128 57 119 256 1145  
330 86 59 11 135 40 105 293 1123  
347 71 49 30 123 43 149 291 1079  
341 76 73 17 127 45 105 262 1136  
354 87 48 17 120 41 109 327 1079  
342 73 63 19 132 41 137 252 1123  
327 81 69 8 132 46 123 266 1130  
357 65 71 13 128 45 114 274 1115  
354 67 81 17 121 51 83 254 1154  
327 79 62 13 136 37 96 280 1152  
334 74 70 21 124 44 113 269 1133  
330 80 59 11 133 39 101 296 1133  
327 85 56 19 134 32 104 324 1101  
332 73 61 21 133 43 106 282 1131  
354 71 63 24 127 32 101 301 1109  
313 70 61 10 124 51 129 281 1143  
321 73 62 19 123 50 107 294 1133  
340 85 43 18 143 30 83 322 1118  
352 68 58 18 121 54 129 248 1134  
310 89 74 7 115 58 95 234 1200  
364 70 47 16 144 31 135 290 1085  
313 65 78 15 124 58 120 232 1177  
311 79 64 17 139 39 96 331 1106  
344 74 66 24 118 46 101 259 1150  
314 60 100 22 125 63 99 243 1156  
358 88 43 20 111 26 121 329 1086  
339 81 48 16 140 34 119 309 1096  
339 92 62 6 130 42 114 254 1143  
315 84 72 10 126 51 90 246 1188  
328 78 59 21 125 46 99 312 1114  
335 89 60 17 141 38 139 289 1074  
325 91 48 17 132 36 119 321 1093  
353 79 44 16 137 50 141 301 1061  
301 92 67 8 147 41 98 309 1119  
328 74 71 15 125 47 105 270 1147  
349 84 72 8 127 50 91 334 1067  
329 69 67 17 132 51 103 330 1084  
346 101 51 13 137 35 113 314 1072  
322 94 44 14 146 38 113 314 1097  
311 78 65 11 151 43 114 283 1126  
337 78 73 18 138 46 85 272 1135  
327 81 67 18 126 41 98 307 1117  
329 69 56 18 131 38 109 320 1112  
311 79 65 16 130 42 107 313 1119  
306 82 54 13 107 52 104 270 1194  
341 69 59 22 134 42 114 284 1117  
339 57 75 15 129 65 88 230 1184  
316 112 47 6 149 36 97 335 1084  
338 71 77 21 101 61 101 247 1165  
334 71 58 26 132 45 119 249 1148  
335 63 68 20 123 41 108 264 1160  
327 84 60 16 136 40 128 282 1109  
326 76 65 24 127 52 92 306 1114  
338 72 63 16 123 59 117 261 1133  
338 74 48 12 128 48 101 291 1142  
326 86 78 17 123 62 108 249 1133  
318 77 63 19 136 39 109 281 1140  
313 84 75 23 122 53 91 250 1171  
349 89 48 10 127 49 111 259 1140  
350 51 61 12 126 39 126 270 1147  
340 93 69 18 135 42 112 294 1079  
342 70 58 18 137 37 106 309 1105  
330 70 74 12 116 51 100 261 1168  
346 71 56 25 117 51 96 265 1155  
339 82 52 15 134 48 116 298 1098  
318 77 70 12 130 52 83 307 1133  
332 105 52 13 142 32 87 307 1112  
331 80 80 14 134 46 76 301 1120  
325 77 59 11 134 40 125 296 1115  
345 85 51 15 147 30 116 304 1089  
343 76 82 11 131 51 107 269 1112  
332 77 58 15 142 52 105 316 1085  
329 93 66 17 120 46 108 293 1110  
305 80 76 23 133 36 94 299 1136  
336 90 55 14 136 46 95 300 1110  
290 90 87 8 127 49 89 271 1171  
319 84 45 23 133 50 130 281 1117  
334 64 76 16 121 40 121 233 1177  
304 73 88 7 114 65 104 255 1172  
340 75 68 15 133 40 117 222 1172  
346 75 56 21 129 34 87 306 1128  
325 91 64 19 136 40 87 311 1109  
316 98 61 20 134 44 96 282 1131  
326 79 65 12 116 59 91 277 1157  
333 84 57 9 130 52 121 265 1131  
329 65 76 15 127 49 107 208 1206  
341 73 66 14 124 49 114 266 1135  
334 75 65 21 134 45 99 278 1131  
342 76 69 15 115 39 120 263 1143  
315 105 82 7 131 47 79 323 1093  
335 81 64 18 120 50 112 262 1140  
332 83 60 21 121 42 111 299 1113  
341 65 79 22 120 52 96 261 1146  
333 87 56 18 126 51 109 327 1075  
350 90 60 22 120 51 122 262 1105  
335 90 60 15 120 52 113 245 1152  
336 72 62 19 136 40 100 282 1135  
298 104 53 15 120 46 129 285 1132  
317 77 73 14 139 41 90 320 1111  
301 95 58 17 119 51 99 303 1139  
356 90 54 14 134 39 110 320 1065  
305 94 54 16 128 38 100 307 1140  
373 70 59 17 125 30 110 293 1105  
318 83 46 15 138 44 112 305 1121  
301 91 80 6 108 61 83 243 1209  
329 81 65 17 115 57 126 263 1129  
330 75 68 10 123 45 126 271 1134  
342 92 66 20 106 48 104 245 1159  
316 96 54 11 145 38 81 322 1119  
348 77 55 18 132 44 100 272 1136  
343 89 57 11 142 44 95 298 1103  
351 80 70 22 128 50 79 270 1132  
311 81 75 10 128 42 113 300 1122  
341 75 62 12 133 36 118 319 1086  
321 65 75 21 134 48 124 264 1130  
339 77 66 17 125 46 97 296 1119  
307 104 70 5 126 48 82 324 1116  
345 94 67 9 138 39 111 313 1066  
333 70 73 18 115 47 108 245 1173  
352 65 66 21 139 32 118 266 1123  
326 79 84 8 106 57 76 271 1175  
324 72 66 13 132 61 125 293 1096  
320 92 59 15 139 52 99 274 1132  
320 81 71 15 124 56 76 263 1176  
321 101 63 12 141 44 96 302 1102  
338 76 64 16 147 38 111 288 1104  
347 79 38 24 133 41 123 316 1081  
331 81 71 8 125 46 94 270 1156  
340 64 62 15 124 66 116 285 1110  
336 63 60 18 130 29 111 308 1127  
320 76 72 9 133 54 89 289 1140  
305 94 46 10 142 36 119 336 1094  
321 84 67 14 125 44 109 269 1149  
307 84 63 8 127 46 102 291 1154  
323 86 59 6 134 47 104 269 1154  
328 72 76 17 117 60 104 229 1179  
353 65 69 16 127 42 97 283 1130  
355 53 63 20 126 50 119 257 1139  
318 76 82 10 139 50 93 247 1167  
335 72 54 20 142 39 102 283 1135  
328 67 83 15 113 64 102 245 1165  
326 96 68 15 127 41 95 283 1131  
338 81 67 18 124 42 110 296 1106  
329 74 60 9 146 39 106 301 1118  
356 81 53 22 128 39 115 288 1100  
328 64 68 20 112 58 115 254 1163  
332 79 65 28 134 28 118 319 1079  
330 80 65 15 139 39 118 308 1088  
309 88 64 12 129 46 96 292 1146  
326 83 76 8 141 47 65 296 1140  
309 74 75 20 127 52 95 239 1191  
342 64 62 16 131 50 90 309 1118  
353 81 51 13 138 35 113 311 1087  
339 69 56 19 133 34 119 317 1096  
322 84 76 17 129 45 77 293 1139  
323 82 66 14 130 42 95 254 1176  
346 79 58 11 123 38 103 305 1119  
323 78 61 19 122 50 113 281 1135  
337 88 60 16 132 34 88 312 1115  
332 78 59 26 117 41 108 315 1106  
346 69 63 14 126 54 124 254 1132  
349 97 56 12 145 41 102 360 1020  
289 89 75 10 121 53 89 325 1131  
328 78 64 21 126 37 111 305 1112  
365 79 59 20 118 43 113 304 1081  
321 86 52 15 129 43 90 312 1134  
322 70 63 16 120 49 100 301 1141  
318 70 55 16 137 41 136 285 1124  
325 69 70 14 117 46 106 261 1174  
308 85 70 11 137 40 85 296 1150  
349 67 71 18 118 51 88 267 1153  
363 79 46 16 128 36 132 261 1121  
319 86 67 12 128 40 101 278 1151  
314 83 54 14 120 39 93 344 1121  
322 86 71 21 119 47 75 272 1169  
330 85 71 15 143 40 85 289 1124  
340 79 49 21 147 27 129 343 1047  
327 70 68 12 104 52 109 262 1178  
329 60 74 14 114 56 84 241 1210  
314 78 73 13 124 43 100 262 1175  
315 79 65 11 124 54 100 247 1187  
336 94 61 15 120 40 98 298 1120  
308 90 76 12 128 59 90 270 1149  
332 80 67 7 129 46 87 288 1146  
332 68 61 18 127 54 115 284 1123  
301 84 61 6 151 40 78 334 1127  
342 58 67 17 118 72 135 227 1146  
325 70 60 11 134 52 102 270 1158  
346 80 55 24 126 44 132 254 1121  
325 78 60 19 129 34 103 323 1111  
328 71 54 16 131 37 122 314 1109  
327 79 76 18 115 55 102 261 1149  
358 69 62 17 136 37 116 272 1115  
327 75 63 19 119 58 99 283 1139  
358 62 58 18 120 48 103 278 1137  
299 89 61 6 145 46 89 324 1123  
324 76 51 15 152 34 97 332 1101  
327 94 54 11 135 44 122 294 1101  
298 70 80 20 107 60 97 239 1211  
331 81 75 16 125 44 122 272 1116  
353 52 62 29 123 45 137 240 1141  
337 62 59 16 127 52 118 247 1164  
333 85 69 16 132 33 103 303 1108  
301 91 70 9 137 50 77 282 1165  
313 89 65 14 151 34 121 281 1114  
300 81 74 17 110 49 104 244 1203  
339 69 74 13 109 54 94 259 1171  
308 103 52 12 153 44 107 303 1100  
325 78 79 12 117 41 101 286 1143  
348 69 62 23 138 49 92 264 1137  
340 93 48 21 128 32 138 302 1080  
316 56 93 16 116 61 75 255 1194  
323 98 77 7 138 48 93 291 1107  
315 76 69 13 129 52 98 274 1156  
353 62 68 16 126 45 96 265 1151  
324 88 60 15 122 53 124 318 1078  
299 93 57 26 126 48 96 290 1147  
308 78 64 22 135 37 103 301 1134  
324 80 66 18 135 31 109 329 1090  
334 79 68 15 123 43 95 320 1105  
338 76 55 22 111 44 96 311 1129  
329 80 74 21 127 58 105 245 1143  
310 67 64 23 132 39 121 281 1145  
330 80 59 12 125 42 83 307 1144  
325 64 88 21 126 59 116 256 1127  
351 86 62 13 128 39 75 312 1116  
329 84 56 14 116 46 108 292 1137  
324 78 67 19 117 47 130 267 1133  
296 71 85 14 110 57 95 264 1190  
335 105 40 18 118 44 113 333 1076  
370 73 48 16 133 46 125 291 1080  
306 93 61 11 142 30 106 327 1106  
333 70 57 16 125 59 122 281 1119  
345 69 42 18 134 39 129 321 1085  
307 92 57 12 140 47 130 271 1126  
343 77 51 22 137 30 90 324 1108  
317 82 58 20 135 40 114 299 1117  
308 84 74 12 120 46 103 266 1169  
331 98 57 12 137 52 125 247 1123  
330 72 66 16 112 65 100 247 1174  
345 72 59 16 131 48 95 295 1121  
347 64 76 14 107 50 130 236 1158  
314 72 74 8 116 64 83 255 1196  
316 74 69 16 125 46 112 285 1139  
330 89 55 11 151 32 90 305 1119  
327 79 69 15 124 47 127 263 1131  
331 95 40 21 141 43 121 273 1117  
334 78 63 15 129 59 115 254 1135  
335 81 68 16 141 41 96 335 1069  
322 80 67 24 128 47 93 300 1121  
352 74 58 33 119 40 81 287 1138  
309 88 64 15 149 41 92 311 1113  
347 78 59 23 115 48 127 247 1138  
295 71 70 11 129 42 108 292 1164  
335 75 65 18 116 57 94 262 1160  
331 82 49 20 137 28 108 334 1093  
323 74 66 11 135 36 90 289 1158  
325 78 76 14 112 68 106 253 1150  
312 71 69 6 126 59 97 248 1194  
322 81 64 5 132 38 108 305 1127  
334 89 55 11 131 46 98 281 1137  
331 88 68 10 111 54 99 332 1089  
321 75 64 14 131 46 130 244 1157  
336 65 64 15 121 47 110 264 1160  
332 56 82 25 127 58 103 269 1130  
326 81 76 17 138 46 95 312 1091  
340 82 46 16 145 33 113 327 1080  
341 76 80 15 119 47 96 274 1134  
332 67 75 14 123 41 101 266 1163  
331 63 65 17 111 53 96 224 1222  
320 78 81 9 112 50 85 285 1162  
327 84 60 12 132 29 99 329 1110  
360 47 55 25 123 46 116 281 1129  
323 83 66 15 128 50 120 260 1137  
314 81 76 8 128 63 99 236 1177  
320 80 63 22 123 49 112 275 1138  
342 88 55 21 123 32 126 304 1091  
341 76 61 17 136 50 108 274 1119  
303 66 79 8 122 45 98 249 1212  
330 61 90 19 127 48 119 228 1160  
329 79 57 20 125 45 99 268 1160  
349 71 70 13 127 53 101 249 1149  
346 61 67 16 119 52 108 243 1170  
309 92 75 9 136 52 99 280 1130  
351 84 60 8 125 44 113 290 1107  
342 58 70 10 117 62 145 242 1136  
345 69 76 13 126 53 102 296 1102  
302 94 69 13 134 45 108 283 1134  
317 87 58 14 149 47 89 337 1084  
319 81 74 10 127 46 95 288 1142  
341 62 79 12 134 53 127 271 1103  
330 93 51 27 132 31 115 329 1074  
340 68 66 21 127 45 88 296 1131  
328 90 69 10 134 46 101 288 1116  
301 93 53 11 139 44 101 302 1138  
338 71 61 19 115 48 143 255 1132  
330 82 52 14 126 41 97 328 1112  
332 80 65 9 138 53 101 276 1128  
305 74 73 9 119 56 115 259 1172  
323 70 71 9 120 61 94 245 1189  
313 77 59 15 138 45 100 308 1127  
307 64 65 22 125 53 131 267 1148  
310 88 59 15 132 36 123 296 1123  
309 90 77 17 128 48 91 279 1143  
320 103 59 9 137 29 99 311 1115  
306 78 60 17 112 43 103 318 1145  
331 67 66 13 138 40 91 298 1138  
342 87 48 22 141 33 110 325 1074  
299 91 47 18 147 34 117 337 1092  
340 83 51 21 134 40 129 269 1115  
331 86 51 16 116 53 116 269 1144  
330 78 68 18 116 59 113 249 1151  
342 72 71 15 129 50 109 254 1140  
336 93 51 13 131 44 116 293 1105  
308 74 72 8 131 44 99 298 1148  
325 80 77 19 142 39 84 300 1116  
324 98 51 16 130 23 101 337 1102  
328 102 77 16 116 52 68 280 1143  
315 69 98 14 125 68 102 223 1168  
322 81 76 13 135 49 96 290 1120  
310 101 77 6 133 42 100 326 1087  
329 78 45 19 126 43 131 297 1114  
332 80 64 11 136 42 100 288 1129  
321 65 79 16 124 48 102 269 1158  
348 79 52 16 117 40 102 282 1146  
326 62 73 20 118 52 125 244 1162  
320 60 79 18 127 51 93 269 1165  
330 77 54 21 130 37 87 311 1135  
346 71 66 11 139 48 100 302 1099  
355 67 75 17 123 39 102 294 1110  
331 86 63 8 152 31 72 348 1091  
336 67 75 16 123 55 90 261 1159  
319 77 53 13 128 38 109 292 1153  
310 90 78 12 134 49 104 300 1105  
355 67 79 16 110 81 134 191 1149  
330 78 59 13 123 48 91 320 1120  
307 71 64 11 134 57 125 260 1153  
318 66 97 16 109 60 87 244 1185  
327 91 52 14 137 35 122 309 1095  
329 91 62 11 136 41 115 304 1093  
325 60 91 23 108 68 107 202 1198  
322 60 69 8 136 48 121 273 1145  
327 86 54 31 109 36 101 296 1142  
358 77 76 14 122 55 107 239 1134  
337 97 55 16 127 42 100 310 1098  
325 72 73 13 127 55 108 251 1158  
313 74 67 15 125 56 97 304 1131  
330 74 55 21 122 58 112 247 1163  
344 74 62 20 144 40 116 257 1125  
344 72 60 16 123 29 104 254 1180  
323 93 48 8 145 29 127 324 1085  
337 96 56 10 145 31 101 268 1138  
348 77 56 19 123 44 125 276 1114  
321 65 74 15 119 52 97 276 1163  
342 85 65 15 136 42 113 293 1091  
333 76 61 17 126 56 111 257 1145  
363 72 57 15 150 39 116 285 1085  
351 91 50 20 131 31 135 292 1081  
323 73 69 11 125 50 94 315 1122  
306 97 69 12 126 35 119 299 1119  
306 78 89 3 121 59 68 259 1199  
326 63 65 21 127 56 142 282 1100  
333 79 67 13 122 36 98 279 1155  
313 69 65 16 139 41 126 263 1150  
342 80 59 20 117 46 130 253 1135  
333 59 54 18 143 44 128 260 1143  
336 66 73 25 113 57 96 225 1191  
317 90 62 8 129 43 106 283 1144  
350 71 61 16 140 49 112 275 1108  
332 93 61 14 133 40 97 321 1091  
321 101 66 13 130 39 111 321 1080  
324 72 69 23 118 52 112 264 1148  
325 64 74 24 118 63 106 250 1158  
321 96 65 11 135 44 81 322 1107  
316 106 55 11 140 46 79 295 1134  
318 79 72 9 145 48 94 268 1149  
330 81 50 15 121 41 102 299 1143  
352 77 45 18 133 40 151 293 1073  
309 109 64 9 132 38 102 299 1120  
329 62 76 14 121 49 130 228 1173  
342 61 73 18 136 48 98 254 1152  
332 74 64 9 129 54 102 271 1147  
332 75 65 15 124 43 117 275 1136  
341 75 60 13 121 46 95 246 1185  
308 82 66 12 118 51 119 266 1160  
310 93 60 16 141 28 97 321 1116  
341 70 53 12 132 42 121 288 1123  
357 58 57 26 120 33 125 329 1077  
350 74 55 18 126 49 129 267 1114  
339 86 60 13 133 50 96 271 1134  
324 72 76 15 123 48 84 246 1194  
336 59 63 22 135 27 120 339 1081  
317 77 68 13 127 46 93 266 1175  
311 82 60 21 126 31 94 311 1146  
323 71 64 13 136 55 106 253 1161  
334 77 67 17 127 46 120 301 1093  
350 65 54 16 140 33 111 345 1068  
341 71 68 22 127 43 98 281 1131  
340 77 73 13 128 63 95 222 1171  
339 80 51 20 140 48 112 281 1111  
320 90 54 21 131 34 106 320 1106  
332 73 69 17 124 58 96 279 1134  
332 79 65 15 122 27 124 282 1136  
348 79 48 21 134 34 102 343 1073  
340 78 57 24 126 38 114 311 1094  
357 62 69 26 133 48 119 280 1088  
323 85 76 16 128 50 131 244 1129  
332 66 76 18 111 59 107 246 1167  
336 84 65 21 123 48 124 284 1097  
338 74 62 13 116 51 101 273 1154  
342 61 77 19 127 44 98 256 1158  
347 64 63 13 129 43 147 289 1087  
323 83 66 13 161 35 113 258 1130  
335 74 62 9 122 58 84 288 1150  
339 56 74 23 116 53 120 228 1173  
345 63 74 25 114 54 96 270 1141  
335 62 66 21 124 61 106 249 1158  
354 77 52 16 140 39 105 305 1094  
336 70 78 10 113 58 87 237 1193  
334 76 72 14 136 48 94 261 1147  
314 96 68 12 138 45 94 281 1134  
313 84 74 12 129 49 106 268 1147  
331 89 65 9 124 43 90 327 1104  
343 68 72 21 109 51 95 281 1142  
327 65 65 14 126 43 98 279 1165  
378 75 59 27 119 39 118 283 1084  
337 51 74 11 116 71 121 207 1194  
327 77 54 16 138 38 129 256 1147  
325 88 71 11 138 52 103 267 1127  
337 80 62 10 105 67 105 251 1165  
326 63 66 20 117 52 123 271 1144  
307 78 64 24 130 41 101 311 1126  
312 77 72 14 130 42 88 291 1156  
301 105 48 13 144 29 108 318 1116  
358 80 53 21 129 50 103 268 1120  
318 87 61 13 148 40 89 317 1109  
343 74 59 18 137 32 120 300 1099  
316 67 66 10 128 56 79 268 1192  
346 68 60 10 125 48 106 271 1148  
302 85 58 15 137 46 98 296 1145  
312 91 61 11 125 45 122 245 1170  
333 83 55 9 123 50 123 239 1167  
326 91 59 11 123 41 111 332 1088  
339 69 72 17 135 39 101 266 1144  
357 60 56 18 125 28 97 306 1135  
347 86 59 17 142 35 90 333 1073  
325 78 65 15 124 52 94 248 1181  
334 79 62 13 127 50 143 281 1093  
322 78 64 17 123 42 94 262 1180  
338 58 75 34 125 47 133 240 1132  
350 84 51 9 130 32 149 313 1064  
305 80 63 13 126 41 90 313 1151  
327 62 83 19 114 53 89 232 1203  
360 69 75 17 118 46 114 252 1131  
333 71 56 28 126 45 98 280 1145  
315 84 62 17 121 39 104 248 1192  
330 82 67 12 146 37 98 283 1127  
340 93 65 14 125 39 83 310 1113  
329 69 85 15 120 56 103 252 1153  
367 72 58 18 116 42 118 242 1149  
313 89 62 13 135 42 90 279 1159  
329 91 55 16 143 36 86 316 1110  
300 107 70 9 113 55 71 299 1158  
320 83 66 8 119 60 95 272 1159  
336 76 79 17 120 45 103 231 1175  
314 73 57 23 143 42 98 299 1133  
325 86 80 10 118 51 109 228 1175  
345 72 69 18 112 56 106 284 1120  
333 72 70 18 117 57 103 257 1155  
334 69 84 6 125 58 98 272 1136  
335 64 64 19 112 47 98 308 1135  
329 92 65 15 120 40 101 309 1111  
331 82 56 16 143 23 99 314 1118  
334 72 59 18 115 60 110 259 1155  
327 93 61 15 125 53 112 295 1101  
319 71 64 25 137 38 113 289 1126  
317 83 76 10 119 43 104 277 1153  
345 62 82 7 130 48 88 271 1149  
350 74 66 23 126 51 128 249 1115  
347 68 66 14 119 41 109 223 1195  
293 85 69 13 135 43 118 278 1148  
296 92 66 12 144 44 105 265 1158  
333 73 61 12 125 46 109 287 1136  
332 75 62 21 116 33 118 303 1122  
327 93 60 11 134 39 123 305 1090  
337 79 64 13 122 37 89 299 1142  
320 82 59 11 144 46 80 296 1144  
321 92 69 20 135 36 96 328 1085  
334 63 79 15 126 49 104 276 1136  
340 60 62 22 121 47 126 282 1122  
309 87 50 16 144 34 112 294 1136  
348 64 61 13 145 42 112 280 1117  
341 74 71 17 128 30 83 297 1141  
326 67 75 7 117 53 99 276 1162  
300 85 70 13 123 43 86 280 1182  
343 56 75 15 117 49 103 224 1200  
335 69 66 19 139 30 103 302 1119  
328 86 69 11 129 45 108 273 1133  
328 81 68 13 121 50 117 246 1158  
339 70 63 23 125 51 131 237 1143  
342 69 57 16 120 40 121 285 1132  
356 70 62 27 107 47 144 253 1116  
337 89 48 17 130 31 98 310 1122  
345 91 50 7 129 33 86 343 1098  
351 68 47 24 130 23 130 305 1104  
309 89 57 14 121 43 94 326 1129  
332 77 67 12 127 42 80 307 1138  
331 65 78 16 123 63 124 198 1184  
323 85 66 9 136 38 89 317 1119  
310 72 95 19 119 50 82 259 1176  
318 90 54 14 139 41 90 321 1115  
320 85 60 18 124 40 129 265 1141  
314 95 72 6 125 55 93 281 1141  
341 95 64 16 141 43 111 341 1030  
336 76 65 14 139 30 116 314 1092  
336 85 54 13 121 54 100 299 1120  
343 81 52 18 129 48 120 237 1154  
349 83 51 25 124 39 101 301 1109  
366 80 49 36 129 22 120 328 1052  
340 94 50 17 128 45 115 321 1072  
334 74 56 23 129 42 103 297 1124  
327 76 65 14 128 45 111 299 1117  
356 65 52 21 121 36 139 317 1075  
315 87 59 12 135 40 128 285 1121  
354 58 76 21 110 51 148 236 1128  
325 68 69 20 140 37 74 317 1132  
311 96 54 12 134 43 97 329 1106  
337 86 65 14 129 50 99 284 1118  
324 71 57 28 127 44 112 295 1124  
316 58 63 23 125 55 108 285 1149  
339 78 66 13 121 58 104 260 1143  
321 108 43 9 158 25 93 334 1091  
318 78 87 21 122 48 99 248 1161  
290 94 73 10 138 58 95 284 1140  
338 84 60 11 145 39 79 342 1084  
345 80 52 26 135 37 146 250 1111  
301 79 65 15 137 35 88 329 1133  
332 76 84 15 109 55 99 257 1155  
308 74 95 13 121 43 88 295 1145  
329 63 54 23 113 48 107 287 1158  
314 92 69 17 136 44 91 329 1090  
316 110 53 11 155 31 132 359 1015  
297 90 74 12 122 49 81 289 1168  
332 70 68 19 119 48 108 265 1153  
319 83 57 15 124 37 98 296 1153  
324 108 69 14 121 45 110 299 1092  
332 75 60 14 131 52 90 287 1141  
306 85 60 16 144 43 99 311 1118  
333 96 62 22 125 39 105 303 1097  
350 82 74 5 117 52 104 255 1143  
331 80 66 18 126 37 110 280 1134  
293 94 73 14 126 49 104 280 1149  
294 89 70 8 133 59 101 255 1173  
345 85 59 20 139 31 119 321 1063  
341 70 83 18 108 47 125 258 1132  
341 80 39 26 128 40 110 329 1089  
294 103 68 4 142 42 93 289 1147  
310 89 68 16 128 38 91 288 1154  
322 76 66 17 118 45 111 270 1157  
338 73 65 15 116 56 86 274 1159  
320 77 71 15 124 46 95 308 1126  
328 96 66 11 135 38 105 303 1100  
340 60 76 22 111 52 95 278 1148  
336 82 65 17 130 46 92 297 1117  
345 78 62 13 124 53 109 237 1161  
321 79 70 14 113 50 78 271 1186  
320 90 49 13 133 26 124 356 1071  
319 73 75 13 127 51 82 278 1164  
324 77 68 13 122 45 94 314 1125  
326 68 68 24 108 41 141 281 1125  
319 86 39 16 139 33 102 322 1126  
311 89 67 12 130 44 104 287 1138  
321 87 59 12 132 40 107 287 1137  
322 79 83 3 122 51 87 261 1174  
318 64 72 8 110 75 103 249 1183  
335 71 72 19 107 40 102 260 1176  
359 54 62 22 120 50 106 285 1124  
321 84 61 14 128 41 97 266 1170  
332 72 74 17 116 46 114 282 1129  
351 62 49 20 119 47 116 332 1086  
350 89 44 26 121 43 120 302 1087  
327 83 65 15 126 50 101 283 1132  
316 66 72 20 122 55 132 232 1167  
330 78 67 18 124 36 123 264 1142  
302 85 61 7 135 54 120 292 1126  
323 76 66 16 110 47 91 295 1158  
334 88 72 15 129 51 102 287 1104  
324 75 70 21 148 30 108 302 1104  
326 80 56 20 127 48 125 312 1088  
325 64 68 22 133 36 97 294 1143  
314 82 59 14 133 48 97 298 1137  
321 78 73 4 133 57 103 262 1151  
308 96 52 11 147 44 91 311 1122  
323 79 65 8 130 34 93 325 1125  
321 79 67 8 135 51 108 290 1123  
322 71 55 20 133 48 100 302 1131  
342 70 62 20 121 46 115 275 1131  
318 94 64 8 126 43 95 270 1164  
338 74 56 25 141 34 112 306 1096  
330 74 71 17 120 50 112 262 1146  
321 87 72 20 112 49 98 289 1134  
358 63 66 13 142 46 104 266 1124  
325 86 56 13 119 45 106 276 1156  
352 66 61 24 122 48 146 258 1105  
332 69 69 20 123 58 105 246 1160  
347 71 75 19 127 41 109 285 1108  
348 66 69 16 105 56 119 232 1171  
320 96 60 13 138 28 112 338 1077  
317 83 62 10 146 43 101 271 1149  
309 101 49 10 148 50 99 310 1106  
335 72 72 18 112 40 118 242 1173  
342 68 80 11 124 53 100 243 1161  
346 65 70 12 145 41 104 277 1122  
353 71 67 16 122 49 95 260 1149  
335 80 59 12 132 50 99 278 1137  
365 66 55 25 142 36 132 301 1060  
319 93 59 11 125 43 93 277 1162  
332 71 62 12 121 46 124 273 1141  
336 82 64 16 160 43 89 263 1129  
323 84 73 8 121 46 97 287 1143  
372 62 47 39 119 44 185 271 1043  
344 69 62 18 114 45 91 315 1124  
339 80 68 17 133 43 95 273 1134  
329 75 77 5 125 68 91 240 1172  
342 74 53 17 125 51 109 246 1165  
320 78 69 15 123 58 93 243 1183  
343 83 58 15 122 45 116 289 1111  
334 90 52 16 134 41 128 262 1125  
319 82 54 16 140 40 110 356 1065  
316 98 73 10 131 50 95 250 1159  
313 80 76 7 135 42 108 262 1159  
332 75 82 15 116 66 96 215 1185  
322 84 59 21 124 38 94 304 1136  
323 96 60 13 143 41 79 278 1149  
331 56 74 12 119 55 93 249 1193  
334 70 71 17 112 59 94 250 1175  
346 86 37 14 134 36 137 285 1107  
324 81 75 15 132 34 100 330 1091  
342 64 85 24 112 53 115 244 1143  
333 77 70 17 116 56 90 250 1173  
336 83 69 17 128 46 93 291 1119  
345 82 72 17 136 43 119 271 1097  
324 80 59 13 114 55 98 273 1166  
318 77 63 11 126 48 115 285 1139  
342 73 64 9 122 47 110 290 1125  
332 85 70 5 132 40 108 245 1165  
322 71 57 16 115 60 139 233 1169  
329 82 84 19 133 43 113 248 1131  
345 67 67 25 112 42 111 283 1130  
316 86 61 17 128 51 113 247 1163  
358 72 56 15 131 38 115 254 1143  
337 98 75 20 121 49 95 258 1129  
341 56 76 24 118 49 98 288 1132  
346 74 68 18 138 38 101 299 1100  
318 95 61 4 120 55 104 291 1134  
306 86 67 11 110 57 116 260 1169  
348 71 44 30 113 40 116 268 1152  
327 77 72 12 130 47 96 261 1160  
335 64 59 15 140 41 106 298 1124  
314 108 52 7 141 31 89 320 1120  
311 93 51 17 121 40 99 290 1160  
348 53 77 23 124 37 103 296 1121  
331 78 63 16 146 42 96 297 1113  
310 80 67 7 141 66 82 259 1170  
304 66 66 17 132 52 100 283 1162  
317 79 66 16 128 38 108 310 1120  
347 81 61 12 134 42 105 275 1125  
336 72 49 13 134 38 141 285 1114  
337 73 60 17 129 35 106 315 1110  
336 84 51 16 113 47 117 301 1117  
324 81 81 11 116 52 78 242 1197  
328 74 76 11 114 54 89 243 1193  
348 84 51 20 141 38 129 284 1087  
311 82 54 9 131 45 105 290 1155  
312 78 80 11 121 43 109 280 1148  
332 82 73 12 112 50 95 251 1175  
320 60 83 16 126 61 95 298 1123  
356 70 73 17 132 61 100 224 1149  
323 102 58 15 145 37 101 308 1093  
344 59 67 21 125 50 92 250 1174  
314 67 63 11 135 51 111 303 1127  
319 84 55 20 121 36 102 324 1121  
300 97 64 14 143 37 102 320 1105  
345 75 62 10 138 42 118 313 1079  
326 60 73 20 127 40 109 285 1142  
351 63 73 21 132 43 106 247 1146  
294 82 81 10 123 49 81 289 1173  
329 80 56 15 135 36 102 308 1121  
311 99 62 14 132 47 114 274 1129  
314 75 70 16 113 58 92 245 1199  
332 75 46 19 129 50 113 300 1118  
357 71 59 17 126 57 131 273 1091  
318 85 69 15 129 52 109 274 1131  
335 71 65 15 118 49 95 246 1188  
328 61 83 12 134 60 105 243 1156  
339 87 67 12 138 41 96 274 1128  
326 69 68 21 118 52 93 288 1147  
330 61 76 23 125 59 106 249 1153  
354 54 67 23 120 46 121 261 1136  
343 93 61 11 135 28 104 333 1074  
340 75 57 20 129 33 103 293 1132  
326 80 63 29 116 37 82 319 1130  
310 82 74 7 137 56 97 253 1166  
330 83 61 14 143 45 110 310 1086  
317 81 63 12 148 43 101 296 1121  
300 88 84 15 118 47 87 288 1155  
330 85 60 13 129 42 137 292 1094  
325 73 65 15 131 36 97 301 1139  
314 77 77 11 120 64 103 245 1171  
338 69 82 20 126 53 90 246 1158  
336 77 71 11 139 57 94 240 1157  
341 80 65 13 125 58 96 229 1175  
344 69 60 13 136 44 109 273 1134  
341 71 59 15 108 57 101 278 1152  
309 94 63 3 141 42 86 308 1136  
323 82 52 14 137 39 118 276 1141  
306 98 65 7 125 59 86 299 1137  
323 82 55 19 147 36 99 325 1096  
311 101 57 7 138 33 80 355 1100  
342 76 77 12 129 57 109 251 1129  
321 79 72 22 114 35 103 287 1149  
310 103 63 18 130 43 104 335 1076  
312 76 61 26 132 46 122 286 1121  
326 89 49 25 135 30 109 312 1107  
340 66 81 20 114 54 99 261 1147  
306 85 64 13 146 31 102 313 1122  
344 82 73 17 103 54 114 288 1107  
326 69 60 15 137 49 95 289 1142  
330 63 81 10 114 57 93 277 1157  
297 85 72 9 143 53 118 266 1139  
330 91 69 12 113 47 102 275 1143  
319 69 77 12 138 49 114 283 1121  
324 81 77 8 136 44 95 298 1119  
331 79 56 13 146 38 97 301 1121  
322 92 75 13 132 47 84 278 1139  
337 81 54 22 131 40 113 303 1101  
308 100 50 7 137 46 95 309 1130  
311 78 63 16 139 37 129 269 1140  
323 88 65 10 126 47 92 260 1171  
322 67 66 26 100 72 117 211 1201  
349 85 71 17 114 45 101 228 1172  
320 77 66 12 119 51 89 293 1155  
335 73 59 16 138 38 107 270 1146  
304 83 58 14 122 36 129 307 1129  
319 57 73 9 104 70 106 250 1194  
341 86 46 15 142 28 103 348 1073  
325 71 67 18 133 45 105 285 1133  
303 76 70 14 120 55 83 305 1156  
330 63 62 26 120 52 106 285 1138  
332 74 81 14 110 38 91 302 1140  
343 80 48 19 116 36 118 329 1093  
341 91 38 18 141 25 117 318 1093  
319 86 64 10 138 49 102 283 1131  
333 89 63 11 127 68 99 274 1118  
329 66 66 30 115 51 95 285 1145  
317 81 80 8 136 44 98 274 1144  
328 68 77 17 126 45 113 281 1127  
322 66 59 15 129 43 116 323 1109  
316 86 82 9 128 42 81 305 1133  
320 75 60 26 129 32 103 291 1146  
327 74 61 19 126 53 113 274 1135  
325 67 70 13 119 68 95 250 1175  
311 87 86 12 130 55 73 248 1180  
349 66 44 16 123 46 108 312 1118  
341 80 55 11 130 51 110 272 1132  
304 83 73 14 126 46 90 297 1149  
327 93 58 18 129 53 116 245 1143  
337 92 62 14 146 37 88 319 1087  
321 73 61 21 124 53 118 306 1105  
320 79 79 20 121 34 103 239 1187  
337 61 67 19 112 42 90 271 1183  
364 77 55 12 135 45 113 284 1097  
320 91 68 11 140 49 82 297 1124  
362 68 60 14 136 48 117 275 1102  
343 80 57 15 111 45 110 328 1093  
333 78 44 14 141 41 107 310 1114  
319 88 56 19 121 30 135 319 1095  
348 77 46 18 122 38 138 271 1124  
322 69 80 16 105 75 103 242 1170  
359 81 55 25 122 35 94 311 1100  
311 89 68 24 129 36 108 305 1112  
317 78 85 7 129 45 83 282 1156  
322 78 73 11 122 52 109 250 1165  
357 80 59 14 129 46 109 281 1107  
324 96 60 10 126 43 95 337 1091  
309 74 63 17 131 37 80 336 1135  
346 71 75 19 122 54 111 263 1121  
301 74 63 19 138 46 98 281 1162  
324 70 75 11 121 59 98 271 1153  
309 76 63 13 136 58 109 255 1163  
338 86 73 14 122 37 85 314 1113  
326 89 50 12 137 34 111 285 1138  
315 81 73 18 134 44 111 265 1141  
323 73 69 22 130 50 96 284 1135  
325 76 85 17 117 47 101 260 1154  
327 83 57 13 136 34 81 354 1097  
320 71 77 17 118 54 90 265 1170  
306 81 62 16 123 48 96 331 1119  
313 79 67 20 111 38 93 279 1182  
336 89 51 14 153 31 93 297 1118  
331 78 60 17 127 43 101 272 1153  
327 77 64 11 139 50 100 278 1136  
313 76 75 19 117 58 100 267 1157  
329 79 78 10 114 40 96 269 1167  
325 88 78 17 117 41 111 269 1136  
350 60 60 13 123 45 134 249 1148  
338 79 62 16 134 41 107 255 1150  
305 95 69 6 129 61 101 268 1148  
349 94 62 11 136 33 110 295 1092  
338 86 60 15 133 42 109 294 1105  
328 58 94 21 110 42 76 285 1168  
325 77 77 16 124 61 97 267 1138  
324 60 67 16 135 50 120 243 1167  
325 78 54 13 136 37 97 337 1105  
330 78 70 8 125 60 87 267 1157  
330 81 70 12 142 49 75 271 1152  
320 80 68 16 121 38 111 314 1114  
330 74 70 14 139 48 110 259 1138  
333 65 68 11 125 53 92 275 1160  
343 67 71 13 136 50 107 256 1139  
323 79 57 8 129 46 97 279 1164  
334 78 50 18 121 36 126 297 1122  
323 60 76 17 115 59 106 226 1200  
326 71 82 12 118 58 102 262 1151  
316 74 71 24 131 37 102 335 1092  
330 82 53 15 147 26 113 347 1069  
331 75 69 16 122 60 98 286 1125  
318 92 63 12 124 50 103 267 1153  
347 79 63 17 142 42 100 290 1102  
328 72 77 12 117 59 74 272 1171  
335 87 54 25 148 41 156 266 1070  
310 92 83 9 120 59 76 266 1167  
337 89 58 17 121 38 103 314 1105  
335 62 79 15 115 64 103 231 1178  
319 85 72 15 130 48 110 286 1117  
321 85 51 12 149 34 96 307 1127  
340 67 68 14 108 52 127 254 1152  
311 74 68 19 123 44 131 289 1123  
360 61 71 19 119 45 99 270 1138  
311 98 58 8 136 40 114 308 1109  
329 72 74 8 124 55 68 279 1173  
315 91 75 12 136 60 89 252 1152  
331 76 64 13 114 45 120 245 1174  
334 85 72 12 124 49 94 267 1145  
337 74 60 7 120 59 122 254 1149  
328 101 58 13 118 35 95 355 1079  
350 97 45 7 141 30 134 308 1070  
332 74 54 14 114 59 121 236 1178  
337 74 61 16 115 50 130 251 1148  
345 79 57 19 133 39 124 305 1081  
305 87 76 7 142 37 89 320 1119  
326 67 76 17 122 47 105 284 1138  
335 85 57 12 140 35 116 315 1087  
313 77 77 15 130 52 81 295 1142  
344 86 52 21 126 55 123 279 1096  
329 77 57 12 137 45 106 285 1134  
308 82 53 14 149 41 116 324 1095  
334 74 45 14 120 58 89 292 1156  
297 96 85 12 112 49 97 280 1154  
312 67 65 16 129 42 102 249 1200  
329 70 74 9 124 64 110 224 1178  
320 60 75 27 114 65 101 267 1153  
344 75 53 19 135 35 114 288 1119  
329 75 65 18 130 36 108 318 1103  
332 80 59 18 129 45 107 308 1104  
332 69 64 12 121 52 113 265 1154  
324 79 51 18 137 33 99 338 1103  
339 74 70 13 134 50 115 259 1128  
308 67 87 19 124 52 109 234 1182  
323 87 56 21 123 33 134 336 1069  
346 75 58 20 134 57 101 285 1106  
338 71 63 17 118 52 89 253 1181  
308 99 59 9 134 30 96 335 1112  
329 80 57 12 137 55 90 266 1156  
316 84 85 10 113 63 105 231 1175  
304 95 51 9 145 45 81 316 1136  
355 88 57 21 142 35 97 309 1078  
336 112 36 10 139 31 144 306 1068  
321 82 69 18 119 42 111 283 1137  
340 80 61 18 135 43 118 282 1105  
332 63 66 12 129 49 131 287 1113  
332 78 68 11 134 52 110 258 1139  
341 71 58 31 116 32 115 297 1121  
335 85 69 7 130 47 99 282 1128  
337 96 58 16 131 31 103 312 1098  
334 81 62 15 136 42 100 295 1117  
335 81 68 21 122 38 136 258 1123  
333 76 65 17 124 56 118 301 1092  
331 64 74 19 127 59 126 277 1105  
358 71 56 35 114 34 143 244 1127  
355 73 38 21 148 39 127 333 1048  
294 76 82 10 127 59 81 234 1219  
338 70 70 10 120 57 79 272 1166  
333 84 63 6 115 65 108 258 1150  
336 71 78 19 135 53 103 233 1154  
320 74 63 14 127 42 97 333 1112  
351 89 51 22 121 35 117 316 1080  
338 77 64 23 116 53 102 273 1136  
339 82 50 24 131 44 141 310 1061  
324 85 60 10 117 58 112 248 1168  
341 76 75 14 129 44 124 255 1124  
311 81 59 15 121 29 119 299 1148  
344 77 71 10 119 55 89 270 1147  
328 76 58 12 131 51 109 258 1159  
322 69 61 14 122 46 102 274 1172  
307 114 48 14 124 48 100 291 1136  
317 105 49 7 140 38 89 293 1144  
309 98 73 11 140 38 78 323 1112  
354 84 51 19 125 38 146 277 1088  
333 69 72 11 126 41 97 290 1143  
318 86 68 13 141 41 94 296 1125  
310 73 92 5 115 68 90 271 1158  
328 67 78 13 121 66 86 227 1196  
315 57 94 8 112 62 94 213 1227  
350 67 72 27 112 50 135 222 1147  
321 77 74 15 120 46 117 289 1123  
328 92 57 18 126 35 113 334 1079  
331 78 63 22 135 38 120 269 1126  
312 90 58 6 132 44 119 316 1105  
325 62 68 25 121 50 101 260 1170  
332 74 63 19 107 53 120 279 1135  
337 63 65 19 129 42 112 297 1118  
337 90 56 20 123 39 128 266 1123  
326 81 54 10 142 39 89 325 1116  
344 72 62 18 124 53 90 213 1206  
336 73 79 9 119 49 74 283 1160  
348 73 66 18 118 50 101 261 1147  
322 69 68 14 122 61 117 260 1149  
310 83 67 10 118 66 85 232 1211  
311 98 62 12 121 52 105 283 1138  
324 80 73 15 134 52 95 275 1134  
318 66 73 18 105 56 104 264 1178  
337 75 82 19 120 61 79 221 1188  
332 70 57 17 122 62 103 224 1195  
327 79 67 11 132 49 128 256 1133  
328 88 80 9 138 37 87 304 1111  
349 77 59 20 132 32 117 288 1108  
308 87 66 15 122 46 87 291 1160  
333 68 66 17 120 37 98 298 1145  
310 84 61 15 132 40 94 340 1106  
353 69 67 16 115 49 110 261 1142  
327 70 69 16 129 41 114 277 1139  
299 96 67 11 146 42 90 297 1134  
338 75 58 17 119 43 103 260 1169  
341 82 58 18 130 45 115 277 1116  
340 78 61 16 149 51 90 280 1117  
325 66 71 15 133 43 100 274 1155  
337 63 74 20 105 67 121 224 1171  
339 60 54 19 142 39 122 289 1118  
376 64 66 21 121 48 125 265 1096  
328 82 40 10 133 40 122 304 1123  
312 87 65 11 125 46 98 268 1170  
345 87 65 12 138 48 90 265 1132  
336 75 76 21 113 40 124 305 1092  
312 86 64 14 135 47 106 298 1120  
301 100 54 8 143 54 100 303 1119  
329 82 65 14 143 33 96 321 1099  
308 99 73 11 142 39 92 319 1099  
330 82 51 23 113 40 107 307 1129  
316 99 68 12 130 47 109 244 1157  
289 86 79 5 132 51 99 255 1186  
337 79 56 10 142 50 106 280 1122  
323 77 56 22 131 41 107 285 1140  
324 83 64 17 142 31 88 325 1108  
346 88 48 21 140 45 83 330 1081  
328 96 53 9 148 38 89 322 1099  
330 89 75 8 123 45 93 288 1131  
311 100 56 10 132 37 123 303 1110  
339 72 49 17 130 48 136 287 1104  
346 90 57 12 134 44 89 273 1137  
353 80 54 18 124 43 98 273 1139  
