0.6799999999999999 0.4110787172011661 0.8316831683168318  
0.6704936854190585 0.39037433155080214 0.8145719489981786  
0.7249736564805058 0.3767660910518053 0.8322534197264219  
0.6935659760087242 0.3909090909090909 0.8231072838177252  
0.6659663865546218 0.38580246913580246 0.8125904486251808  
0.7280701754385966 0.3795180722891566 0.828550932568149  
0.7239819004524887 0.36623376623376624 0.8022140221402214  
0.70926517571885 0.3372093023255814 0.8169528681037632  
0.6978260869565217 0.36619718309859156 0.8134601316752013  
0.7080045095828635 0.3817204301075269 0.8115623856567874  
0.7022727272727274 0.35093167701863354 0.8211267605633803  
0.697841726618705 0.36363636363636365 0.8162968352128047  
0.7160243407707911 0.3605546995377504 0.8090875778673507  
0.6981339187705817 0.40459110473457677 0.8178519593613934  
0.7264673311184939 0.362555720653789 0.8285509325681493  
0.7100840336134453 0.3698224852071006 0.8150584795321637  
0.7064989517819706 0.3774733637747337 0.8122048674173629  
0.7307692307692307 0.3999999999999999 0.8201801801801802  
0.7200878155872668 0.38152011922503726 0.8173975557153127  
0.7307692307692307 0.3401574803149606 0.8201386355344764  
0.68125 0.37606837606837606 0.8038490007401923  
0.7249736564805058 0.35353535353535354 0.8323289613612195  
0.7057522123893806 0.36778115501519754 0.825838686652391  
0.7204301075268817 0.407624633431085 0.8204941860465117  
0.7382690302398333 0.40620155038759687 0.8355072463768117  
0.6950959488272922 0.3679525222551928 0.8110465116279069  
0.7278415015641294 0.3764320785597381 0.8403722261989978  
0.6970033296337402 0.38554216867469876 0.8188638799571276  
0.7272727272727273 0.3620689655172414 0.844055944055944  
0.722400857449089 0.39324116743471577 0.8237410071942446  
0.7166123778501629 0.38571428571428573 0.8188115202333213  
0.6988922457200402 0.36123348017621143 0.8022304832713754  
0.7156348373557186 0.3883792048929664 0.8240841494377946  
0.7306501547987617 0.33707865168539325 0.8043235184494969  
0.7008196721311475 0.4067796610169492 0.8200073019350128  
0.6994652406417112 0.39699248120300756 0.8176555716353112  
0.7308085977482089 0.39203675344563554 0.8156547183613754  
0.7405857740585775 0.3835182250396197 0.8311127115592367  
0.7234513274336282 0.39941262848751835 0.8290752069089601  
0.7061310782241015 0.3780487804878049 0.8204199855177408  
0.7244785949506037 0.384393063583815 0.8207171314741035  
0.7124183006535946 0.36813186813186816 0.8101545253863134  
0.7178378378378377 0.38832116788321164 0.821350762527233  
0.7321613236814891 0.37243401759530786 0.8169429097605894  
0.6986607142857143 0.3757575757575758 0.8141025641025641  
0.7109634551495017 0.36070381231671556 0.8154012234616768  
0.7480748074807481 0.38596491228070173 0.8238761974944732  
0.7205731832139203 0.3841269841269841 0.822633297062024  
0.7005649717514124 0.372168284789644 0.8388675288360713  
0.7309236947791165 0.4143884892086331 0.811821922933034  
0.6924778761061946 0.40129449838187703 0.8282899366643208  
0.7084282460136674 0.37365591397849457 0.8067104303428154  
0.7219307450157397 0.36932707355242567 0.8297258297258296  
0.6908690869086909 0.39184952978056425 0.8207312744053958  
0.7246963562753036 0.32408759124087594 0.8071348940914158  
0.7197452229299364 0.3888888888888889 0.8112509252405625  
0.7121848739495799 0.39755351681957185 0.8288614938361132  
0.7110609480812641 0.39191290824261277 0.838095238095238  
0.7185104052573932 0.3536067892503536 0.8119533527696793  
0.6871794871794872 0.3944055944055944 0.8032909498878085  
0.7027027027027026 0.36213991769547327 0.8066420664206642  
0.716024340770791 0.38055555555555554 0.7983446200150489  
0.6943483275663206 0.3951612903225807 0.8129313476207773  
0.7122692725298588 0.38109756097560976 0.8231072838177251  
0.7324239244491081 0.34794520547945207 0.7959716523685192  
0.7199124726477024 0.36114911080711354 0.7973519676351599  
0.7134020618556701 0.37177747625508817 0.8069251035001882  
0.7084708470847084 0.3882978723404255 0.8116907140214576  
0.698876404494382 0.4211994421199442 0.8168298875589409  
0.7262931034482759 0.4 0.8266569555717408  
0.7124183006535948 0.3605150214592274 0.813250819075355  
0.7230769230769231 0.3705799151343706 0.8096104841645432  
0.6996625421822272 0.36619718309859156 0.8094032549728751  
0.707514450867052 0.3391442155309033 0.8326359832635983  
0.7209302325581395 0.3912408759124088 0.8174167581412367  
0.7426067907995618 0.4128 0.83793347487615  
0.7069351230425057 0.37865311308767474 0.8080506895266493  
0.7145877378435518 0.33554817275747506 0.8274147727272727  
0.7091295116772824 0.40305343511450387 0.8297795446331767  
0.721205597416577 0.38801261829652994 0.8282756158514816  
0.6942675159235668 0.3919308357348703 0.8130498533724341  
0.7172717271727174 0.35674157303370785 0.8122493620123952  
0.7161016949152542 0.3761467889908257 0.819233550253073  
0.7420417124039516 0.37591776798825255 0.823953823953824  
0.6928799149840595 0.37272727272727274 0.8201230546507419  
0.7035398230088494 0.3953488372093023 0.8225108225108224  
0.696329254727475 0.3730886850152905 0.8331554606901459  
0.7301255230125524 0.38426626323751895 0.8299963596650893  
0.7368421052631579 0.40384615384615385 0.8222222222222221  
0.6995884773662551 0.3765690376569038 0.8067289719626168  
0.7307692307692307 0.3870056497175141 0.8125  
0.7205240174672488 0.3706070287539936 0.8277817150956769  
0.7361702127659574 0.3622291021671827 0.8315334773218142  
0.71898197242842 0.3769338959212377 0.8103321033210331  
0.7243735763097949 0.3672316384180791 0.8156947444204464  
0.7209554831704669 0.38326585695006743 0.8230940044411547  
0.7258771929824562 0.37799717912552894 0.8166241341596792  
0.7049891540130152 0.3872832369942196 0.8109090909090908  
0.7210031347962381 0.4038461538461538 0.812989921612542  
0.7130977130977131 0.3916292974588939 0.813757775338456  
0.7225244831338412 0.3817204301075269 0.8034061458718993  
0.6985138004246284 0.3483309143686502 0.8122941822173435  
0.6908267270668177 0.3778409090909091 0.818149081742888  
0.7257019438444924 0.3767313019390581 0.8173784977908689  
0.6791569086651055 0.37797619047619047 0.8252290345313602  
0.6934782608695651 0.37784090909090906 0.8153284671532847  
0.7068783068783069 0.40672268907563025 0.8335694050991501  
0.6909090909090909 0.3630573248407643 0.8207282913165266  
0.712041884816754 0.43042071197410997 0.8398423504120386  
0.7432867883995704 0.37175792507204614 0.823658269441402  
0.7135016465422612 0.3710777626193725 0.8154411764705882  
0.6968026460859978 0.37640449438202245 0.8240437158469947  
0.725250278086763 0.35204855842185134 0.8246614397719174  
0.7107790821771611 0.3880597014925373 0.8204570184983677  
0.7144408251900108 0.42978003384094754 0.8457223001402525  
0.7186512118018967 0.38153846153846155 0.8209764918625678  
0.7198275862068965 0.3901018922852984 0.8228446707893778  
0.7095435684647302 0.3691813804173355 0.8231904933381347  
0.6976744186046512 0.3521505376344086 0.8045638571954362  
0.708994708994709 0.3686635944700461 0.8236994219653179  
0.7071352502662408 0.3522561863173217 0.8130021913805697  
0.722457627118644 0.375 0.8244604316546762  
0.7115384615384617 0.34285714285714286 0.798366134422577  
0.704225352112676 0.3609022556390978 0.8170055452865064  
0.7067510548523208 0.37383177570093457 0.8305695746214852  
0.7264864864864864 0.3970802919708029 0.8242556281771968  
0.6644370122630991 0.3478260869565218 0.8152682751170326  
0.713963963963964 0.38082191780821917 0.8091769847050256  
0.6911595866819747 0.3380681818181818 0.8167802079598423  
0.726530612244898 0.36662106703146374 0.8028646814926498  
0.6979405034324943 0.360056258790436 0.8204390068369918  
0.7445109780439121 0.3787878787878788 0.8179126572908956  
0.7130044843049328 0.38174273858921165 0.8155692979265188  
0.6983758700696054 0.35008103727714746 0.8381282495667244  
0.6948257655755016 0.35493827160493824 0.8154568436258577  
0.7028753993610223 0.3802163833075734 0.816414686825054  
0.7080745341614907 0.34359805510534847 0.8335131247752607  
0.7231121281464532 0.38309114927344784 0.818880351262349  
0.7357293868921775 0.39111111111111113 0.8282901932191031  
0.7313432835820896 0.3911845730027549 0.817037037037037  
0.7366211962224555 0.3775811209439528 0.8283937065495792  
0.6903440621531632 0.37155297532656023 0.8089401586157172  
0.7186512118018967 0.3757062146892655 0.8023642408570374  
0.6925566343042072 0.4024024024024024 0.8155900396968603  
0.7251336898395722 0.36443148688046645 0.8158950054684652  
0.7017142857142857 0.34379263301500684 0.8098693759071117  
0.7106076210092688 0.37756497948016415 0.8009015777610818  
0.7122994652406417 0.3770491803278688 0.8322100035473573  
0.7227926078028746 0.41993957703927487 0.8233137829912024  
0.7252502780867629 0.3381180223285486 0.828047921071177  
0.7012987012987013 0.3755334281650071 0.8008768724881258  
0.7071823204419889 0.39099859353023914 0.8238719068413392  
0.7248018120045301 0.3740573152337858 0.8346344925479063  
0.7024070021881837 0.3805668016194332 0.8135843484680694  
0.7168610816542947 0.41292134831460675 0.8150609080841638  
0.7244258872651357 0.36639118457300274 0.8067164179104477  
0.722707423580786 0.3816793893129771 0.8277837450769783  
0.7257203842049093 0.3657817109144543 0.8075663877773736  
0.7272727272727273 0.38348082595870203 0.8160753077480087  
0.7223476297968398 0.38328530259365995 0.8189655172413793  
0.6939704209328782 0.37368421052631584 0.8029357798165137  
0.700873362445415 0.37821482602118006 0.8245425188374597  
0.7049368541905856 0.3718887262079063 0.8213523131672598  
0.7169811320754716 0.39644970414201186 0.8281306063867958  
0.709189189189189 0.38235294117647056 0.8340997523876901  
0.7408184679958026 0.38484848484848483 0.8215194474736459  
0.7357512953367875 0.39873417721518983 0.8232743043006867  
0.709030100334448 0.4205748865355522 0.8317890235210263  
0.7298474945533769 0.4068767908309455 0.8260553129548762  
0.7107258938244854 0.36628849270664504 0.8250708215297451  
0.7041036717062634 0.3686502177068215 0.822844670789378  
0.7100840336134455 0.362043795620438 0.8111477814448111  
0.7254685777287762 0.4083916083916084 0.8154631655725749  
0.7243133265513734 0.3731778425655977 0.8163265306122448  
0.7107258938244854 0.36129032258064514 0.8245303084012762  
0.6960167714884696 0.3711911357340721 0.8028273809523809  
0.7036247334754798 0.38611111111111107 0.804138950480414  
0.7038724373576309 0.3706896551724138 0.821505376344086  
0.7375565610859729 0.3938547486033519 0.824891461649783  
0.7006802721088435 0.3974960876369327 0.837847344354555  
0.7467248908296943 0.37375178316690444 0.8139788860575172  
0.7323651452282157 0.38547486033519557 0.8099850968703427  
0.720510095642933 0.37730496453900714 0.8064753495217072  
0.7171492204899776 0.37015781922525104 0.8226796677500903  
0.7153931339977851 0.39877300613496935 0.8373086507653968  
0.7338282078472959 0.3622974963181148 0.8161925601750548  
0.7044711014176663 0.36309523809523814 0.818018018018018  
0.7278617710583153 0.3697478991596639 0.8186490455212923  
0.7101604278074867 0.3371757925072046 0.8087751371115174  
0.7193347193347193 0.39191290824261277 0.8205871692642263  
0.7233160621761658 0.3625 0.7849172758753366  
0.6872770511296077 0.3365785813630042 0.8067047075606277  
0.7053763440860215 0.3636363636363637 0.811382707041226  
0.7292707292707293 0.3460410557184751 0.8064155165982843  
0.7254237288135594 0.3613445378151261 0.820253164556962  
0.7211646136618142 0.35502958579881655 0.8164579606440071  
0.696604600219058 0.39941690962099125 0.8130198915009043  
0.715071507150715 0.37500000000000006 0.829388908512893  
0.7104959630911188 0.3881019830028329 0.8240773916159083  
0.7409766454352442 0.36932707355242567 0.828602227811714  
0.7267267267267267 0.39506172839506176 0.8251748251748251  
0.7057522123893805 0.38095238095238104 0.8256814921090386  
0.7201834862385322 0.3333333333333333 0.8088023088023089  
0.7179487179487178 0.358433734939759 0.8341063146628612  
0.720524017467249 0.4 0.8225393340651299  
0.7098121085594988 0.3848167539267016 0.7925813777441332  
0.7163198247535597 0.3443708609271523 0.8275377590446084  
0.739325842696629 0.3806343906510851 0.8417391304347828  
0.7040358744394619 0.38509316770186336 0.8309759547383311  
0.7118644067796611 0.38810641627543035 0.8359154929577465  
0.7148936170212766 0.3493449781659389 0.8184143222506394  
0.6968325791855204 0.3726346433770015 0.8227712137486574  
0.7337016574585636 0.3799705449189985 0.8244604316546763  
0.7170626349892009 0.3746312684365782 0.813768115942029  
0.7244283995186521 0.3942558746736292 0.8146006505240333  
0.7117585848074921 0.3868852459016393 0.82062298603652  
0.7278835386338186 0.39940387481371087 0.8271428571428572  
0.7039674465920651 0.3853211009174312 0.8221488815548222  
0.7142857142857143 0.36235955056179775 0.8103574033552152  
0.7138193688792165 0.3742857142857143 0.8080145719489982  
0.7039827771797632 0.3576982892690513 0.8230659025787965  
0.7306122448979592 0.40779610194902544 0.8207581891792418  
0.7186813186813188 0.35364041604754826 0.8191298094210716  
0.7481713688610241 0.3715170278637771 0.8236146323795726  
0.7093712930011864 0.38410596026490074 0.8120028922631959  
0.7305524239007891 0.39947437582128775 0.8107511045655376  
0.6994652406417112 0.37868162692847124 0.8107511045655376  
0.6906141367323291 0.35489220563847423 0.8357487922705313  
0.692468619246862 0.3770739064856712 0.8131147540983606  
0.716024340770791 0.40196078431372545 0.8250180766449747  
0.7255113024757803 0.4025356576862123 0.8302425106990015  
0.7092651757188498 0.37660485021398 0.8135095447870777  
0.7090694935217903 0.3881019830028329 0.8294766820932716  
0.6841530054644809 0.41944444444444445 0.8164162696958592  
0.6849315068493151 0.36006546644844517 0.8362877997914495  
0.7306034482758621 0.35562805872756936 0.8296138859369465  
0.6921348314606742 0.39843750000000006 0.8130081300813008  
0.7065217391304347 0.35944700460829493 0.8184747583243823  
0.7388535031847133 0.40528634361233473 0.829624224735498  
0.6938775510204083 0.3636363636363636 0.8059701492537312  
0.7247706422018347 0.37419354838709684 0.8314763231197771  
0.7014115092290988 0.3833333333333333 0.8130738156445096  
0.7110609480812641 0.3833580980683507 0.8242424242424243  
0.7447257383966245 0.39375 0.8292507204610952  
0.6930481283422459 0.3398328690807799 0.7952784950202878  
0.6873563218390806 0.3554301833568407 0.8236983842010772  
0.6976217440543601 0.3813559322033898 0.8178867652362062  
0.7035830618892508 0.3708791208791209 0.8029465930018417  
0.7221621621621622 0.34992887624466573 0.807748538011696  
0.7308108108108107 0.3288888888888889 0.8169319826338639  
0.7014925373134329 0.3860182370820669 0.8258670520231215  
0.6927374301675978 0.39169139465875374 0.8193202146690519  
0.7382550335570469 0.361794500723589 0.8233177401943146  
0.6922257720979765 0.3865030674846626 0.8128380815001802  
0.7484008528784649 0.3626062322946176 0.8205882352941176  
0.7152173913043478 0.3473053892215569 0.819164265129683  
0.6878980891719746 0.3627906976744185 0.8159884767734966  
0.690781796966161 0.3514376996805112 0.8261020479000347  
0.708245243128964 0.32065217391304346 0.802386278896346  
0.7385229540918163 0.384393063583815 0.8089887640449438  
0.6930917327293319 0.3812080536912752 0.8084795321637427  
0.715359828141783 0.3698224852071006 0.8117519042437431  
0.7278481012658228 0.37482517482517475 0.8034061458718993  
0.6784530386740333 0.39886039886039887 0.8168298875589408  
0.7408207343412525 0.3768913342503439 0.817410549612689  
0.698237885462555 0.379746835443038 0.8138433515482695  
0.6929133858267716 0.37037037037037035 0.827025114962858  
0.6939203354297694 0.4011713030746706 0.8236156949028235  
0.7221006564551422 0.3589743589743589 0.8308563340410474  
0.740343347639485 0.378066378066378 0.8185469149324571  
0.7096114519427402 0.370242214532872 0.8247863247863247  
0.7260115606936416 0.3676703645007924 0.8340306834030683  
0.6998892580287929 0.3725782414307004 0.8164874551971326  
0.729281767955801 0.408660351826793 0.8227941176470588  
0.6927966101694916 0.3803680981595092 0.8171965317919075  
0.7050053248136314 0.3949579831932773 0.8240501659904094  
0.7113951011714589 0.3885542168674699 0.8221658819268381  
0.7196562835660579 0.3735099337748344 0.7983569828230022  
0.7092511013215859 0.3620933521923621 0.8155692979265187  
0.7410526315789475 0.35416666666666663 0.8300510576221737  
0.7046750285062714 0.39575033200531207 0.8141916605705926  
0.7074413863404688 0.36741214057507987 0.8255350018135655  
0.6941176470588234 0.3827893175074184 0.819718309859155  
0.7266811279826464 0.3602484472049689 0.8291636883488206  
0.7187839305103149 0.37127371273712734 0.8081330868761553  
0.7282976324689966 0.39705882352941174 0.8280300321773328  
0.7034632034632035 0.3516483516483516 0.8205494113449876  
0.7197231833910035 0.39622641509433965 0.834673191191891  
0.7139689578713969 0.38095238095238093 0.8140122788010111  
0.7252985884907709 0.3802612481857765 0.8257080610021785  
0.714131607335491 0.3144475920679886 0.7975100695715854  
0.6940540540540541 0.4087363494539782 0.8270192994996426  
0.7257019438444925 0.382306477093207 0.8270944741532977  
0.7139784946236558 0.3836858006042296 0.8152958152958154  
0.7079261672095549 0.3770491803278688 0.8048690520103282  
0.7257203842049093 0.3877005347593583 0.8062709966405376  
0.7186512118018968 0.3661538461538461 0.8202531645569622  
0.720955483170467 0.38801261829653 0.8280526877892488  
0.7331118493909191 0.38341968911917096 0.8480222068008327  
0.7166853303471444 0.3467492260061919 0.8226548672566372  
0.7194719471947194 0.3676880222841225 0.8111070515162586  
0.7476635514018691 0.38139534883720927 0.8193033381712627  
0.6946236559139785 0.3855421686746988 0.8209386281588448  
0.7040358744394619 0.3975155279503106 0.8323903818953324  
0.697928026172301 0.36607142857142855 0.8201801801801801  
0.702258726899384 0.3560057887120115 0.8084475731752501  
0.722457627118644 0.3947750362844703 0.8194800439399488  
0.707117852975496 0.3986928104575163 0.8373056994818653  
0.6954689146469969 0.4163934426229508 0.8270944741532977  
0.7207009857612267 0.3776435045317221 0.8318393689494441  
0.7324239244491081 0.3968750000000001 0.829303500541321  
0.733050847457627 0.39016393442622954 0.8327402135231317  
0.6920492721164614 0.38581560283687943 0.8170643528561099  
0.7259565667011376 0.3698224852071006 0.8136714443219405  
0.7073422957600827 0.3861386138613861 0.8140451451092797  
0.7263157894736842 0.3689604685212299 0.8070303917978763  
0.6801801801801802 0.3812233285917496 0.8178867652362062  
0.7188208616780046 0.3805874840357599 0.8032604668395702  
0.7104677060133631 0.374079528718704 0.819519196268389  
0.7089397089397089 0.40240240240240244 0.8062865497076023  
0.6976744186046512 0.3548387096774194 0.8032909498878085  
0.7367280606717227 0.3713450292397661 0.8204570184983678  
0.7084233261339092 0.3817663817663818 0.8157894736842105  
0.7000000000000001 0.3818681318681319 0.8198847262247839  
0.6969072164948454 0.36918138041733545 0.8170335618910141  
0.729281767955801 0.35146443514644354 0.8110867979576952  
0.7225244831338411 0.39769452449567727 0.8200654307524536  
0.6923950056753689 0.37421383647798745 0.8233227959255356  
0.7258426966292134 0.384 0.8346788346788346  
0.7137970353477765 0.3828016643550624 0.8148951554591468  
0.6852678571428572 0.38109756097560976 0.8165007112375533  
0.6850828729281768 0.37768240343347637 0.813768115942029  
0.6920492721164614 0.3710144927536232 0.8220064724919094  
0.7032967032967032 0.37741046831955927 0.8174486803519062  
0.7034482758620689 0.3294117647058823 0.8137882018479033  
0.7363737486095662 0.39769452449567727 0.8213641284734753  
0.7192429022082019 0.376502002670227 0.8063063063063062  
0.6865671641791046 0.37984496124031003 0.803236484001471  
0.7053941908713692 0.39353891336270197 0.8201544685546156  
0.7110633727175081 0.3536585365853659 0.8239106949945983  
0.704375667022412 0.36477987421383645 0.8247939806520961  
0.7192429022082019 0.39753466872110943 0.8248914616497829  
0.7111111111111111 0.37163120567375885 0.8142962417096538  
0.708860759493671 0.3819241982507289 0.817372730509078  
0.7142857142857143 0.39335180055401664 0.8169838945827232  
0.7089715536105032 0.35422343324250677 0.8114874815905743  
0.7138193688792166 0.3401759530791789 0.8273615635179153  
0.6900328587075576 0.40064102564102566 0.826317651220375  
0.7076923076923076 0.3840682788051209 0.8142493638676845  
0.6858407079646018 0.3589743589743589 0.7995586612725267  
0.706766917293233 0.3657474600870827 0.8119533527696793  
0.7225244831338411 0.3924963924963925 0.8204941860465117  
0.7101769911504425 0.3839009287925697 0.8230277185501066  
0.7365079365079364 0.359447004608295 0.8280346820809248  
0.6995708154506437 0.38436482084690554 0.8246983676366217  
0.7191011235955056 0.38957055214723924 0.8256555634301913  
0.7341490545050056 0.3682719546742209 0.8227618702428416  
0.7361702127659573 0.3915492957746479 0.8098747236551216  
0.7312049433573635 0.3710407239819004 0.8131868131868131  
0.7429854096520763 0.3912483912483912 0.809347181008902  
0.7304347826086957 0.38139534883720927 0.8281529117541979  
0.7168539325842695 0.37869822485207105 0.8241601143674052  
0.6858407079646018 0.3727399165507649 0.8062750820868296  
0.7057654075546719 0.3826086956521739 0.8257276320517427  
0.7325194228634849 0.3489361702127659 0.8121827411167513  
0.6937853107344633 0.4017991004497751 0.8200568990042675  
0.70509977827051 0.36092715231788086 0.8292512246326101  
0.7009646302250803 0.37897648686030433 0.808714918759232  
0.7022411953041623 0.37830319888734354 0.8072378138847859  
0.6981740064446832 0.3796133567662566 0.8365921787709497  
0.7139689578713968 0.4114977307110439 0.817565155301678  
0.7062634989200863 0.3268365817091454 0.8242511728617827  
0.7232323232323232 0.3879173290937996 0.8262295081967214  
0.7154989384288748 0.3532684283727399 0.8124306326304106  
0.7096069868995635 0.39379844961240307 0.8262575811630396  
0.7121729237770192 0.357653791130186 0.8119167264895908  
0.7158351409978306 0.3788819875776398 0.8313080771979986  
0.7166666666666667 0.42415316642120765 0.8256880733944955  
0.7319148936170213 0.39870340356564016 0.8407552547203418  
0.700650759219089 0.3897849462365591 0.8042994810971089  
0.7193169690501601 0.4172661870503597 0.8330893118594436  
0.7153134635149023 0.37160120845921446 0.8164162696958592  
0.7189249720044794 0.3684210526315789 0.8233628318584071  
0.711018711018711 0.3847241867043847 0.809647495361781  
0.7153598281417831 0.3829787234042554 0.8252252252252252  
0.7363083164300203 0.4219409282700422 0.8136482939632546  
0.7034068136272545 0.37643678160919536 0.8097378277153559  
0.7234042553191489 0.35765379113018597 0.8095238095238094  
0.6732673267326733 0.3625899280575539 0.8108695652173913  
0.7200000000000001 0.37753510140405616 0.8346675948485904  
0.6914103923647933 0.3757396449704142 0.8014571948998179  
0.7215601300108343 0.3748079877112135 0.8279569892473119  
0.6940133037694013 0.41679160419790107 0.8228980322003576  
0.7029804727646455 0.3696682464454977 0.823060188542422  
0.7200000000000001 0.4287856071964018 0.8246753246753246  
0.721030042918455 0.3772954924874792 0.8408048005647724  
0.7044444444444444 0.3782991202346041 0.8224299065420559  
0.7291666666666667 0.4052098408104197 0.8168079616660523  
0.7147470398277717 0.36239782016348776 0.8078489448352464  
0.6881028938906752 0.35422343324250677 0.8008898776418242  
0.7012987012987013 0.36476043276661513 0.8220551378446115  
0.7080610021786493 0.37048665620094196 0.8244927020291919  
0.71731843575419 0.3633916554508748 0.8121790168745414  
0.7157417893544734 0.3794037940379404 0.8268319358366752  
0.7146067415730338 0.4178674351585015 0.8266187050359712  
0.7268722466960352 0.35693215339233036 0.8228941684665226  
0.7075376884422111 0.38328530259365995 0.8022429906542056  
0.6851441241685144 0.3671766342141864 0.8166241341596792  
0.7 0.40672268907563025 0.8292682926829268  
0.7323340471092077 0.4165390505359877 0.829672308246309  
0.7272727272727273 0.3873873873873874 0.8236983842010771  
0.7094017094017095 0.37804878048780494 0.8196248196248196  
0.7372972972972974 0.3890675241157557 0.8413205537806177  
0.6882681564245811 0.3647604327666152 0.8221119773210488  
0.6997742663656884 0.3810810810810811 0.8151935719503286  
0.7270788912579956 0.3905325443786983 0.8167272727272727  
0.7285714285714285 0.3498542274052478 0.7983691623424759  
0.7172131147540984 0.38181818181818183 0.8167155425219942  
0.7266881028938906 0.3877551020408163 0.8262295081967213  
0.724022346368715 0.39234449760765544 0.840253342716397  
0.717948717948718 0.3765690376569037 0.7974917004795279  
0.7163841807909604 0.3871951219512195 0.8324477506199078  
0.7076222980659841 0.3615494978479196 0.8220946915351506  
0.7177777777777777 0.4096385542168675 0.8292857142857143  
0.7038988408851422 0.36546762589928056 0.8036764705882353  
0.7399577167019028 0.37889039242219213 0.7973124300111982  
0.7247608926673751 0.3785394932935916 0.8219476744186047  
0.7249466950959488 0.40570522979397783 0.8379248658318426  
0.720510095642933 0.39492242595204513 0.8187177597641858  
0.7025246981339188 0.360385144429161 0.8114453411592076  
0.7225244831338411 0.36740740740740746 0.8187725631768954  
0.7011615628299893 0.37712519319938176 0.8202166064981949  
0.7357293868921776 0.3597315436241611 0.8028432472876917  
0.7135362014690452 0.35846372688477957 0.8079763663220089  
0.7212121212121213 0.39002932551319647 0.8083209509658246  
0.6771488469601677 0.3932411674347158 0.8184124682856107  
0.7132116004296456 0.36333878887070375 0.8270729978738484  
0.6956521739130435 0.36017569546120054 0.8081031307550645  
0.7300215982721383 0.3608087091757387 0.8257602862254024  
0.7284345047923323 0.40063091482649843 0.8298101039054103  
0.7074413863404688 0.3868065967016492 0.800441826215022  
0.7014115092290988 0.45288326300984527 0.8272327964860907  
0.7452725250278087 0.362555720653789 0.82378223495702  
0.7129337539432178 0.3918918918918919 0.8316199929103155  
0.7278481012658228 0.35625 0.8220461095100865  
0.7243243243243243 0.3868954758190327 0.827734095782702  
0.7390396659707724 0.3905160390516039 0.8136853849014503  
0.732824427480916 0.37603993344425957 0.8383696416022488  
0.7229437229437229 0.40536512667660207 0.8284579270494763  
0.6993318485523384 0.38873239436619716 0.8229317851959362  
0.6940133037694013 0.38450074515648286 0.8219276245073451  
0.7234972677595628 0.34636871508379885 0.8079034028540066  
0.7282377919320594 0.34115805946791866 0.8206970894717929  
0.7299107142857142 0.38591117917304746 0.8277087033747781  
0.7304347826086957 0.35951661631419934 0.8128983877015373  
0.723952738990333 0.4055944055944056 0.834673191191891  
0.7032258064516129 0.416289592760181 0.8278599783471671  
0.7042253521126761 0.39769452449567727 0.8205314888969786  
0.723952738990333 0.3398058252427184 0.8277087033747779  
0.7056277056277055 0.365625 0.8171428571428571  
0.6969353007945516 0.36414565826330536 0.813289996388588  
0.7131428571428571 0.3801169590643275 0.8242424242424242  
0.6872146118721462 0.3824701195219123 0.8160877513711152  
0.735868448098664 0.3810930576070901 0.8253500368459837  
0.7178329571106095 0.3930942895086322 0.8139449541284404  
0.7168234064785789 0.39255014326647564 0.8113695090439276  
0.7400468384074941 0.38964992389649933 0.8356116368734665  
0.7393162393162392 0.38639876352395675 0.8256023013304568  
0.7023255813953488 0.38268156424581007 0.8213773314203731  
0.6864686468646864 0.38940809968847356 0.8318521151795236  
0.7115384615384616 0.3923444976076555 0.8332738307747233  
0.7056277056277056 0.34119278779472956 0.8002942258183156  
0.7235859124866595 0.4084720121028744 0.8271872740419378  
0.7555555555555555 0.377643504531722 0.8233587232499093  
0.7336152219873149 0.37615894039735104 0.805858054825385  
0.720620842572062 0.3868954758190328 0.837291740517547  
0.6922279792746113 0.3751846381093057 0.8030859662013226  
0.717948717948718 0.3813953488372093 0.8362863217576187  
0.6926229508196721 0.39745627980922094 0.8205871692642261  
0.7049345417925479 0.37249283667621774 0.7961092405536849  
0.7126168224299064 0.3605150214592274 0.8195087219651122  
0.721058434399118 0.38383838383838387 0.8403772266852952  
0.7236180904522613 0.3806451612903226 0.822844670789378  
0.7247007616974973 0.37278106508875736 0.8270133622246298  
0.7023411371237458 0.3841269841269841 0.8403242862178357  
0.7181719260065289 0.4135977337110482 0.8229280759401242  
0.7272727272727273 0.3541076487252125 0.8174807197943444  
0.7075268817204302 0.37974683544303794 0.8229835831548894  
0.7339999999999999 0.38283828382838286 0.8332124728063813  
0.7113636363636364 0.38961038961038963 0.830526692941598  
0.7262693156732891 0.3838926174496644 0.8182823442683377  
0.7001166861143523 0.32471264367816094 0.823906083244397  
0.7174887892376681 0.36006051437216335 0.8246175738171468  
0.7096092925026399 0.3940886699507389 0.8368945868945868  
0.7144482366325369 0.39557399723374825 0.8204199855177408  
0.695187165775401 0.3862520458265139 0.8339247693399574  
0.7225130890052357 0.3425076452599389 0.8130671506352087  
0.7168998923573736 0.3667711598746082 0.8258848766535574  
0.7221621621621621 0.38167938931297707 0.8160919540229885  
0.73224043715847 0.338368580060423 0.8144958736993183  
0.7067669172932332 0.3448275862068966 0.8118377785896967  
0.7234972677595629 0.3966712898751734 0.8196480938416423  
0.7206040992448759 0.3599374021909233 0.825589706933524  
0.6994652406417112 0.35410764872521244 0.8086669114946751  
0.7003293084522504 0.3931133428981349 0.8171262699564587  
0.6990077177508269 0.3655913978494624 0.8218104062722738  
0.7427341227125941 0.4012345679012346 0.8245425188374595  
0.7063572149344097 0.3882896764252697 0.8186490455212923  
0.729758149316509 0.40753424657534243 0.8448214916931778  
0.6727898966704937 0.3918722786647315 0.8188302425106991  
0.6828143021914648 0.4108416547788873 0.8283261802575108  
0.723127035830619 0.374251497005988 0.8187387387387387  
0.7063829787234043 0.34939759036144574 0.8130434782608696  
0.6950053134962805 0.3743016759776536 0.8053195419283339  
0.7334058759521217 0.36309523809523814 0.8236566895059502  
0.7339449541284403 0.3983402489626556 0.8262910798122064  
0.6985854189336235 0.36193029490616624 0.8040014820303816  
0.7190527448869752 0.38473282442748097 0.8172661870503598  
0.7157894736842105 0.3705972434915773 0.8127490039840637  
0.6998867497168744 0.4005563282336579 0.8225923244026069  
0.7357293868921777 0.42089985486211906 0.8186148772444118  
0.7357065803667745 0.37982195845697325 0.8259138617444807  
0.7244444444444444 0.36734693877551017 0.8220728687654758  
0.7025761124121779 0.36881559220389803 0.8315160042208934  
0.7336898395721925 0.40484429065743943 0.8418098912662224  
0.7227615965480042 0.3982808022922636 0.8170865279299014  
0.7053763440860215 0.3833580980683506 0.8207171314741036  
0.7016042780748664 0.3829113924050633 0.8280300321773328  
0.7025906735751295 0.3961965134706815 0.8258670520231214  
0.7222808870116155 0.36923076923076925 0.8182146729309722  
0.7014778325123152 0.3502454991816694 0.8151935719503287  
0.7278617710583153 0.36775106082036774 0.821677041376785  
0.7467532467532468 0.3524590163934426 0.8109305760709009  
0.7229660144181256 0.3823529411764706 0.8138591964614817  
0.7087155963302751 0.3389355742296919 0.8128149748020158  
0.7377777777777778 0.3670520231213873 0.821067821067821  
0.7005291005291004 0.41836734693877553 0.8364535499823385  
0.7217877094972067 0.377253814147018 0.814410480349345  
0.6981981981981982 0.37304075235109724 0.828752642706131  
0.7194570135746606 0.3736559139784946 0.8150584795321637  
0.686695278969957 0.37804878048780494 0.8220461095100865  
0.7024608501118569 0.3639010189228529 0.8199784405318  
0.7045454545454546 0.36293436293436293 0.7865597556319205  
0.7126193001060446 0.3904494382022472 0.806201550387597  
0.7272727272727272 0.3492063492063492 0.815435020021842  
0.7168234064785789 0.40186915887850466 0.8347197106690778  
0.7286012526096033 0.3563218390804598 0.818450184501845  
0.71976401179941 0.356353591160221 0.8021349599695006  
0.711297071129707 0.34924965893587995 0.8014953271028038  
0.7229437229437229 0.3717579250720461 0.8186453022578296  
0.7108695652173912 0.3710144927536231 0.8111837327523602  
0.7199191102123358 0.355359765051395 0.7980697847067557  
0.687772925764192 0.38904899135446686 0.814088598402324  
0.7002967359050444 0.3754266211604096 0.8153234550054211  
0.7377979568671965 0.38781163434903043 0.8199927562477363  
0.7060158910329172 0.3582887700534759 0.8087751371115174  
0.7185501066098081 0.3728323699421965 0.8178493050475493  
0.7074235807860262 0.3670520231213873 0.8156748911465892  
0.7149321266968327 0.3725782414307005 0.8180847276610894  
0.7220447284345048 0.37173579109062976 0.8240807498197548  
0.71731843575419 0.39898989898989895 0.8150915203586104  
0.6905537459283388 0.38184663536776214 0.8281027104136948  
0.6807511737089201 0.38227146814404434 0.8172043010752689  
0.7428571428571429 0.3785900783289817 0.8065476190476191  
0.6941649899396378 0.4072398190045249 0.8208348725526413  
0.7090694935217904 0.37431693989071047 0.8142292490118577  
0.7078891257995736 0.35104669887278583 0.823529411764706  
0.6952595936794583 0.36281859070464767 0.8146567057986482  
0.7270718232044199 0.34930448222565685 0.8236130867709816  
0.7001114827201784 0.36074270557029176 0.8035385182454848  
0.673773987206823 0.37758830694275275 0.779270633397313  
0.6980023501762631 0.3567251461988304 0.8257334747260516  
0.7147470398277718 0.37187499999999996 0.8250447227191413  
0.7160493827160495 0.36524300441826213 0.8253400143163923  
0.6828240252897786 0.3418079096045198 0.8067971924639823  
0.7353266888150609 0.37971014492753624 0.8235294117647058  
0.7018348623853211 0.38761776581426655 0.813386686067661  
0.7003154574132492 0.352112676056338 0.8116907140214578  
0.7253886010362695 0.37261146496815284 0.8249729339588596  
0.7072649572649573 0.37781109445277355 0.8214415067004709  
0.6727898966704938 0.3657474600870827 0.8195435092724679  
0.6869158878504672 0.39290989660265874 0.8286824443659484  
0.7091469681397738 0.37823129251700677 0.8004518072289156  
0.6973415132924337 0.35467980295566504 0.8152682751170327  
0.7278548559231591 0.35020519835841313 0.8078635014836795  
0.6869158878504672 0.39335180055401664 0.8234027279253409  
0.7013574660633485 0.3726346433770015 0.8263515932688864  
0.7045951859956235 0.3664596273291925 0.8246614397719173  
0.7387978142076503 0.35692307692307695 0.8281529117541979  
0.7126948775055678 0.35734870317002876 0.8124098124098125  
0.702355460385439 0.37604456824512533 0.8112094395280236  
0.7288317256162916 0.35015772870662465 0.820879513764748  
0.7241379310344827 0.37037037037037035 0.817117776152158  
0.7247899159663866 0.3942766295707472 0.8343514193316565  
0.7270668176670443 0.353125 0.8349172826469553  
0.6986899563318777 0.35419440745672437 0.7942157953281423  
0.7241770715096482 0.3796711509715994 0.8272921108742003  
0.72 0.35209235209235207 0.8119812342114759  
0.6841552990556139 0.34285714285714286 0.8090614886731392  
0.7241770715096482 0.3782312925170068 0.819505094614265  
0.6957494407158837 0.3757225433526012 0.8192944564434844  
0.7078280044101434 0.3826086956521739 0.8218286953379111  
0.71875 0.3824451410658307 0.8296819787985865  
0.7202718006795017 0.35714285714285715 0.8258289703315882  
0.7173447537473233 0.3543046357615894 0.832271762208068  
0.7463617463617462 0.3686635944700461 0.817157397310069  
0.7149220489977728 0.38729198184568836 0.8342245989304813  
0.7056323060573858 0.3574730354391371 0.8139870223503965  
0.7397260273972602 0.340486409155937 0.7997054491899851  
0.7150153217568949 0.34472934472934474 0.8102869921729408  
0.7124183006535948 0.3689604685212299 0.8193992037640246  
0.6854663774403471 0.3954619124797407 0.8261946902654868  
0.6976744186046512 0.3850931677018634 0.8233597692862292  
0.6887115165336374 0.3813559322033898 0.810363440086362  
0.7217877094972066 0.33639143730886856 0.8227353463587922  
0.7068783068783069 0.3690987124463519 0.8117647058823528  
0.702819956616052 0.4088397790055248 0.8123620309050773  
0.6988210075026794 0.3557422969187675 0.8008833271991167  
0.7214206437291898 0.3900293255131965 0.8220064724919094  
0.7136363636363636 0.37570621468926546 0.819164265129683  
0.7133333333333333 0.39880059970014997 0.8230246692885235  
0.7113163972286375 0.3888888888888889 0.8183807439824945  
0.7250280583613918 0.36827195467422097 0.8131550415612575  
0.7101769911504425 0.3868194842406877 0.8131788559015206  
0.7235955056179775 0.3762376237623762 0.8174918684495844  
0.7192429022082019 0.3705972434915773 0.8195652173913043  
0.709030100334448 0.37781109445277355 0.8314285714285714  
0.7168610816542949 0.391123439667129 0.8118518518518518  
0.7066381156316917 0.37325038880248834 0.8223896663078578  
0.6985854189336236 0.3348281016442451 0.8170028818443804  
0.7442827442827443 0.4226190476190476 0.8234432234432234  
0.7135016465422611 0.3617021276595745 0.8271914132379249  
0.7032967032967034 0.38125 0.8116048475945649  
0.7162891046386193 0.38497652582159625 0.8291636883488207  
0.7169421487603307 0.3791044776119403 0.8129126925898753  
0.7204968944099379 0.3620689655172414 0.8310858765081617  
0.6948968512486428 0.36750998668442075 0.8001485884101042  
0.7123595505617978 0.41773962804005726 0.8281081081081081  
0.7046750285062715 0.3859191655801825 0.8132352941176471  
0.7052631578947368 0.37583892617449666 0.8325053229240597  
0.7253446447507954 0.3980738362760834 0.82987848463188  
0.7338282078472959 0.4233576642335767 0.8201754385964912  
0.7392670157068062 0.38125000000000003 0.829902491874323  
0.7282608695652174 0.3859649122807018 0.8239130434782609  
0.7242063492063492 0.39887640449438205 0.8018154311649017  
0.7136465324384786 0.37091988130563797 0.8311874105865521  
0.7116827438370847 0.37577639751552794 0.8188015787585216  
0.7280606717226434 0.4419889502762431 0.8310636731689363  
0.711453744493392 0.3628185907046476 0.8196486195769094  
0.690807799442897 0.363914373088685 0.7922521838207369  
0.7413793103448276 0.3377777777777778 0.8141977544367982  
0.7228144989339019 0.39175257731958757 0.8256279577721151  
0.7262693156732891 0.39184952978056425 0.8312056737588652  
0.7299893276414086 0.3918495297805643 0.835424883470778  
0.7150837988826816 0.38437499999999997 0.8363379285966772  
0.7160751565762005 0.36094674556213013 0.8139194139194139  
0.70020964360587 0.395864106351551 0.8232711306256861  
0.7088888888888889 0.3617571059431524 0.7918215613382901  
0.6960352422907489 0.39104477611940297 0.8320172290021537  
0.6978818283166109 0.4084720121028745 0.8260869565217391  
0.7124463519313304 0.384742951907131 0.8377518557794273  
0.7139689578713969 0.35683453237410073 0.8211058908565233  
0.7225950782997762 0.4005602240896359 0.8338171262699564  
0.738015607580825 0.39016393442622954 0.8351417570878544  
0.726086956521739 0.3612903225806451 0.8321529745042493  
0.7163561076604555 0.3889695210449927 0.8172757475083057  
0.7051142546245921 0.36464088397790057 0.8019110621095186  
0.7037037037037038 0.36781609195402304 0.8214157384117857  
0.7239130434782608 0.36708860759493667 0.8342816500711238  
0.7194860813704497 0.3694083694083694 0.8176835951772013  
0.7040816326530612 0.3970802919708029 0.8128936643201186  
0.7216035634743875 0.35130970724191063 0.827831025914093  
0.70509977827051 0.37444279346211 0.8167802079598423  
0.727659574468085 0.3680241327300151 0.8149221296631655  
0.7124463519313304 0.41314553990610325 0.8342284282133906  
0.6947141316073354 0.3770491803278688 0.8270251149628582  
0.6882845188284519 0.4042553191489362 0.8225454545454545  
0.71875 0.3494539781591264 0.81795150199059  
0.6952695269526953 0.3896499238964992 0.8313080771979986  
0.7351129363449691 0.40873634945397813 0.8315751182248089  
0.7006237006237006 0.36281859070464767 0.8255941499085924  
0.7286324786324786 0.3614088820826952 0.8158558558558558  
0.726128016789087 0.3914893617021276 0.8130081300813008  
0.7066666666666667 0.3503649635036496 0.8161209068010076  
0.6860986547085203 0.3470031545741325 0.8238195912614519  
0.7272727272727273 0.35590551181102364 0.8311688311688312  
0.7178924259055981 0.3957382039573821 0.8297567954220315  
0.7330415754923414 0.40114613180515757 0.8168604651162791  
0.7104072398190047 0.3770053475935829 0.8199121522693997  
0.7052154195011339 0.3548387096774194 0.8285714285714286  
0.7310924369747899 0.3774733637747337 0.8137931034482759  
0.7234972677595628 0.4027586206896552 0.8171806167400881  
0.7242990654205606 0.40634005763688763 0.8315565031982942  
0.7094515752625439 0.3870967741935484 0.8226548672566372  
0.7021040974529347 0.36623748211731044 0.8110065170166546  
0.7282266526757607 0.39528023598820056 0.8232711306256861  
0.7096092925026399 0.39644970414201186 0.8128420284567676  
0.724731182795699 0.36962750716332377 0.8114035087719298  
0.7148936170212765 0.33531157270029677 0.8123636363636363  
0.7208008898776417 0.3754045307443366 0.8408851422550052  
0.7240618101545253 0.3737704918032787 0.8377808988764045  
0.7102040816326531 0.3983050847457627 0.812406576980568  
0.7133027522935779 0.3808139534883721 0.8238231098430813  
0.6917960088691796 0.37003058103975534 0.8176638176638176  
0.7170626349892009 0.36187399030694667 0.833628946434906  
0.7158836689038031 0.36681222707423583 0.8070427596119295  
0.7325102880658436 0.4150943396226415 0.8338171262699564  
0.700650759219089 0.38563829787234044 0.812639405204461  
0.7421790722761596 0.39682539682539675 0.8364802280014249  
0.7136363636363635 0.38461538461538464 0.8102084831056793  
0.7096774193548387 0.34277620396600567 0.8126132656759695  
0.6841505131128848 0.3793103448275862 0.8086351994145627  
0.7225130890052355 0.38547486033519557 0.8013367991088006  
0.7133479212253829 0.385432473444613 0.8183446793264064  
0.727461139896373 0.41379310344827586 0.8301340094168779  
0.6983372921615201 0.363905325443787 0.8243148278285312  
0.7222832052689353 0.38081805359661497 0.817055393586006  
0.6827661909989023 0.37822349570200575 0.8196007259528132  
0.7128263337116912 0.36451612903225805 0.8375829549423682  
0.7241003271537623 0.3675213675213675 0.8145719489981785  
0.719758064516129 0.3761194029850746 0.8075499629903775  
0.6958424507658644 0.3771929824561403 0.8177874186550977  
0.7314410480349344 0.3824959481361426 0.8392794065701166  
0.7153762268266085 0.4161490683229814 0.8248305387085265  
0.7212765957446808 0.4 0.825164594001463  
0.7220376522702103 0.35435435435435436 0.8207513416815743  
0.712742980561555 0.3894080996884735 0.8247496423462088  
0.7276464542651593 0.38461538461538464 0.8211058908565233  
0.7183246073298429 0.3673469387755102 0.8032909498878085  
0.7272727272727273 0.3799705449189985 0.8232727272727274  
0.7196467991169978 0.3328550932568149 0.8185440057950018  
0.7045454545454545 0.40773809523809523 0.829302987197724  
0.7112068965517242 0.3875338753387534 0.8050407709414381  
0.7115600448933783 0.4065934065934066 0.8167577413479054  
0.6864988558352403 0.3501483679525223 0.8203125  
0.6910994764397906 0.3739130434782609 0.8047076130930488  
0.7222222222222222 0.3813682678311499 0.8203096867122794  
0.7008928571428572 0.37676609105180536 0.8272695160720592  
0.7214514407684098 0.39375 0.8310010764262649  
0.7264864864864866 0.4193061840120664 0.8335734870317003  
0.7286324786324786 0.39682539682539675 0.8398856325947104  
0.7326943556975506 0.4053651266766021 0.823529411764706  
0.7349137931034483 0.33908948194662486 0.8231511254019291  
0.7152777777777778 0.38683127572016457 0.8199206062793215  
0.7083333333333333 0.4 0.8247199132634623  
0.7050691244239632 0.3506311360448808 0.8171038447718291  
0.7169811320754718 0.3888888888888889 0.8097524935352789  
0.7174163783160322 0.35751295336787564 0.8073394495412843  
0.7139874739039667 0.3944954128440367 0.8204941860465116  
0.699346405228758 0.3502304147465438 0.8221824686940966  
0.682819383259912 0.3425559947299078 0.7979236188357434  
0.6864686468646864 0.3782234957020058 0.8132027566195139  
0.7056277056277056 0.3719008264462809 0.8157700810611644  
0.7188160676532769 0.3624801271860095 0.8225170311939763  
0.6986301369863014 0.3978201634877384 0.8148148148148148  
0.7063655030800821 0.3183925811437403 0.8071454611738972  
0.7317620650953984 0.3936781609195402 0.8224702916816707  
0.7276736493936053 0.3590551181102362 0.8199858256555635  
0.6765375854214122 0.40915593705293274 0.8173663437387871  
0.7066381156316917 0.3471582181259601 0.8225980568549839  
0.701098901098901 0.4005805515239478 0.8108499095840868  
0.7128712871287128 0.3869132290184922 0.8132267441860466  
0.7298787210584345 0.4038727524204702 0.8200438917337235  
0.7092511013215859 0.3804034582132565 0.8247646632874728  
0.7139830508474576 0.3700564971751412 0.8119469026548672  
0.7096774193548387 0.37228260869565216 0.8188405797101449  
0.6850220264317181 0.4100294985250737 0.8207343412526997  
0.7169811320754718 0.3835616438356164 0.8346400570206699  
0.7 0.3472222222222222 0.8375174337517434  
0.7181069958847736 0.3781094527363184 0.8404446038006452  
0.7239819004524887 0.35469448584202684 0.8223567105731578  
0.7243243243243243 0.41010401188707285 0.8286334056399132  
0.6816143497757848 0.35672514619883045 0.8098995695839311  
0.7225368063420159 0.35016835016835013 0.8271562175268444  
0.7317596566523604 0.3731931668856768 0.8034444028453763  
0.7135016465422612 0.38832116788321164 0.8186416184971098  
0.7137809187279153 0.34782608695652173 0.8184070796460176  
0.7197382769901853 0.36036036036036034 0.818410643653362  
0.7186147186147187 0.3395061728395062 0.8166189111747851  
0.7213459516298634 0.3333333333333333 0.8045638571954362  
0.7209302325581394 0.38419618528610355 0.8144560357675112  
0.7088888888888889 0.3920454545454546 0.8195652173913044  
0.7176724137931035 0.3649425287356322 0.8160583941605839  
0.7191256830601093 0.3474320241691843 0.8216720487979907  
0.7036625971143174 0.4005891016200294 0.8218390804597702  
0.7046186895810956 0.3800904977375566 0.8137184115523465  
0.7155555555555556 0.36595744680851067 0.8039144617615077  
0.710112359550562 0.3667621776504298 0.8162824207492795  
0.7079646017699116 0.3782991202346041 0.8250539956803454  
0.7100977198697068 0.375 0.8191988451822447  
0.7262569832402236 0.3742138364779874 0.8295093540416519  
0.7068181818181818 0.3927492447129909 0.8362863217576187  
0.7489270386266095 0.358600583090379 0.8142753095411508  
0.7270788912579957 0.38575667655786344 0.8226744186046511  
0.7004608294930875 0.36416184971098264 0.8195435092724679  
0.6964856230031948 0.3868065967016492 0.8288614938361132  
0.7247311827956988 0.38726790450928383 0.8111940298507463  
0.7016393442622951 0.3537803138373752 0.8042212518195051  
0.6948968512486429 0.3941368078175896 0.8391657829621775  
0.7398463227222831 0.36304700162074555 0.8342736248236953  
0.7390862944162436 0.3924418604651162 0.8153102935711631  
0.717488789237668 0.3846153846153846 0.8192419825072886  
0.7365208545269583 0.4017725258493353 0.8150887573964498  
0.7236286919831224 0.32173913043478264 0.8019075568598679  
0.7326732673267328 0.3889655172413793 0.8161172161172161  
0.6816239316239316 0.34670487106017195 0.8021978021978022  
0.7138461538461538 0.3765432098765432 0.8201386355344764  
0.706140350877193 0.3431372549019608 0.823943661971831  
0.7379239465570401 0.3505747126436782 0.8163265306122448  
0.6827661909989023 0.36235955056179775 0.8113827070412257  
0.7147688838782412 0.3850746268656716 0.823655147844674  
0.7038251366120218 0.384251968503937 0.8280028429282161  
0.7315573770491803 0.3799705449189985 0.8172757475083056  
0.712871287128713 0.3414634146341463 0.8030916451969083  
0.7253521126760563 0.3608815426997245 0.8147882268485284  
0.7148760330578512 0.37480798771121354 0.8167577413479052  
0.7032710280373832 0.39655172413793105 0.8264580369843528  
0.7184035476718402 0.37059724349157736 0.8209327162691349  
0.7030716723549487 0.4035608308605341 0.8274635361081466  
0.7237687366167023 0.35107913669064744 0.8138939670932359  
0.7133479212253829 0.3948126801152737 0.8258345428156749  
0.6900328587075575 0.39644970414201186 0.8223423423423424  
0.7130242825607065 0.37735849056603776 0.8197905381003971  
0.6996770721205597 0.36908517350157727 0.8239914316315602  
0.7364864864864864 0.3597883597883598 0.8066176470588234  
0.7150837988826815 0.3670295489891135 0.8280254777070064  
0.7058823529411765 0.3407202216066482 0.8064864864864865  
0.7073446327683617 0.34796238244514105 0.8321013727560719  
0.7312295973884658 0.4151967435549525 0.8257016248153619  
0.7211328976034859 0.3825301204819277 0.828900071890726  
0.7218543046357616 0.40057636887608067 0.8219971056439942  
0.6986607142857143 0.35779816513761464 0.8223169864960909  
0.7144408251900108 0.3642172523961661 0.8285410010649628  
0.6885593220338982 0.3605546995377504 0.8199206062793215  
0.7238883143743535 0.401305057096248 0.824712643678161  
0.7191489361702128 0.40667678300455234 0.8318264014466547  
0.6923950056753688 0.375 0.8214669051878355  
0.7158974358974359 0.3858156028368794 0.8137108792846498  
0.7145877378435518 0.37837837837837834 0.8139963167587476  
0.7248618784530387 0.35143769968051114 0.8245675961877869  
0.7088331515812433 0.3707025411061285 0.8192944564434845  
0.7113062568605927 0.4225352112676057 0.8294243070362473  
0.7286995515695067 0.3690637720488467 0.8080438756855576  
0.7308970099667774 0.3770739064856712 0.8270192994996426  
0.734966592427617 0.40746054519368724 0.8320693391115925  
0.6994535519125684 0.35072463768115947 0.8075389633925335  
0.7112068965517242 0.413075780089153 0.8237423090843287  
0.738359201773836 0.38226299694189597 0.8262108262108262  
0.7266949152542375 0.41337386018237077 0.8247646632874729  
0.7282976324689966 0.3850746268656716 0.8293551834698968  
0.7106382978723403 0.36065573770491804 0.8151107882310207  
0.7138121546961326 0.38851351351351354 0.8371119637251484  
0.7094668117519042 0.36932707355242567 0.8203848895224519  
0.699889258028793 0.35792349726775957 0.8002931476731404  
0.7150595882990249 0.3848167539267016 0.7986552110571534  
0.7195652173913044 0.35829662261380324 0.8143322475570032  
0.7019867549668874 0.37070254110612855 0.8268196486195769  
0.7282266526757607 0.398876404494382 0.8165987402741757  
0.7362514029180695 0.36055469953775043 0.8293201133144475  
0.6754032258064517 0.413986013986014 0.8054196462175386  
0.7045454545454545 0.36036036036036034 0.8282469836763663  
0.716259298618491 0.3457142857142857 0.8116048475945649  
0.721205597416577 0.3820598006644518 0.831627250264737  
0.6934782608695651 0.37463976945244953 0.8123636363636363  
0.7246049661399547 0.4048913043478261 0.8220277169948943  
0.7112970711297072 0.35820895522388063 0.8213903743315508  
0.6805251641137855 0.36607142857142855 0.80849532037437  
0.7422680412371134 0.37598736176935227 0.8243390076059398  
0.6911111111111112 0.37465564738292007 0.8100803506208912  
0.7477272727272728 0.37462235649546827 0.8313253012048193  
0.7023411371237458 0.39592430858806404 0.8287769784172663  
0.7080213903743315 0.37561779242174637 0.8320340184266477  
0.7175080558539204 0.3751891074130106 0.826118326118326  
0.7193169690501601 0.3785488958990536 0.8227712137486574  
0.7107258938244854 0.3189189189189189 0.7989633469085524  
0.7121057985757884 0.3895027624309393 0.8054196462175385  
0.7162891046386193 0.3731587561374795 0.8336871903750885  
0.7057591623036649 0.3703703703703704 0.8235294117647058  
0.7120743034055728 0.37570621468926557 0.8046148120580573  
0.7019562715765247 0.38639455782312926 0.8108695652173913  
0.7110141766630316 0.37025796661608495 0.8163558106169296  
0.7127659574468086 0.38514442916093533 0.8060808305524657  
0.7146118721461188 0.3719599427753934 0.8189315166726425  
0.709278350515464 0.36363636363636365 0.811551277304702  
0.7230769230769232 0.39538239538239534 0.8214415067004709  
0.699205448354143 0.3926218708827404 0.8039647577092511  
0.750561797752809 0.35398230088495575 0.82689556509299  
0.6719457013574661 0.33888048411497734 0.8187300461156438  
0.71395881006865 0.40822784810126583 0.8397480755773267  
0.7144408251900107 0.4032520325203252 0.833097595473833  
0.70874861572536 0.3523956723338485 0.8194740582800284  
0.7249736564805057 0.39301310043668125 0.8203812316715543  
0.712121212121212 0.3677510608203678 0.8071716062934504  
0.7155172413793104 0.36389280677009866 0.8096809680968097  
0.7201735357917571 0.37812500000000004 0.8236973590292648  
0.7240223463687151 0.3692722371967655 0.808947561422809  
0.7136842105263158 0.4036144578313253 0.8203636363636364  
0.6859688195991092 0.39999999999999997 0.8306394940267041  
0.6843220338983051 0.34024896265560167 0.7927326659251019  
0.7315010570824524 0.3801418439716312 0.8153335790637671  
0.7379912663755458 0.37519872813990457 0.8378857750975524  
0.7007963594994312 0.3616734143049932 0.8104956268221576  
0.7335562987736901 0.3988355167394469 0.8316546762589928  
0.6899563318777293 0.36807817589576547 0.8292166549047284  
0.7203791469194313 0.3841059602649006 0.8216998191681736  
0.7297019527235354 0.3853459972862958 0.8123587038432555  
0.6899383983572894 0.3772048846675713 0.8051262721447419  
0.6963123644251626 0.35897435897435903 0.8182799568189997  
0.71055381400209 0.3896103896103896 0.8142962417096536  
0.7094017094017093 0.3856502242152467 0.8068140630663284  
0.7132116004296456 0.4017991004497751 0.8235719450469993  
0.7126436781609196 0.34992458521870284 0.8170553935860058  
0.7204301075268817 0.38179148311306904 0.8194696694515076  
0.7117212249208025 0.36541143654114366 0.8133333333333334  
0.7213822894168467 0.38581560283687943 0.8174167581412367  
0.6864754098360656 0.3800623052959502 0.8179169701383832  
0.7070063694267517 0.3553008595988538 0.8017621145374451  
0.7005291005291004 0.3774145616641902 0.8048069919883465  
0.7012732615083253 0.37254901960784315 0.8253387037715124  
0.7327141382868937 0.3884514435695538 0.7960501329282188  
0.7025089605734767 0.401263823064771 0.8424326192121631  
0.7469613259668508 0.3697996918335901 0.8298932384341638  
0.7184466019417476 0.35769828926905134 0.82319255547602  
0.7126193001060445 0.4179566563467493 0.8317117117117118  
0.7207207207207207 0.3542538354253836 0.8060891627401233  
0.7155963302752294 0.34374999999999994 0.8062709966405376  
0.7176220806794055 0.3525835866261398 0.8219971056439941  
0.6953846153846155 0.3628808864265928 0.7956505436820398  
0.7081967213114755 0.36850393700787404 0.830135039090263  
0.7023686920700309 0.3987635239567234 0.8186453022578297  
0.6941964285714285 0.36336336336336333 0.8194147037830123  
0.7358288770053476 0.36615384615384616 0.8254767902123066  
0.7200878155872668 0.3975720789074355 0.8296349319971367  
0.7235955056179775 0.37712519319938176 0.8291475061903079  
0.6898876404494382 0.34685314685314683 0.8234867705690467  
0.7171945701357467 0.38727524204702635 0.8298875589408778  
0.703872437357631 0.37333333333333335 0.8128654970760234  
0.7023809523809523 0.37425149700598803 0.8095238095238094  
0.7278688524590163 0.3800904977375566 0.8205312275664034  
0.7090301003344482 0.39275766016713093 0.8184794470716624  
0.7045454545454545 0.35548686244204014 0.8163553048995418  
0.7288888888888889 0.3934959349593496 0.8395928395928396  
0.7134767836919593 0.3971631205673759 0.8412752828248199  
0.6993006993006993 0.37966101694915255 0.8272628921745402  
0.6940540540540541 0.35982008995502246 0.8102453102453102  
0.7008547008547008 0.3447332421340629 0.800148312940304  
0.7005291005291006 0.39881831610044316 0.8212983223924143  
0.6956521739130435 0.3666666666666667 0.8045140152894066  
0.717439293598234 0.378716744913928 0.8300815892160341  
0.7063829787234043 0.33489827856025034 0.8150807899461401  
0.722400857449089 0.3799705449189985 0.8125000000000001  
0.6962809917355371 0.3721633888048412 0.8212065813528338  
0.7358916478555305 0.38430311231393777 0.814895947426068  
0.7397849462365591 0.41059602649006616 0.8522968197879859  
0.7409040793825798 0.36503067484662577 0.8270944741532977  
0.7295597484276729 0.3699059561128527 0.8275613275613275  
0.706140350877193 0.37654320987654316 0.819543509272468  
0.7167630057803468 0.37639553429027106 0.8433147632311977  
0.6918798665183538 0.35225618631732175 0.8192944564434845  
0.7113062568605928 0.3884057971014493 0.8208469055374592  
0.7090301003344482 0.34201954397394135 0.8257974062390466  
0.7255113024757803 0.3896103896103896 0.842852075203973  
0.7288693743139407 0.3954619124797407 0.8427362482369534  
0.6964856230031948 0.4006069802731412 0.8192335502530731  
0.7130434782608696 0.38655462184873957 0.8139194139194138  
0.7188465499485067 0.3876651982378855 0.817109144542773  
0.7072330654420208 0.35724743777452417 0.8256227758007118  
0.7278688524590163 0.36363636363636365 0.8210828253854427  
0.7093821510297483 0.35531628532974424 0.805242082271569  
0.7293388429752066 0.368 0.8242511728617827  
0.7085590465872155 0.3897280966767372 0.8197193234976611  
0.6937354988399071 0.3956639566395664 0.8205499276410999  
0.7276641550053821 0.37598736176935227 0.8344039971448965  
0.7141361256544502 0.38123167155425214 0.8184818481848184  
0.7351351351351351 0.41217150760719223 0.8225331369661267  
0.720620842572062 0.4006024096385542 0.8255897069335241  
0.7079831932773109 0.35958904109589046 0.8281471004243283  
0.7266881028938906 0.41099855282199715 0.816058394160584  
0.7315175097276265 0.378125 0.8130563798219583  
0.7208791208791208 0.3789173789173789 0.8161337209302326  
0.705084745762712 0.377643504531722 0.8306709265175718  
0.7309322033898306 0.4011627906976744 0.8286969253294291  
0.6942148760330579 0.33883058470764627 0.8002931476731403  
0.6979865771812082 0.3776223776223776 0.8130671506352087  
0.6967592592592593 0.38082556591211725 0.8141142233539469  
0.7191256830601093 0.38858695652173914 0.8101732399557686  
0.6913580246913581 0.3776595744680851 0.8077912532157296  
0.7150595882990247 0.3333333333333333 0.8172276511038726  
0.6869565217391306 0.39274924471299094 0.8317757009345793  
0.6824085005903188 0.3993948562783661 0.830532212885154  
0.7286486486486486 0.4039829302987198 0.8201754385964912  
0.711453744493392 0.3813682678311499 0.8234019501625136  
0.7199999999999999 0.38378378378378375 0.8135095447870777  
0.7424892703862661 0.3664921465968586 0.8103448275862069  
0.7264673311184939 0.38896189224704336 0.8140740740740741  
0.7135135135135136 0.363905325443787 0.8186753528773072  
0.6827661909989022 0.3697478991596639 0.8105147864184009  
0.7121848739495797 0.38011695906432746 0.809384164222874  
0.7361702127659574 0.3901018922852984 0.8308366824990865  
0.7384937238493724 0.37462235649546827 0.8295702840495265  
