0.7261306532663316 0.28716904276985744 0.9095127610208816  
0.7263681592039801 0.2640144665461121 0.9111654441727791  
0.7350427350427351 0.272108843537415 0.9080911233307148  
0.6958424507658644 0.2676348547717842 0.9227674979887369  
0.6456211812627292 0.2717391304347826 0.9122664500406173  
0.7685185185185185 0.2680851063829787 0.90234375  
0.7529411764705882 0.23777403035413153 0.9338487972508591  
0.7239130434782609 0.23340040241448692 0.9126530612244897  
0.7379310344827587 0.248565965583174 0.9084967320261438  
0.7201834862385321 0.2526690391459075 0.9366554054054054  
0.7152777777777778 0.2539325842696629 0.8934865900383142  
0.784366576819407 0.24273504273504273 0.9151712887438825  
0.6976284584980237 0.2532467532467532 0.9093904448105437  
0.7066666666666667 0.2781065088757396 0.92  
0.7645687645687645 0.24448897795591182 0.9210526315789473  
0.7363834422657952 0.2465483234714004 0.9169407894736842  
0.7310195227765727 0.26495726495726496 0.8922585794094174  
0.7564402810304449 0.282 0.9067729083665339  
0.7454545454545455 0.26283367556468173 0.9059760956175299  
0.7458677685950413 0.23076923076923078 0.9138211382113821  
0.6632860040567952 0.25384615384615383 0.9289991445680068  
0.7661469933184856 0.25 0.8941355674028941  
0.7453271028037384 0.24897119341563786 0.9124605678233438  
0.739514348785872 0.2813765182186235 0.91417004048583  
0.7695652173913043 0.28728070175438597 0.9107424960505529  
0.7133479212253829 0.2530612244897959 0.9036437246963562  
0.7489270386266095 0.2725118483412322 0.9072642967542504  
0.715261958997722 0.2694736842105263 0.9037854889589906  
0.7868852459016393 0.2599009900990099 0.8934122871946706  
0.7094736842105264 0.28635346756152125 0.9087301587301587  
0.7399103139013453 0.26264591439688717 0.9189852700490998  
0.6596958174904943 0.2536082474226804 0.9214346712211785  
0.7365010799136069 0.2731182795698925 0.9059011164274322  
0.7375 0.2247191011235955 0.9238013698630136  
0.6867469879518072 0.2888402625820569 0.9152404237978811  
0.7139737991266376 0.2755741127348643 0.9076305220883534  
0.737603305785124 0.2740899357601713 0.9057676685621446  
0.7797356828193832 0.2737556561085973 0.8973561430793157  
0.75 0.27474747474747474 0.920863309352518  
0.7136752136752137 0.26552462526766596 0.9085805934242182  
0.746606334841629 0.26129666011787817 0.9203899268887084  
0.7266666666666667 0.24677716390423574 0.9259882253994953  
0.7233115468409586 0.2725409836065574 0.9157894736842105  
0.7390396659707724 0.2545090180360721 0.9210963455149501  
0.6924778761061947 0.26105263157894737 0.9107569721115538  
0.7181208053691275 0.2510204081632653 0.9100401606425703  
0.7709750566893424 0.26 0.9387069689336692  
0.7054108216432866 0.2768878718535469 0.9101123595505618  
0.7524271844660194 0.2625570776255708 0.9009009009009009  
0.7067961165048544 0.2857142857142857 0.9329320722269991  
0.6986607142857143 0.29453681710213775 0.8964204112718964  
0.7334905660377359 0.25318761384335153 0.9148056244830438  
0.7334754797441365 0.2616407982261641 0.9112519809825673  
0.7218390804597701 0.29205607476635514 0.8764215314632298  
0.717434869739479 0.21022727272727273 0.9402597402597402  
0.7151898734177216 0.2641509433962264 0.9303904923599321  
0.738562091503268 0.27310924369747897 0.9165998396150762  
0.7590361445783133 0.27631578947368424 0.9061784897025171  
0.7321428571428571 0.24271844660194175 0.9138638228055783  
0.6822810590631364 0.27167630057803466 0.9163822525597269  
0.7049891540130152 0.2426470588235294 0.9286321155480034  
0.692156862745098 0.26499032882011603 0.9186147186147187  
0.7395577395577395 0.26824817518248173 0.9119804400977995  
0.7321428571428571 0.26652452025586354 0.9067193675889328  
0.7790178571428571 0.23302752293577983 0.8973927670311186  
0.732739420935412 0.24858757062146894 0.9018302828618968  
0.7330508474576272 0.24818840579710144 0.92573402417962  
0.7171492204899778 0.26353790613718414 0.9304495335029687  
0.713302752293578 0.294921875 0.9124797406807131  
0.7659090909090909 0.2827868852459016 0.905103668261563  
0.7381489841986456 0.245136186770428 0.9118367346938776  
0.7214912280701754 0.2519230769230769 0.9220563847429519  
0.716589861751152 0.24904214559386972 0.9127243066884176  
0.723404255319149 0.23311546840958605 0.9184615384615384  
0.7148846960167715 0.2751540041067762 0.9170771756978654  
0.7669683257918553 0.31009615384615385 0.8942598187311178  
0.7541766109785203 0.25 0.9288774635818338  
0.7347826086956522 0.24105011933174225 0.8940905602455871  
0.697286012526096 0.2920353982300885 0.9176658673061551  
0.7235421166306696 0.2733333333333333 0.9141055949566588  
0.6942675159235668 0.27091633466135456 0.9172870140612076  
0.7375565610859729 0.24950884086444008 0.9049553208773355  
0.7176220806794055 0.26973684210526316 0.902788844621514  
0.7494456762749445 0.25963488843813387 0.9224555735056543  
0.7228381374722838 0.2685589519650655 0.8900235663786331  
0.7130044843049327 0.27530364372469635 0.9178743961352657  
0.7330210772833724 0.2675438596491228 0.9014626635873749  
0.7425531914893617 0.2673684210526316 0.9215844785772029  
0.7172131147540983 0.28187919463087246 0.9198075380914194  
0.723404255319149 0.25862068965517243 0.9067226890756303  
0.7339055793991416 0.2655038759689923 0.9208333333333333  
0.746606334841629 0.2595078299776286 0.9033255993812839  
0.7408993576017131 0.2582781456953642 0.9152139461172741  
0.7212765957446808 0.2607003891050584 0.9165275459098498  
0.7699757869249395 0.2529182879377432 0.902788844621514  
0.7685185185185185 0.2563176895306859 0.9297658862876255  
0.7862232779097387 0.26019417475728157 0.898876404494382  
0.7049891540130152 0.26429980276134124 0.9184514003294892  
0.7247899159663865 0.27425373134328357 0.9307692307692308  
0.7440347071583514 0.27521008403361347 0.8931726907630522  
0.7345132743362832 0.26542056074766357 0.9079497907949791  
0.724669603524229 0.23715415019762845 0.9083469721767594  
0.7227488151658767 0.259765625 0.9102564102564102  
0.755056179775281 0.2585551330798479 0.916597853014038  
0.7493540051679587 0.26024590163934425 0.8959449120122418  
0.6758474576271186 0.26706827309236947 0.9216171617161716  
0.7091295116772823 0.2894736842105263 0.9102861562258314  
0.7325301204819277 0.2579185520361991 0.8845283018867924  
0.7203389830508474 0.30930232558139537 0.915625  
0.762114537444934 0.2529411764705882 0.9261083743842364  
0.7540603248259861 0.2527881040892193 0.9142621599340478  
0.7314814814814815 0.2607003891050584 0.9150485436893204  
0.7599067599067599 0.2457627118644068 0.9032006245120999  
0.7192224622030238 0.27139874739039666 0.9120967741935484  
0.729490022172949 0.3175 0.9060856498873028  
0.7270788912579957 0.2678185745140389 0.908  
0.73568281938326 0.2751540041067762 0.911361804995971  
0.7169811320754716 0.2533039647577093 0.9136690647482014  
0.7855361596009975 0.23434704830053668 0.8944353518821604  
0.7204301075268817 0.2591792656587473 0.9090909090909091  
0.7155172413793104 0.24055666003976142 0.9160493827160494  
0.7429193899782135 0.26905829596412556 0.8974158183241974  
0.7239130434782609 0.23333333333333334 0.9094754653130288  
0.708502024291498 0.2542372881355932 0.9087171052631579  
0.7235421166306696 0.26373626373626374 0.9113924050632911  
0.7384615384615385 0.27755102040816326 0.9175424413904608  
0.6742081447963801 0.2357563850687623 0.9195775792038993  
0.7529691211401425 0.2593283582089552 0.9069387755102041  
0.7218225419664268 0.23017408123791103 0.9126602564102564  
0.7416666666666667 0.24632352941176472 0.9196891191709845  
0.7244655581947743 0.24196597353497165 0.9253246753246753  
0.746 0.25614754098360654 0.9254606365159129  
0.7146067415730337 0.2623574144486692 0.925681255161024  
0.7717948717948718 0.24434389140271492 0.8955555555555555  
0.6970338983050848 0.25054466230936817 0.9024780175859313  
0.7081545064377682 0.2622601279317697 0.909382518043304  
0.7339055793991416 0.23927765237020315 0.9104477611940298  
0.7745098039215687 0.25754884547069273 0.9240297274979355  
0.7467811158798283 0.27442827442827444 0.9198380566801619  
0.7639198218262806 0.2684310018903592 0.9161129568106312  
0.7765486725663717 0.26778242677824265 0.9041533546325878  
0.716589861751152 0.25147347740667975 0.9055690072639225  
0.7239915074309978 0.2523719165085389 0.9172297297297297  
0.6888412017167382 0.2894168466522678 0.9018355945730248  
0.7483443708609272 0.25100401606425704 0.909017059301381  
0.7791878172588832 0.22743682310469315 0.9043760129659644  
0.7419354838709677 0.25321100917431194 0.909556313993174  
0.7254901960784313 0.26744186046511625 0.9071925754060325  
0.7169042769857433 0.2957446808510638 0.9197379197379197  
0.7951219512195122 0.2324561403508772 0.8928571428571429  
0.7012987012987013 0.2655935613682093 0.8961569910057237  
0.7373271889400922 0.27524752475247527 0.910699919549477  
0.7785888077858881 0.26495726495726496 0.9025326170376056  
0.7482517482517482 0.25919117647058826 0.9114971050454922  
0.7268817204301076 0.2876712328767123 0.9154228855721394  
0.7024291497975709 0.2518939393939394 0.9318965517241379  
0.7644341801385681 0.26260504201680673 0.9080911233307148  
0.721868365180467 0.26215644820295986 0.8966074313408724  
0.7225806451612903 0.25948103792415167 0.9268092105263158  
0.7655502392344498 0.26706827309236947 0.9004739336492891  
0.7027649769585254 0.24825174825174826 0.9302721088435374  
0.722972972972973 0.2615062761506276 0.9119047619047619  
0.7362110311750599 0.25298804780876494 0.9136975455265242  
0.745958429561201 0.2740286298568507 0.9158730158730158  
0.7305122494432071 0.2799043062200957 0.8965779467680608  
0.7575107296137339 0.2673684210526316 0.9105560032232071  
0.7186234817813765 0.2889908256880734 0.9097444089456869  
0.7553444180522565 0.3008658008658009 0.8983833718244804  
0.7330415754923414 0.2857142857142857 0.9242671009771987  
0.7370786516853932 0.26588235294117646 0.8879573170731707  
0.7477064220183486 0.2509881422924901 0.9120967741935484  
0.7253218884120172 0.24750499001996007 0.9102880658436214  
0.740990990990991 0.2802303262955854 0.9186524239934265  
0.7221095334685599 0.2575452716297787 0.9228187919463087  
0.7084233261339092 0.26046511627906976 0.9022498060512025  
0.694560669456067 0.2518796992481203 0.9206484641638225  
0.712742980561555 0.2637571157495256 0.912751677852349  
0.7410071942446043 0.25343811394891946 0.9124203821656051  
0.8170426065162907 0.27115384615384613 0.9026128266033254  
0.7287735849056604 0.28863636363636364 0.9036418816388467  
0.7633928571428571 0.25992063492063494 0.9089430894308943  
0.7369519832985386 0.26037735849056604 0.9266837169650469  
0.710691823899371 0.25626204238921 0.924114671163575  
0.7740384615384616 0.2549407114624506 0.903968253968254  
0.7476851851851852 0.27896995708154504 0.9158878504672897  
0.7521739130434782 0.24260355029585798 0.9209876543209876  
0.7098901098901099 0.25363825363825365 0.9109149277688604  
0.764172335600907 0.24812030075187969 0.9222497932175352  
0.7124463519313304 0.22941176470588234 0.9170812603648425  
0.7148760330578512 0.2806236080178174 0.9063250600480385  
0.7537796976241901 0.24086378737541528 0.9131602506714414  
0.7448453608247423 0.2261682242990654 0.8983320095313742  
0.7130434782608696 0.2475442043222004 0.9167353668590272  
0.7329317269076305 0.23552894211576847 0.9137785291631445  
0.7535211267605634 0.24478178368121442 0.9227013832384052  
0.7351598173515982 0.24439918533604887 0.9106145251396648  
0.676595744680851 0.2784552845528455 0.921311475409836  
0.7303370786516854 0.26174496644295303 0.9100775193798449  
0.7623762376237624 0.2644787644787645 0.9126984126984127  
0.7670329670329671 0.2610619469026549 0.9043137254901961  
0.7103718199608611 0.27350427350427353 0.9318370739817123  
0.7384259259259259 0.2601626016260163 0.9149443561208267  
0.7458432304038005 0.21937842778793418 0.9233937397034596  
0.7703349282296651 0.24947589098532494 0.9083139083139083  
0.7674418604651163 0.2765957446808511 0.9101214574898785  
0.6938775510204082 0.2583479789103691 0.9323241317898486  
0.7299107142857143 0.23853211009174313 0.9075500770416025  
0.7704918032786885 0.2746987951807229 0.9029850746268657  
0.7353629976580797 0.2672413793103448 0.9101471727343144  
0.7394366197183099 0.27555555555555555 0.9088820826952527  
0.7483296213808464 0.234375 0.9172809172809173  
0.751219512195122 0.26229508196721313 0.8948598130841121  
0.7793427230046949 0.2595573440643863 0.9102462271644162  
0.7139784946236559 0.2651356993736952 0.907108239095315  
0.7818181818181819 0.26537785588752194 0.9177524429967426  
0.6923076923076923 0.29280397022332505 0.8918287937743191  
0.7420091324200914 0.28270042194092826 0.9118110236220472  
0.6892430278884463 0.27391304347826084 0.9188524590163935  
0.727069351230425 0.24339622641509434 0.9219917012448133  
0.703862660944206 0.25387596899224807 0.9241666666666667  
0.7315436241610739 0.25274725274725274 0.89765625  
0.7291242362525459 0.2851153039832285 0.9184514003294892  
0.7348314606741573 0.24947589098532494 0.903968253968254  
0.7473903966597077 0.2608695652173913 0.914722445695897  
0.7588832487309645 0.25985663082437277 0.9130081300813008  
0.7431192660550459 0.2714285714285714 0.9283305227655987  
0.7108695652173913 0.25812619502868067 0.9182652210175146  
0.7180722891566265 0.25721153846153844 0.8963730569948186  
0.7057569296375267 0.2615062761506276 0.9036437246963562  
0.6801541425818882 0.2963855421686747 0.9142628205128205  
0.7154989384288747 0.29128440366972475 0.9129411764705883  
0.7367256637168141 0.25384615384615383 0.915702479338843  
0.7777777777777778 0.26862745098039215 0.9066147859922179  
0.6986607142857143 0.28982725527831094 0.9183841714756801  
0.7125890736342043 0.25287356321839083 0.9072398190045249  
0.7600896860986547 0.2494279176201373 0.9014626635873749  
0.7213114754098361 0.2737030411449016 0.919732441471572  
0.7420091324200914 0.24324324324324326 0.9049881235154394  
0.7516198704103672 0.2929936305732484 0.9110576923076923  
0.6813627254509018 0.2447418738049713 0.9310344827586207  
0.7764127764127764 0.2716627634660422 0.8857566765578635  
0.7635933806146572 0.2618595825426945 0.898538961038961  
0.7394366197183099 0.26931106471816285 0.9052466718872357  
0.7591397849462366 0.2781456953642384 0.9106012658227848  
0.6997840172786177 0.23106060606060605 0.9051217464315701  
0.7102137767220903 0.2475442043222004 0.9161341853035144  
0.7113163972286374 0.26264591439688717 0.9182186234817814  
0.7184035476718403 0.24816176470588236 0.9182813816343723  
0.7522522522522522 0.23563218390804597 0.9087171052631579  
0.7412280701754386 0.22289156626506024 0.9193811074918566  
0.7230769230769231 0.2809734513274336 0.8964705882352941  
0.6828193832599119 0.275 0.9174679487179487  
0.7764705882352941 0.244140625 0.9188755020080321  
0.7034632034632035 0.2825112107623318 0.8846153846153846  
0.7995444191343963 0.24334600760456274 0.9170090386195563  
0.729490022172949 0.23577235772357724 0.9176755447941889  
0.6849894291754757 0.2532467532467532 0.9085805934242182  
0.7308641975308642 0.24719101123595505 0.8933933933933934  
0.7188841201716738 0.21223021582733814 0.9275862068965517  
0.7240704500978473 0.2676056338028169 0.919931856899489  
0.723404255319149 0.2526690391459075 0.9239766081871345  
0.7070063694267515 0.26260504201680673 0.9060728744939271  
0.7012195121951219 0.25572519083969464 0.9305317324185248  
0.6837416481069042 0.2783300198807157 0.9154471544715447  
0.7538461538461538 0.25464684014869887 0.9318755256518082  
0.7028824833702882 0.2616279069767442 0.9193415637860082  
0.7281323877068558 0.2553191489361702 0.9069045771916214  
0.7072649572649573 0.2842323651452282 0.911525974025974  
0.7399103139013453 0.25986078886310904 0.8996168582375479  
0.756578947368421 0.26305220883534136 0.9128664495114006  
0.7067209775967414 0.2628992628992629 0.9018691588785047  
0.7753086419753087 0.2618510158013544 0.896551724137931  
0.7117117117117117 0.25826446280991733 0.9082934609250398  
0.765661252900232 0.27706422018348625 0.927860696517413  
0.697228144989339 0.26609442060085836 0.9069767441860465  
0.6997885835095138 0.2770137524557957 0.9308333333333333  
0.7198275862068966 0.279826464208243 0.9029435163086714  
0.7494407158836689 0.25314183123877915 0.9074702886247877  
0.7334851936218679 0.25196850393700787 0.9076923076923077  
0.7553648068669528 0.24791666666666667 0.9207119741100324  
0.7427884615384616 0.2718978102189781 0.9137931034482759  
0.6981891348088531 0.26136363636363635 0.9140562248995984  
0.7125603864734299 0.2621951219512195 0.9122257053291536  
0.7494407158836689 0.2560706401766004 0.9048361934477379  
0.7211328976034859 0.24773960216998192 0.9341880341880342  
0.7617924528301887 0.2710843373493976 0.919047619047619  
0.7303370786516854 0.2528216704288939 0.8887171561051005  
0.7518072289156627 0.28314606741573034 0.903177004538578  
0.7402298850574712 0.2548262548262548 0.9170056956875509  
0.7539503386004515 0.26147704590818366 0.9184168012924071  
0.7522727272727273 0.20903954802259886 0.8992568125516103  
0.6903225806451613 0.2911111111111111 0.9131807419100236  
0.7288503253796096 0.2688888888888889 0.912667191188041  
0.7217391304347827 0.2809734513274336 0.889763779527559  
0.7442922374429224 0.2598870056497175 0.8994229183841714  
0.7249466950959488 0.26173285198555957 0.9318377911993098  
0.754424778761062 0.2537313432835821 0.8992862807295797  
0.7427293064876958 0.26973684210526316 0.9093041438623924  
0.7454954954954955 0.27889447236180903 0.9119402985074627  
0.7729468599033816 0.23578947368421052 0.8986852281515855  
0.7465753424657534 0.24220183486238533 0.9257714762301918  
0.718562874251497 0.2727272727272727 0.9178861788617886  
0.7052401746724891 0.27176220806794055 0.9074221867517956  
0.7458432304038005 0.2876404494382023 0.8943768996960486  
0.7048458149779736 0.25732217573221755 0.9104  
0.6993865030674846 0.23883495145631067 0.9261460101867572  
0.7317596566523605 0.27983539094650206 0.9097560975609756  
0.7408312958435208 0.2791762013729977 0.907185628742515  
0.7051282051282052 0.30528846153846156 0.8936825885978429  
0.734375 0.2648305084745763 0.919175911251981  
0.7537796976241901 0.2841163310961969 0.9033018867924528  
0.7361702127659574 0.28132387706855794 0.9076803723816912  
0.7410071942446043 0.2677165354330709 0.8989657915672236  
0.7436440677966102 0.250501002004008 0.9141205615194055  
0.6881287726358148 0.2805755395683453 0.8958990536277602  
0.75 0.25661914460285135 0.8952071486596264  
0.7139479905437353 0.2622309197651663 0.9086538461538461  
0.7547619047619047 0.2600349040139616 0.911690496215307  
0.7523584905660378 0.2560483870967742 0.9049128367670365  
0.7104166666666667 0.28693790149892934 0.8931174089068826  
0.6991525423728814 0.23826714801444043 0.9290657439446367  
0.7572383073496659 0.25865580448065173 0.9106280193236715  
0.7471526195899773 0.26171875 0.9065800162469537  
0.7288135593220338 0.2602996254681648 0.9214574898785425  
0.676 0.26077097505668934 0.9121676067687349  
0.7482993197278912 0.23507462686567165 0.9228215767634855  
0.751131221719457 0.2793522267206478 0.9052969502407705  
0.710955710955711 0.26327433628318586 0.9008455034588778  
0.7582159624413145 0.27586206896551724 0.9000757002271007  
0.7313084112149533 0.2638623326959847 0.9155158407798538  
0.6673913043478261 0.2741228070175439 0.9067930489731437  
0.6919642857142857 0.2558139534883721 0.9220032840722496  
0.7410071942446043 0.2575452716297787 0.9014195583596214  
0.7476635514018691 0.24863883847549909 0.9268495428096426  
0.7183098591549296 0.2204724409448819 0.9174679487179487  
0.7609195402298851 0.27435387673956263 0.9147909967845659  
0.7215189873417721 0.2549728752260398 0.9298701298701298  
0.6889400921658986 0.25565217391304346 0.9309462915601023  
0.6938775510204082 0.2757201646090535 0.9245439469320066  
0.714902807775378 0.24628450106157113 0.9166666666666666  
0.7158351409978309 0.2618510158013544 0.9006259780907668  
0.7339055793991416 0.2835164835164835 0.9040444091990484  
0.7225806451612903 0.25338491295938104 0.9208333333333333  
0.7421686746987952 0.26043737574552683 0.9082278481012658  
0.7593457943925234 0.2720306513409962 0.9058441558441559  
0.7346938775510204 0.23008849557522124 0.9370748299319728  
0.7961165048543689 0.23293172690763053 0.8985849056603774  
0.7308584686774942 0.2997601918465228 0.8755622188905547  
0.7470997679814385 0.26679841897233203 0.8995983935742972  
0.7451923076923077 0.2375 0.9013266998341625  
0.6868475991649269 0.25149700598802394 0.9267886855241264  
0.7494356659142212 0.2698412698412698 0.91417004048583  
0.7312072892938497 0.27074235807860264 0.9011673151750973  
0.7467811158798283 0.24476987447698745 0.925686591276252  
0.692144373673036 0.2783018867924528 0.9028749028749029  
0.7424593967517401 0.27850877192982454 0.8996138996138996  
0.7534246575342466 0.25096525096525096 0.9257748776508973  
0.7571115973741794 0.271484375 0.9060181368507831  
0.7489451476793249 0.25413223140495866 0.9068627450980392  
0.805352798053528 0.2593856655290102 0.920675105485232  
0.7601809954751131 0.2727272727272727 0.8991466252909232  
0.7233560090702947 0.2575452716297787 0.9268488745980707  
0.7276995305164319 0.25572519083969464 0.8969155844155844  
0.7029702970297029 0.29891304347826086 0.8777692895339955  
0.7603686635944701 0.236084452975048 0.9127954360228199  
0.6930022573363431 0.28817204301075267 0.9050235478806907  
0.7553444180522565 0.26014319809069214 0.88301043219076  
0.7062634989200864 0.25512104283054005 0.9263959390862944  
0.7230769230769231 0.256120527306968 0.9138795986622074  
0.7142857142857143 0.2918918918918919 0.8828297715549005  
0.7139689578713969 0.2899786780383795 0.9072900158478605  
0.7124183006535948 0.2219959266802444 0.926948051948052  
0.7473903966597077 0.2785388127853881 0.8964426877470356  
0.7439293598233996 0.23782771535580524 0.9188284518828452  
0.7286995515695067 0.2822222222222222 0.9004665629860031  
0.7364705882352941 0.2485089463220676 0.9019138755980861  
0.712742980561555 0.27539503386004516 0.9114420062695925  
0.7166666666666667 0.3031578947368421 0.9168704156479217  
0.7413793103448276 0.2739420935412027 0.929866036249015  
0.7052401746724891 0.2580071174377224 0.9337349397590361  
0.7522321428571429 0.28487229862475444 0.9289795918367347  
0.7073170731707317 0.25840336134453784 0.9176276771004942  
0.7413394919168591 0.25869565217391305 0.9022498060512025  
0.7276595744680852 0.26459143968871596 0.9106844741235393  
0.7223427331887202 0.27450980392156865 0.9072900158478605  
0.7348178137651822 0.2958579881656805 0.9187129551227773  
0.6936758893280632 0.25486381322957197 0.9302925989672978  
0.7546728971962616 0.24366471734892786 0.9041095890410958  
0.700228832951945 0.2413793103448276 0.9149632052330335  
0.8116710875331565 0.26419213973799127 0.8901262063845583  
0.6666666666666666 0.2690677966101695 0.9009009009009009  
0.75 0.25416666666666665 0.9181240063593005  
0.6879120879120879 0.2951167728237792 0.9156050955414012  
0.6951219512195121 0.26 0.9153225806451613  
0.6951983298538622 0.30952380952380953 0.9210314262691378  
0.7352297592997812 0.27970297029702973 0.9015897047691143  
0.7354988399071926 0.25697211155378485 0.9159327461969575  
0.7322175732217573 0.2880658436213992 0.909688013136289  
0.7494356659142212 0.24314442413162707 0.915268456375839  
0.7213483146067415 0.23550724637681159 0.9113924050632911  
0.7058823529411765 0.2599118942731278 0.904649330181245  
0.7142857142857143 0.27314814814814814 0.8942084942084942  
0.7772397094430993 0.244122965641953 0.9103618421052632  
0.7783251231527094 0.2587800369685767 0.9182186234817814  
0.7553444180522565 0.29471544715447157 0.9054373522458629  
0.738255033557047 0.24151696606786427 0.9262560777957861  
0.6756238003838771 0.2644135188866799 0.9265975820379966  
0.7357142857142858 0.24444444444444444 0.9165302782324058  
0.6955602536997886 0.2944038929440389 0.9036979969183359  
0.7467248908296943 0.30155210643015523 0.9049489395129615  
0.7494356659142212 0.2721518987341772 0.9067193675889328  
0.7155172413793104 0.2616033755274262 0.9131832797427653  
0.7594654788418709 0.2737556561085973 0.9178931061192874  
0.7015945330296127 0.2532188841201717 0.9083790133124511  
0.7328605200945626 0.25405405405405407 0.9269102990033222  
0.7194092827004219 0.2693877551020408 0.9220032840722496  
0.702755905511811 0.23668639053254437 0.922879177377892  
0.704225352112676 0.2698072805139186 0.9146141215106732  
0.7566964285714286 0.2714285714285714 0.9115755627009646  
0.7659574468085106 0.2789115646258503 0.9059180576631259  
0.702928870292887 0.25328330206378985 0.9231426131511529  
0.7494089834515366 0.2702127659574468 0.9115593483320403  
0.7300469483568075 0.24277456647398843 0.9264349232012935  
0.7307692307692307 0.2956521739130435 0.90703125  
0.7091295116772823 0.2514851485148515 0.906301824212272  
0.7337526205450734 0.2545454545454545 0.9246753246753247  
0.7396963123644251 0.2651356993736952 0.9106280193236715  
0.7589285714285714 0.2997658079625293 0.8959449120122418  
0.7197452229299363 0.27944111776447106 0.9181818181818182  
0.7158836689038032 0.24214417744916822 0.9262981574539364  
0.7460674157303371 0.2605042016806723 0.8992862807295797  
0.7048832271762208 0.2525879917184265 0.9250814332247557  
0.7388535031847133 0.24100719424460432 0.929004329004329  
0.7112970711297071 0.2446601941747573 0.9201009251471826  
0.7111553784860558 0.28 0.9029045643153527  
0.6872340425531915 0.2800875273522976 0.899601593625498  
0.7264770240700219 0.2624113475177305 0.8963133640552995  
0.6985446985446986 0.2505091649694501 0.9066115702479339  
0.7477876106194691 0.2505399568034557 0.9108129439621152  
0.7450980392156863 0.28603603603603606 0.9053948397185301  
0.6844181459566075 0.2676348547717842 0.9111483654652137  
0.7193763919821826 0.3207171314741036 0.9179528838342811  
0.7827102803738317 0.25206611570247933 0.905511811023622  
0.7033195020746889 0.29 0.9023076923076923  
0.740343347639485 0.2550335570469799 0.8991331757289204  
0.7251082251082251 0.2850574712643678 0.9011673151750973  
0.7452631578947368 0.2681992337164751 0.9232067510548523  
0.7759815242494227 0.26904761904761904 0.8976674191121143  
0.755656108597285 0.28752642706131076 0.9052880820836622  
0.7476190476190476 0.26796116504854367 0.909382518043304  
0.7262180974477959 0.2681912681912682 0.9031496062992126  
0.7697674418604651 0.22962962962962963 0.9108910891089109  
0.7472766884531591 0.23799126637554585 0.9027667984189723  
0.744874715261959 0.2680851063829787 0.9151610369206599  
0.722753346080306 0.24947589098532494 0.9170896785109983  
0.7185501066098081 0.31016042780748665 0.8917102315160568  
0.6927966101694916 0.2929936305732484 0.9257465698143664  
0.7403189066059226 0.2799188640973631 0.9016  
0.745575221238938 0.2408256880733945 0.9003091190108191  
0.6950959488272921 0.25942350332594233 0.9064976228209192  
0.7106481481481481 0.2504816955684008 0.9147034930950447  
0.7536231884057971 0.26104417670682734 0.9102362204724409  
0.7132701421800948 0.25396825396825395 0.9354568315171836  
0.7427385892116183 0.27044025157232704 0.9157808667211774  
0.7571428571428571 0.26811594202898553 0.9165289256198347  
0.7130977130977131 0.26810176125244617 0.9235294117647059  
0.7802469135802469 0.27645788336933047 0.9071537290715372  
0.7489177489177489 0.26939655172413796 0.9140127388535032  
0.727710843373494 0.2644787644787645 0.9167333867093675  
0.701123595505618 0.27114967462039047 0.9169278996865203  
0.7161290322580646 0.27640449438202247 0.9174528301886793  
0.7276785714285714 0.22527472527472528 0.9158249158249159  
0.7417943107221007 0.2872340425531915 0.9115537848605577  
0.7563559322033898 0.2545824847250509 0.9310910582444627  
0.76431718061674 0.2531194295900178 0.919451585261354  
0.7488479262672811 0.27555555555555555 0.9098613251155624  
0.6816326530612244 0.26078028747433263 0.9070539419087137  
0.74364896073903 0.265658747300216 0.9175738724727839  
0.6693069306930693 0.29550827423167847 0.9027113237639554  
0.6889763779527559 0.24667931688804554 0.927637314734089  
0.7475490196078431 0.24277456647398843 0.9171314741035856  
0.7517241379310344 0.27941176470588236 0.8984316654219567  
0.7331975560081466 0.26879271070615035 0.9033546325878594  
0.7254901960784313 0.2641509433962264 0.9189406099518459  
0.7224770642201835 0.2671081677704194 0.9218870843000774  
0.75 0.2857142857142857 0.9155158407798538  
0.7780320366132724 0.23674242424242425 0.914543960558751  
0.7360178970917226 0.272108843537415 0.8910355486862442  
0.7296222664015904 0.26976744186046514 0.9199359487590072  
0.7524038461538461 0.268389662027833 0.9176563737133808  
0.7633410672853829 0.26 0.9242298084929226  
0.7894736842105263 0.21772639691714837 0.9025720966484801  
0.7565011820330969 0.2510548523206751 0.9019455252918288  
0.7368421052631579 0.2810304449648712 0.9045419553502695  
0.7218390804597701 0.27766990291262134 0.9196428571428571  
0.7319819819819819 0.27314814814814814 0.8996937212863706  
0.7356076759061834 0.23931623931623933 0.8995983935742972  
0.7334801762114538 0.2623318385650224 0.9009360374414976  
0.7625570776255708 0.26824034334763946 0.8888888888888888  
0.7411504424778761 0.23140495867768596 0.9109149277688604  
0.7393258426966293 0.23032629558541268 0.9136513157894737  
0.742152466367713 0.2653061224489796 0.934001670843776  
0.7229437229437229 0.257847533632287 0.9065934065934066  
0.7202643171806168 0.24366471734892786 0.9061728395061729  
0.6980306345733042 0.27565392354124746 0.9169381107491856  
0.7354988399071926 0.24843423799582465 0.9064465408805031  
0.7840909090909091 0.28077753779697623 0.8983580922595777  
0.6986027944111777 0.2806236080178174 0.9050324675324676  
0.7382978723404255 0.29024390243902437 0.9178187403993856  
0.6910377358490566 0.2710843373493976 0.9111111111111111  
0.7167070217917676 0.2874251497005988 0.9132492113564669  
0.7334801762114538 0.25773195876288657 0.913917940466613  
0.7048832271762208 0.23481781376518218 0.9219391947411668  
0.7093275488069414 0.2518796992481203 0.9167367535744323  
0.7676537585421412 0.244 0.918744971842317  
0.7785888077858881 0.27586206896551724 0.9159327461969575  
0.7345537757437071 0.24324324324324326 0.9117647058823529  
0.7373068432671082 0.2709677419354839 0.8987341772151899  
0.6967213114754098 0.2613390928725702 0.9114541023558083  
0.7070938215102975 0.2742857142857143 0.9311475409836065  
0.7357293868921776 0.2965235173824131 0.9155737704918033  
0.7732426303854876 0.2565130260521042 0.9186795491143317  
0.7546296296296297 0.2543478260869565 0.9007751937984496  
0.7518796992481203 0.2520491803278688 0.9127413127413128  
0.7440347071583514 0.2947103274559194 0.9063444108761329  
0.7330415754923414 0.2725490196078431 0.9209876543209876  
0.7337807606263982 0.26434426229508196 0.9085805934242182  
0.7161572052401747 0.2700892857142857 0.9075235109717869  
0.6876267748478702 0.28935185185185186 0.9093078758949881  
0.7139874739039666 0.25316455696202533 0.9210740439381611  
0.6755218216318786 0.24883720930232558 0.9110204081632653  
0.745575221238938 0.24574669187145556 0.9342214820982515  
0.7876712328767124 0.2291296625222025 0.9297205757832345  
0.695049504950495 0.2584493041749503 0.9403747870528109  
0.7410071942446043 0.22574626865671643 0.9186330349877949  
0.7830188679245284 0.24853228962818003 0.9125902165196471  
0.70276008492569 0.31865284974093266 0.8935849056603774  
0.7672209026128266 0.2527881040892193 0.9149632052330335  
0.754257907542579 0.2644444444444444 0.8902346707040121  
0.7535545023696683 0.25272727272727274 0.9214876033057852  
0.6852248394004282 0.2616033755274262 0.91941982272361  
0.7602905569007264 0.249500998003992 0.8998422712933754  
0.7286324786324786 0.24436741767764297 0.9058927000879508  
0.721030042918455 0.2627599243856333 0.9199663016006739  
0.7483296213808464 0.2396039603960396 0.9120521172638436  
0.7130977130977131 0.28859060402684567 0.9202551834130781  
0.7347368421052631 0.2440944881889764 0.9249374478732277  
0.7011494252873564 0.24022346368715083 0.9367764915405165  
0.7203389830508474 0.23572744014732966 0.9185946872322194  
0.7260869565217392 0.258 0.9198036006546645  
0.7234513274336283 0.2544731610337972 0.9103504482477588  
0.689922480620155 0.24055666003976142 0.9243336199484092  
0.6923076923076923 0.26627218934911245 0.9188524590163935  
0.6768642447418738 0.2722772277227723 0.8988047808764941  
0.7756563245823389 0.26666666666666666 0.9143780290791599  
0.7404761904761905 0.23971377459749552 0.9193682460515378  
0.7488888888888889 0.25851703406813625 0.9067315490673155  
0.6982758620689655 0.25760649087221094 0.9175510204081633  
0.7069351230425056 0.2670940170940171 0.9068666140489345  
0.743421052631579 0.2636165577342048 0.9021310181531176  
0.7588652482269503 0.2633333333333333 0.9413287316652287  
0.726027397260274 0.27232142857142855 0.8958333333333334  
0.7341772151898734 0.26744186046511625 0.8969315499606609  
0.7897196261682243 0.2539404553415061 0.9163144547759933  
0.6673114119922631 0.2903225806451613 0.9258333333333333  
0.745049504950495 0.25137614678899084 0.9188969991889699  
0.7443946188340808 0.24660633484162897 0.89258114374034  
0.7530562347188264 0.24693877551020407 0.8924395946999221  
0.7167755991285403 0.24406047516198703 0.919047619047619  
0.7440758293838863 0.24416517055655296 0.9060681629260183  
0.6884531590413944 0.2483974358974359 0.9235668789808917  
0.7615384615384615 0.2435129740518962 0.9047250193648335  
0.7233115468409586 0.2621145374449339 0.9085894405043341  
0.7384259259259259 0.24652087475149106 0.9246190858059342  
0.7232142857142857 0.22916666666666666 0.9054726368159204  
0.7614678899082569 0.2657200811359026 0.9106145251396648  
0.7268408551068883 0.26666666666666666 0.9156429156429157  
0.7239130434782609 0.2385496183206107 0.9156928213689483  
0.7625272331154684 0.2577092511013216 0.900709219858156  
0.7211328976034859 0.25925925925925924 0.9167340339531124  
0.7128953771289538 0.252 0.9040125885129819  
0.7295285359801489 0.27882599580712786 0.9009216589861752  
0.7128099173553719 0.25504587155963304 0.9219427580225499  
0.7045454545454546 0.24770642201834864 0.8969889064976229  
0.7148846960167715 0.2383612662942272 0.9323630136986302  
0.7519181585677749 0.26591760299625467 0.9124900556881463  
0.7434052757793765 0.25346534653465347 0.9158730158730158  
0.7155555555555555 0.2543103448275862 0.9124605678233438  
0.7699316628701595 0.2505399568034557 0.90546875  
0.7441860465116279 0.24361493123772102 0.9058728881737731  
0.7387387387387387 0.25280898876404495 0.9136212624584718  
0.7439824945295405 0.24721603563474387 0.8996865203761756  
0.755056179775281 0.2554027504911591 0.9096091205211726  
0.7387580299785867 0.2824601366742597 0.9098746081504702  
0.7772397094430993 0.24406047516198703 0.9081163859111792  
0.700218818380744 0.229706390328152 0.9345549738219895  
0.7705314009661836 0.26569037656903766 0.9023255813953488  
0.7517401392111369 0.2378167641325536 0.9087237479806138  
0.6639511201629328 0.2363238512035011 0.9116693679092382  
0.7299771167048055 0.25411334552102377 0.9398998330550918  
0.7283372365339579 0.25691699604743085 0.911128903122498  
0.7295454545454545 0.2608695652173913 0.9199029126213593  
0.7815533980582524 0.26406926406926406 0.8975535168195719  
0.7412587412587412 0.26004728132387706 0.8894736842105263  
0.7346491228070176 0.24429223744292236 0.9130434782608695  
0.7371663244353183 0.26143790849673204 0.9093851132686084  
0.7430555555555556 0.26778242677824265 0.9198113207547169  
0.7170626349892009 0.24680851063829787 0.9039231385108086  
0.7207392197125256 0.23196881091617932 0.9187817258883249  
0.7056451612903226 0.236328125 0.9258943781942078  
0.7381489841986456 0.25609756097560976 0.9077786688051324  
0.6752136752136753 0.2904761904761905 0.901854714064915  
0.7006369426751592 0.26609442060085836 0.9172690763052209  
0.703962703962704 0.263671875 0.9073327961321515  
0.7511627906976744 0.2286902286902287 0.911093627065303  
0.7405764966740577 0.25595238095238093 0.8997555012224939  
0.7152317880794702 0.2819047619047619 0.9169435215946844  
0.692144373673036 0.24470134874759153 0.912751677852349  
0.7319819819819819 0.2708757637474542 0.9165998396150762  
0.7388235294117647 0.25925925925925924 0.9139871382636656  
0.75 0.28118393234672306 0.8985167837626854  
0.751219512195122 0.26534296028880866 0.9211822660098522  
0.7617924528301887 0.24344569288389514 0.9191176470588235  
0.7345537757437071 0.26785714285714285 0.9049153908138597  
0.7285067873303167 0.2628458498023715 0.9165316045380876  
0.7169811320754716 0.259656652360515 0.9128329297820823  
0.7553444180522565 0.2571428571428571 0.9158143194335169  
0.7115789473684211 0.2706333973128599 0.924114671163575  
0.7189542483660131 0.2631578947368421 0.904498816101026  
0.7312072892938497 0.22950819672131148 0.9035856573705179  
0.7536842105263157 0.30148619957537154 0.9093851132686084  
0.7319819819819819 0.24740124740124741 0.9196499602227526  
0.6743295019157088 0.273542600896861 0.9102141680395387  
0.7264770240700219 0.2808219178082192 0.9013209013209014  
0.7305263157894737 0.2629399585921325 0.9052287581699346  
0.7204968944099379 0.26054590570719605 0.9035493827160493  
0.7191011235955056 0.24125874125874125 0.9244635193133047  
0.7406542056074766 0.292 0.916267942583732  
0.7392344497607656 0.26475849731663686 0.9178423236514522  
0.7112526539278131 0.26291079812206575 0.91284046692607  
0.7549668874172185 0.2850574712643678 0.8972179289026275  
0.7489177489177489 0.29774127310061604 0.9099756690997567  
0.7607758620689655 0.2693156732891832 0.908300395256917  
0.7511210762331838 0.2693877551020408 0.9125200642054575  
0.6992337164750958 0.27897838899803534 0.9209383145091226  
0.7541371158392435 0.25252525252525254 0.9193037974683544  
0.7094017094017094 0.26021505376344084 0.9135308246597278  
0.7619047619047619 0.31683168316831684 0.9134304207119741  
0.7546728971962616 0.2459349593495935 0.9057052297939778  
0.6241610738255033 0.26327433628318586 0.9197530864197531  
0.7593818984547461 0.2289156626506024 0.9130787977254264  
0.7516629711751663 0.2736625514403292 0.9108433734939759  
0.7741176470588236 0.2840909090909091 0.8899012908124525  
0.7307692307692307 0.2808988764044944 0.9180457052797478  
0.7476635514018691 0.27702702702702703 0.9030534351145039  
0.7236286919831224 0.24696356275303644 0.9151565074135091  
0.698744769874477 0.2757201646090535 0.9236453201970444  
0.7168539325842697 0.2422145328719723 0.9188955996548749  
0.7505938242280285 0.27348643006263046 0.9040561622464899  
0.7313084112149533 0.2830188679245283 0.9075959279561472  
0.7494356659142212 0.2857142857142857 0.8889722430607652  
0.7368421052631579 0.2421875 0.9213300892133008  
0.7783132530120482 0.2765957446808511 0.9192  
0.7591743119266054 0.2806603773584906 0.9024205748865356  
0.750561797752809 0.25925925925925924 0.9003831417624522  
0.6961770623742455 0.26534653465346536 0.938135593220339  
0.7380410022779044 0.2430939226519337 0.9091666666666667  
0.7110187110187111 0.26666666666666666 0.892271662763466  
0.7568181818181818 0.2618510158013544 0.9030023094688222  
0.7533632286995515 0.2549800796812749 0.906807131280389  
0.7172557172557172 0.278118609406953 0.9051155115511551  
0.7448275862068966 0.24411134903640258 0.9109375  
0.7162162162162162 0.2581967213114754 0.9112  
0.7418655097613883 0.2515463917525773 0.9101941747572816  
0.7460674157303371 0.2857142857142857 0.9137254901960784  
0.6750524109014675 0.2744630071599045 0.9090202177293935  
0.7136659436008677 0.28725701943844495 0.8990461049284578  
0.7172557172557172 0.24242424242424243 0.9120258272800645  
0.7085201793721974 0.27765726681127983 0.912156862745098  
0.7336065573770492 0.28665207877461707 0.9240097008892482  
0.745575221238938 0.25366876310272535 0.9010375099760575  
0.7365010799136069 0.2554112554112554 0.9005568814638027  
0.7440860215053764 0.2700587084148728 0.912106135986733  
0.7464788732394366 0.23715415019762845 0.9072  
0.7066974595842956 0.2412280701754386 0.9040989945862336  
0.7044534412955465 0.25 0.9320388349514563  
0.7517241379310344 0.2777777777777778 0.9069585613760751  
0.7346491228070176 0.2788844621513944 0.9183006535947712  
0.7658536585365854 0.2478031634446397 0.9310058187863675  
0.7283372365339579 0.2400793650793651 0.9272581934452439  
0.7341772151898734 0.26215644820295986 0.9076923076923077  
0.7471783295711061 0.2802303262955854 0.9137931034482759  
0.7769423558897243 0.29375 0.8979278587874137  
0.7220902612826603 0.27442827442827444 0.9078125  
0.7188208616780045 0.24758220502901354 0.9150326797385621  
0.7478448275862069 0.27346938775510204 0.9161237785016286  
0.6857142857142857 0.2729124236252546 0.9275603663613655  
0.7326086956521739 0.2495164410058027 0.921161825726141  
0.7164179104477612 0.22690763052208834 0.9193415637860082  
0.784503631961259 0.2642369020501139 0.9  
0.7663551401869159 0.26450116009280744 0.9017384731670446  
0.7002012072434608 0.2770137524557957 0.9243197278911565  
0.731764705882353 0.26043737574552683 0.9210526315789473  
0.7222222222222222 0.25260960334029225 0.9032258064516129  
0.7562642369020501 0.251685393258427 0.9052388289676425  
0.7424593967517401 0.2603305785123967 0.8863456985003947  
0.7526427061310782 0.30985915492957744 0.8955572876071707  
0.7357630979498861 0.26126126126126126 0.92003367003367  
0.7527352297592997 0.2880184331797235 0.9093725793958172  
0.7201834862385321 0.26732673267326734 0.9081385979049154  
0.7233560090702947 0.22873345935727787 0.9249174917491749  
0.7211538461538461 0.25535714285714284 0.9162520729684909  
0.7293868921775899 0.2623574144486692 0.9120879120879121  
0.7164835164835165 0.2690677966101695 0.9099601593625498  
0.7343096234309623 0.2986425339366516 0.9080824088748018  
0.7636363636363637 0.24898785425101214 0.9002302379125096  
0.7376681614349776 0.25812619502868067 0.9241549876339654  
0.7084282460136674 0.2613861386138614 0.9119547657512116  
0.7440758293838863 0.26096997690531176 0.9035418236623964  
0.7155172413793104 0.25595238095238093 0.9209225700164745  
0.7069306930693069 0.2680851063829787 0.903893951946976  
0.7194570135746606 0.26434426229508196 0.9033546325878594  
0.7528089887640449 0.271264367816092 0.9124423963133641  
0.7370786516853932 0.3059360730593607 0.8899153194765204  
0.7583892617449665 0.27655310621242485 0.912621359223301  
0.740909090909091 0.24842105263157896 0.9052880820836622  
0.7189542483660131 0.28735632183908044 0.8951863354037267  
0.7108433734939759 0.27586206896551724 0.9095276220976781  
0.7489082969432315 0.24064171122994651 0.9234737747205503  
0.734341252699784 0.2595573440643863 0.9263502454991817  
0.7459954233409611 0.22524271844660193 0.9186991869918699  
0.748792270531401 0.2902542372881356 0.8996913580246914  
0.7268722466960352 0.2667910447761194 0.9110738255033557  
0.7372093023255814 0.2819047619047619 0.9136104319478403  
0.746268656716418 0.2388663967611336 0.8981337480559876  
0.6875 0.2549407114624506 0.9147157190635451  
0.7437070938215103 0.2594059405940594 0.9185483870967742  
0.7336448598130841 0.27149321266968324 0.8925304878048781  
0.7544642857142857 0.2857142857142857 0.8955916473317865  
0.7619047619047619 0.3048245614035088 0.9003891050583658  
0.7577777777777778 0.2880184331797235 0.9052388289676425  
0.7381974248927039 0.28451882845188287 0.9159935379644588  
0.7461706783369803 0.2363238512035011 0.9085173501577287  
0.7763819095477387 0.2596685082872928 0.9153908138597905  
0.7098901098901099 0.2767676767676768 0.9261363636363636  
0.7669172932330827 0.23946360153256704 0.901665344964314  
0.7324263038548753 0.26534296028880866 0.9233361415332771  
0.7814070351758794 0.23232323232323232 0.9243697478991597  
0.7386609071274298 0.28289473684210525 0.8939034045922407  
0.7197309417040358 0.2375 0.9148089171974523  
0.7175925925925926 0.22887323943661972 0.9103214890016921  
0.6782608695652174 0.26720647773279355 0.9128664495114006  
0.7086956521739131 0.251865671641791 0.9333895446880269  
0.7407407407407407 0.2585034013605442 0.8946957878315133  
0.7268408551068883 0.26838235294117646 0.9219391947411668  
0.7242105263157895 0.21775898520084566 0.8970826580226904  
0.7477064220183486 0.2767676767676768 0.9128697042366107  
0.7621247113163973 0.2511013215859031 0.8934362934362934  
0.7004716981132075 0.2894736842105263 0.9011075949367089  
0.7432432432432432 0.2359081419624217 0.9078633836378078  
0.7168539325842697 0.2816326530612245 0.8989574979951884  
0.7587822014051522 0.26407766990291265 0.9024193548387097  
0.7505668934240363 0.27756653992395436 0.922633744855967  
0.7684964200477327 0.26294820717131473 0.9032513877874703  
0.7139830508474576 0.2543689320388349 0.9213389121338912  
0.751219512195122 0.2509157509157509 0.9216965742251223  
0.6820175438596491 0.28600823045267487 0.9193548387096774  
0.76 0.26582278481012656 0.9127045985970382  
0.6924731182795699 0.26455026455026454 0.8969380134428678  
0.7473233404710921 0.26697892271662765 0.9099378881987578  
0.7600950118764845 0.24335378323108384 0.9080188679245284  
0.7314410480349345 0.2869022869022869 0.9219629927594529  
0.680089485458613 0.23828125 0.9231398201144726  
0.7350230414746544 0.25304136253041365 0.8930441286462228  
0.7429193899782135 0.2465277777777778 0.9354838709677419  
0.7254464285714286 0.2719836400817996 0.9100401606425703  
0.7575 0.23952095808383234 0.9024199843871975  
0.7142857142857143 0.2564102564102564 0.9089456869009584  
0.7597254004576659 0.22633744855967078 0.9054805401111994  
0.7145833333333333 0.22095238095238096 0.9286321155480034  
0.7163865546218487 0.25636363636363635 0.9455017301038062  
0.740139211136891 0.27218934911242604 0.9091639871382636  
0.7516930022573364 0.25918367346938775 0.8951160928742994  
0.724669603524229 0.24678111587982832 0.9072900158478605  
0.7494089834515366 0.2769857433808554 0.9022082018927445  
0.7161572052401747 0.26526315789473687 0.9023218574859888  
0.7108167770419426 0.24903474903474904 0.9157720891824938  
0.7783251231527094 0.2466281310211946 0.9013524264120922  
0.7126948775055679 0.2606060606060606 0.925686591276252  
0.7124183006535948 0.26582278481012656 0.9087269815852682  
0.7505773672055427 0.27293577981651373 0.8948971820258949  
0.7853535353535354 0.27956989247311825 0.8932626797880394  
0.7378435517970402 0.24550898203592814 0.9254966887417219  
0.7380952380952381 0.2697095435684647 0.9143780290791599  
0.7450980392156863 0.2490118577075099 0.9061514195583596  
0.7093275488069414 0.2762312633832976 0.9114832535885168  
0.7676537585421412 0.2621184919210054 0.9165261382799326  
0.6978260869565217 0.24652087475149106 0.9064807219031994  
0.7223476297968398 0.275626423690205 0.9130769230769231  
0.7556053811659192 0.25225225225225223 0.9156346749226006  
0.7443762781186094 0.2721774193548387 0.9164578111946533  
0.774818401937046 0.26515151515151514 0.9057211925866236  
0.7342799188640974 0.2839248434237996 0.9107438016528926  
0.7329059829059829 0.2138728323699422 0.9146443514644351  
0.7334801762114538 0.2665406427221172 0.9291075896580484  
0.6744186046511628 0.22916666666666666 0.9271803556308214  
0.6904761904761905 0.25957446808510637 0.9304635761589404  
0.7301587301587301 0.25240384615384615 0.8830188679245283  
0.7510460251046025 0.23735408560311283 0.9243697478991597  
0.7020316027088036 0.24665391969407266 0.9144736842105263  
0.7788697788697788 0.26380368098159507 0.8989113530326595  
0.7285067873303167 0.27111111111111114 0.9031007751937985  
0.74375 0.26326530612244897 0.9133663366336634  
0.7552447552447552 0.22540250447227192 0.9137353433835846  
0.7610837438423645 0.24214417744916822 0.9190283400809717  
0.726890756302521 0.2675438596491228 0.8968  
0.7200956937799043 0.2799188640973631 0.9142407553107789  
0.7482678983833718 0.2619047619047619 0.8958818958818959  
0.7169373549883991 0.291220556745182 0.9057632398753894  
0.7734553775743707 0.23371647509578544 0.9100572363041701  
0.7260579064587973 0.26810176125244617 0.9312602291325696  
0.7094594594594594 0.2791666666666667 0.9069952305246423  
0.7324263038548753 0.2669404517453799 0.905103668261563  
0.7336343115124153 0.2582781456953642 0.8973561430793157  
0.7767220902612827 0.23734729493891799 0.9234006734006734  
0.7494145199063232 0.2599118942731278 0.8993082244427364  
0.7320574162679426 0.22990654205607478 0.9104963384865744  
0.7347417840375586 0.23667377398720682 0.9184149184149184  
0.7584650112866818 0.28385899814471244 0.9316666666666666  
0.7371937639198218 0.2662473794549266 0.9179936305732485  
0.7465753424657534 0.2813765182186235 0.9088  
0.7245370370370371 0.2543478260869565 0.8968992248062015  
0.7563218390804598 0.24675324675324675 0.9081712062256809  
0.717439293598234 0.2468354430379747 0.9051792828685259  
0.704225352112676 0.2847222222222222 0.9162011173184358  
0.7331887201735358 0.2863247863247863 0.9177972865123704  
0.7402912621359223 0.2621951219512195 0.8982785602503912  
0.7425531914893617 0.259047619047619 0.9199663016006739  
0.7316017316017316 0.25925925925925924 0.9154929577464789  
0.7717647058823529 0.24282560706401765 0.8957055214723927  
0.7420091324200914 0.26495726495726496 0.8918495297805643  
0.7043478260869566 0.3082191780821918 0.9088785046728972  
0.7471264367816092 0.24682395644283123 0.9239130434782609  
0.7764705882352941 0.26595744680851063 0.898989898989899  
0.7913669064748201 0.2874493927125506 0.9063729346970889  
0.7158836689038032 0.23495145631067962 0.9131147540983606  
0.7268722466960352 0.2944915254237288 0.9060509554140127  
0.7637614678899083 0.26881720430107525 0.9055425448868072  
0.7408207343412527 0.2962962962962963 0.903968253968254  
0.7546728971962616 0.2648870636550308 0.9187056037884768  
0.698744769874477 0.2439516129032258 0.9288079470198676  
0.7242152466367713 0.286783042394015 0.898876404494382  
0.740909090909091 0.2616407982261641 0.8915569326103796  
0.7149321266968326 0.24259259259259258 0.91  
0.7205240174672489 0.2552083333333333 0.931184668989547  
0.7438202247191011 0.2525879917184265 0.8971291866028708  
0.7344110854503464 0.2567287784679089 0.9107424960505529  
0.7478448275862069 0.27788649706457924 0.9130074565037283  
0.7922705314009661 0.25379609544468545 0.8959449120122418  
0.6492248062015504 0.2954091816367265 0.9184549356223176  
0.7848101265822784 0.2510460251046025 0.891520244461421  
0.737417943107221 0.23091603053435114 0.9200666111573689  
0.739514348785872 0.2818627450980392 0.8917486752460257  
0.7184684684684685 0.25948103792415167 0.9029911075181891  
0.7482517482517482 0.2754158964879852 0.9298679867986799  
0.7068607068607069 0.2517482517482518 0.9056603773584906  
0.6746203904555315 0.25308641975308643 0.9093117408906882  
0.7531380753138075 0.2644444444444444 0.9074960127591707  
0.7182448036951501 0.25092250922509224 0.9188069594034797  
0.8123456790123457 0.26105263157894737 0.9009216589861752  
0.7572115384615384 0.2839248434237996 0.8951048951048951  
0.7133620689655172 0.2620689655172414 0.9150428682774747  
0.759090909090909 0.2605042016806723 0.9044233807266983  
0.723175965665236 0.26785714285714285 0.9061514195583596  
0.7522935779816514 0.20557491289198607 0.9206484641638225  
0.7128309572301426 0.25824175824175827 0.9344978165938864  
0.7109207708779444 0.2688679245283019 0.9124709527498064  
0.6977225672877847 0.26136363636363635 0.9118347895154885  
0.7069672131147541 0.2572533849129594 0.9184367034834324  
0.7605985037406484 0.2586520947176685 0.9082792207792207  
0.7276785714285714 0.25792811839323465 0.9024583663758922  
0.7235421166306696 0.25925925925925924 0.9219677692960135  
0.7652811735941321 0.2589641434262948 0.898505114083399  
0.7049180327868853 0.25661914460285135 0.9110556940980881  
0.7360178970917226 0.2745490981963928 0.9174757281553398  
0.7031963470319634 0.26846846846846845 0.9209419680403701  
0.7643020594965675 0.24691358024691357 0.9181890389197777  
0.7315270935960592 0.22950819672131148 0.8959627329192547  
0.7255813953488373 0.2898876404494382 0.918133129303749  
0.734375 0.2966507177033493 0.8951367781155015  
0.7142857142857143 0.2585034013605442 0.8917246713070379  
0.7211740041928721 0.2710843373493976 0.9270919635459818  
0.7230769230769231 0.248565965583174 0.9161129568106312  
0.7264770240700219 0.2495164410058027 0.9139072847682119  
0.7264770240700219 0.26593406593406593 0.9086614173228347  
0.7346938775510204 0.24729241877256317 0.9292333614153327  
0.7259100642398287 0.28693790149892934 0.9038461538461539  
0.7064220183486238 0.2917647058823529 0.894776684330053  
0.6757322175732218 0.22527472527472528 0.9231433506044905  
0.7408993576017131 0.27125506072874495 0.9058149058149059  
0.7612612612612613 0.2669683257918552 0.9112654320987654  
0.7457627118644068 0.23591549295774647 0.925895087427144  
0.7633410672853829 0.2836438923395445 0.9116719242902208  
0.7331786542923434 0.26401869158878505 0.8881330309901738  
0.7715736040609137 0.2607913669064748 0.922077922077922  
0.7505285412262156 0.2634508348794063 0.9213675213675213  
0.6857142857142857 0.2495511669658887 0.9409691629955947  
0.7133333333333334 0.24586776859504134 0.9110576923076923  
0.7142857142857143 0.2716297786720322 0.9139784946236559  
0.6989473684210527 0.26931106471816285 0.9063517915309446  
0.7328918322295805 0.2851063829787234 0.9046862589356632  
0.7002053388090349 0.2396694214876033 0.925681255161024  
0.7596371882086168 0.26156941649899396 0.9067524115755627  
0.7390350877192983 0.24304267161410018 0.9250210614995787  
0.7438752783964365 0.265625 0.9148239148239148  
0.6808943089430894 0.2646420824295011 0.9137510170870626  
0.7115384615384616 0.24750499001996007 0.9002473206924979  
0.6953781512605042 0.27136752136752135 0.8925686591276252  
0.667910447761194 0.26573426573426573 0.9260476581758422  
0.705765407554672 0.26714801444043323 0.9315555555555556  
0.7636363636363637 0.2906178489702517 0.8963235294117647  
0.7915690866510539 0.2597402597402597 0.9017788089713844  
0.7449664429530202 0.25164113785557984 0.8998435054773083  
0.7336244541484717 0.30751708428246016 0.8980544747081712  
0.7424593967517401 0.23782771535580524 0.913722267871816  
0.7163265306122449 0.2300380228136882 0.9262435677530018  
0.7300215982721382 0.24892703862660945 0.9066241021548284  
0.6726190476190477 0.25047801147227533 0.9186147186147187  
0.726457399103139 0.26 0.9082426127527217  
0.7118997912317327 0.28043478260869564 0.9042638777152051  
0.698876404494382 0.24151696606786427 0.9288025889967637  
0.7765237020316027 0.2553648068669528 0.9010212097407698  
0.7305122494432071 0.2817204301075269 0.9140378548895899  
0.7351598173515982 0.2623655913978495 0.9163408913213448  
0.7292161520190024 0.23440453686200377 0.922077922077922  
0.7675544794188862 0.26022304832713755 0.9293257514216084  
0.7763819095477387 0.24955436720142601 0.9092395748160261  
0.6820809248554913 0.257201646090535 0.9243840271877655  
0.7551020408163265 0.2597938144329897 0.910031847133758  
0.7482352941176471 0.2695984703632887 0.9116693679092382  
0.7654320987654321 0.25054466230936817 0.8786039453717754  
0.7681498829039812 0.29156626506024097 0.8925373134328358  
0.7553956834532374 0.2931937172774869 0.8872017353579176  
0.68359375 0.2793017456359102 0.9038613081166272  
0.7086092715231788 0.24691358024691357 0.9034593724859211  
0.7145969498910676 0.22826086956521738 0.9214346712211785  
0.6997885835095138 0.2800829875518672 0.9176854115729421  
0.7139588100686499 0.24535315985130113 0.9154929577464789  
0.720620842572062 0.27313769751693 0.9083850931677019  
0.7048832271762208 0.2326086956521739 0.9072741806554756  
0.7200854700854701 0.26380368098159507 0.9126530612244897  
0.6948453608247422 0.2567849686847599 0.9220032840722496  
0.7670588235294118 0.2591240875912409 0.9230769230769231  
0.7610619469026548 0.30317848410757947 0.9129447388342165  
0.801909307875895 0.2505263157894737 0.9006211180124224  
0.7451820128479657 0.2610619469026549 0.9081551860649247  
0.7108167770419426 0.270509977827051 0.8990610328638498  
0.7654320987654321 0.27251732101616627 0.9010416666666666  
0.7266355140186916 0.2410358565737052 0.9089456869009584  
0.7465437788018433 0.2740286298568507 0.9007148530579825  
0.7227272727272728 0.2413793103448276 0.901300688599847  
0.774712643678161 0.28846153846153844 0.8925619834710744  
0.7345132743362832 0.2932692307692308 0.9094368340943684  
0.7017167381974249 0.2826552462526767 0.9071257005604484  
0.7735849056603774 0.26037735849056604 0.9047231270358306  
0.7181069958847737 0.2655935613682093 0.9241034195162635  
0.751219512195122 0.244 0.9119496855345912  
0.7433035714285714 0.24691358024691357 0.9174679487179487  
0.7398568019093079 0.23741007194244604 0.9163214581607291  
0.7369519832985386 0.25842696629213485 0.9077901430842608  
0.7155361050328227 0.2710084033613445 0.911929543634908  
0.7475 0.27087198515769945 0.912308930008045  
0.7379912663755459 0.2621145374449339 0.9204724409448819  
0.7194092827004219 0.2658486707566462 0.9155045118949959  
0.7623318385650224 0.2938856015779093 0.9088689991863304  
0.7386363636363636 0.28118393234672306 0.9101654846335697  
0.7050209205020921 0.26785714285714285 0.8925304878048781  
0.70625 0.2892057026476578 0.9232039636663915  
0.7203065134099617 0.2688888888888889 0.9057851239669421  
0.7130434782608696 0.25626204238921 0.9334995843724023  
0.7410926365795725 0.2604166666666667 0.9133489461358314  
0.7718120805369127 0.2816326530612245 0.9092369477911647  
0.6985446985446986 0.22920892494929007 0.9039735099337748  
0.7222222222222222 0.26011560693641617 0.9098294069861901  
0.7359413202933985 0.2619047619047619 0.9119804400977995  
0.7494305239179955 0.2619047619047619 0.9181286549707602  
0.7493917274939172 0.25357142857142856 0.9075144508670521  
0.717391304347826 0.2250996015936255 0.9254098360655738  
0.7231121281464531 0.2748414376321353 0.9095911949685535  
0.7353689567430025 0.27906976744186046 0.9012158054711246  
0.7439293598233996 0.2834331337325349 0.9136807817589576  
0.7146017699115044 0.2657200811359026 0.9215844785772029  
0.7552447552447552 0.2581818181818182 0.9210307564422278  
0.7688888888888888 0.25089605734767023 0.9207836456558773  
0.7699530516431925 0.26148409893992935 0.9235294117647059  
0.765661252900232 0.246 0.9040767386091128  
0.7004504504504504 0.2467289719626168 0.9226932668329177  
0.6890243902439024 0.2658486707566462 0.9192339716902581  
0.7740492170022372 0.26961770623742454 0.9184168012924071  
0.7526652452025586 0.259958071278826 0.9215210355987055  
