0.6393805309734514 0.7230769230769231 0.7661237785016287  
0.6226012793176973 0.7487179487179487 0.7364953886693018  
0.7151767151767152 0.6122448979591837 0.7681063122923588  
0.691304347826087 0.7247191011235955 0.7428756476683938  
0.6876355748373102 0.6648936170212766 0.7325505544683627  
0.6916666666666667 0.6494845360824743 0.7659151193633952  
0.6971677559912854 0.7966101694915254 0.703104786545925  
0.6951983298538622 0.6073298429319371 0.7394179894179894  
0.6618556701030928 0.6951871657754011 0.7364238410596027  
0.6962305986696231 0.7802197802197802 0.7159457714654616  
0.6897321428571429 0.5678391959798995 0.7596091205211727  
0.6285097192224622 0.7244897959183674 0.7367038739330269  
0.7354166666666667 0.6256684491978609 0.7287128712871287  
0.6898047722342733 0.7421052631578947 0.736120182887002  
0.6919831223628692 0.7011494252873564 0.7529335071707953  
0.6855983772819473 0.7396449704142012 0.7335526315789473  
0.6835699797160243 0.656084656084656 0.7453333333333333  
0.7067833698030634 0.6878048780487804 0.7486842105263158  
0.6963906581740976 0.6956521739130435 0.7445972495088409  
0.7162698412698413 0.6467065868263473 0.7438782263401721  
0.7002141327623126 0.7252747252747253 0.7084148727984344  
0.688 0.603448275862069 0.7785145888594165  
0.6701680672268907 0.7034883720930233 0.7542372881355932  
0.7023060796645703 0.7393617021276596 0.7442320369149638  
0.7094188376753507 0.6931216931216931 0.7717536813922357  
0.6777546777546778 0.6739130434782609 0.7356624917600527  
0.7079107505070994 0.6084656084656085 0.7826666666666666  
0.6796536796536796 0.6772486772486772 0.7485303723056825  
0.676056338028169 0.5965909090909091 0.7998674618952949  
0.7358078602620087 0.6274509803921569 0.7532894736842105  
0.6947368421052632 0.7258064516129032 0.7383300460223537  
0.7430406852248393 0.6275510204081632 0.7103357472021067  
0.6959183673469388 0.671957671957672 0.7558216899534265  
0.7239263803680982 0.6741573033707865 0.7122112211221122  
0.7154811715481172 0.6875 0.7427248677248677  
0.6855345911949685 0.7096774193548387 0.7439104674127716  
0.7241379310344828 0.6881720430107527 0.7418496340652029  
0.7051792828685259 0.6402116402116402 0.7739771965124078  
0.6987179487179487 0.7311827956989247 0.7539267015706806  
0.698744769874477 0.656084656084656 0.7478547854785479  
0.7036247334754797 0.726775956284153 0.7405228758169935  
0.6987179487179487 0.7243243243243244 0.7200784826684107  
0.7124463519313304 0.6751269035532995 0.7445687952600395  
0.7254098360655737 0.6939890710382514 0.7339510258107214  
0.704954954954955 0.6702702702702703 0.7359948486799742  
0.7039473684210527 0.640625 0.7385919165580183  
0.7264957264957265 0.7486910994764397 0.7340774786605384  
0.7364016736401674 0.6269430051813472 0.7504963600264726  
0.6553911205073996 0.6388888888888888 0.7848266841072596  
0.7567567567567568 0.7539267015706806 0.7185430463576159  
0.6864035087719298 0.6294416243654822 0.7697841726618705  
0.6850220264317181 0.7128205128205128 0.7214611872146118  
0.7107438016528925 0.6276595744680851 0.7615894039735099  
0.6624472573839663 0.5952380952380952 0.7716955941255007  
0.7321063394683026 0.7070063694267515 0.70703125  
0.7243589743589743 0.7368421052631579 0.7191601049868767  
0.6876267748478702 0.7303370786516854 0.7564526803441429  
0.6687898089171974 0.6737967914438503 0.7795275590551181  
0.7053763440860215 0.6510416666666666 0.7304918032786886  
0.6921487603305785 0.7193877551020408 0.715046604527297  
0.7004310344827587 0.7135135135135136 0.7129810828440966  
0.7415966386554622 0.6748768472906403 0.7059214903526281  
0.6543478260869565 0.75 0.7332896461336829  
0.693446088794926 0.6684491978609626 0.7536136662286466  
0.691089108910891 0.6864864864864865 0.7151474530831099  
0.7075268817204301 0.66 0.7145682267633487  
0.6947791164658634 0.7405405405405405 0.715143428952635  
0.7 0.7373737373737373 0.7198162729658792  
0.6850220264317181 0.7365853658536585 0.7393302692055155  
0.6905737704918032 0.6831683168316832 0.7607238605898123  
0.6884210526315789 0.6810810810810811 0.7339027595269383  
0.724669603524229 0.7005347593582888 0.7216093445814407  
0.6835164835164835 0.6914893617021277 0.7270955165692008  
0.6923076923076923 0.622093023255814 0.7614795918367347  
0.7270788912579957 0.6767676767676768 0.7372937293729372  
0.7197452229299363 0.6172248803827751 0.7882822902796272  
0.6652631578947369 0.7801047120418848 0.7150395778364116  
0.6954732510288066 0.5519125683060109 0.7699933906146729  
0.7213822894168467 0.6502463054187192 0.7572559366754618  
0.7188841201716738 0.6684782608695652 0.7571801566579635  
0.6942675159235668 0.7083333333333334 0.7300855826201448  
0.6980728051391863 0.625615763546798 0.7367724867724867  
0.7145877378435518 0.6212121212121212 0.7498345466578424  
0.7347826086956522 0.6808510638297872 0.7444589308996089  
0.6653061224489796 0.6089108910891089 0.7604026845637584  
0.6943231441048034 0.7010309278350515 0.7450980392156863  
0.663135593220339 0.6161616161616161 0.7744708994708994  
0.7181069958847737 0.6827956989247311 0.7549668874172185  
0.7575757575757576 0.711864406779661 0.7433570965651328  
0.6772908366533864 0.6923076923076923 0.7265993265993266  
0.7276595744680852 0.7135416666666666 0.7269736842105263  
0.6962025316455697 0.6480446927374302 0.7638979725310661  
0.7315010570824524 0.6062176165803109 0.7618733509234829  
0.7167019027484144 0.6802030456852792 0.7261904761904762  
0.6838709677419355 0.6701030927835051 0.7439264609323704  
0.6789366053169734 0.7593582887700535 0.7383798140770252  
0.6741344195519349 0.6907216494845361 0.7481629926519706  
0.7049891540130152 0.7243243243243244 0.7259114583333334  
0.7172557172557172 0.765625 0.7216699801192843  
0.6846307385229541 0.6787564766839378 0.7473118279569892  
0.7109207708779444 0.6794258373205742 0.7204515272244356  
0.6741803278688525 0.6557377049180327 0.7346128391793514  
0.6616052060737527 0.6927083333333334 0.7429692609548725  
0.6985446985446986 0.6938775510204082 0.7375415282392026  
0.6209850107066381 0.6902173913043478 0.7648595689092097  
0.7120535714285714 0.6456310679611651 0.731020942408377  
0.7046413502109705 0.6836158192090396 0.7687785760940562  
0.6537634408602151 0.6129032258064516 0.7655127367733507  
0.7039337474120083 0.7074468085106383 0.7756452680344142  
0.7253668763102725 0.7010869565217391 0.7416173570019724  
0.6770833333333334 0.6974358974358974 0.7358991373589914  
0.6652631578947369 0.6767676767676768 0.7495029821073559  
0.6936170212765957 0.6203208556149733 0.7586885245901639  
0.7025316455696202 0.680628272251309 0.7455504284772577  
0.7 0.6649214659685864 0.7928994082840237  
0.7104166666666667 0.6631016042780749 0.7491749174917491  
0.7046413502109705 0.67 0.75  
0.702258726899384 0.6804733727810651 0.7490170380078637  
0.6274900398406374 0.7081081081081081 0.7311036789297659  
0.6979166666666666 0.6382978723404256 0.7529722589167768  
0.6989473684210527 0.657608695652174 0.7307944845699278  
0.7030927835051546 0.6185567010309279 0.7624750499001997  
0.6995798319327731 0.6461538461538462 0.7114493712772998  
0.7 0.6217616580310881 0.7421087978509067  
0.6907216494845361 0.6417112299465241 0.7629139072847683  
0.7148936170212766 0.6974358974358974 0.7481872116018458  
0.654945054945055 0.6629834254143646 0.7322121604139715  
0.6788008565310493 0.7164948453608248 0.7304404996712689  
0.6629955947136564 0.6363636363636364 0.7391304347826086  
0.712 0.7165775401069518 0.7123745819397993  
0.673289183222958 0.7032967032967034 0.7369101486748546  
0.7430278884462151 0.7267441860465116 0.7327586206896551  
0.7114093959731543 0.700507614213198 0.7288686605981795  
0.6377118644067796 0.6171428571428571 0.7876221498371335  
0.6926315789473684 0.6084656084656085 0.7437417654808959  
0.6976744186046512 0.6910112359550562 0.7406923579359895  
0.684 0.6091954022988506 0.7685676392572944  
0.6781115879828327 0.7474226804123711 0.7352168199737188  
0.725 0.6804123711340206 0.753315649867374  
0.7014314928425358 0.7208121827411168 0.7372994652406417  
0.7005988023952096 0.64 0.7643484132343011  
0.6659528907922913 0.7111111111111111 0.7309446254071661  
0.7133891213389121 0.7348066298342542 0.7130663164806303  
0.6963123644251626 0.6600985221674877 0.7444005270092227  
0.7033195020746889 0.6648936170212766 0.7400793650793651  
0.6382536382536382 0.7039106145251397 0.7332457293035479  
0.6818181818181818 0.7419354838709677 0.7154362416107383  
0.6995798319327731 0.6388888888888888 0.7686762778505898  
0.7287784679089027 0.7239583333333334 0.7451891174518912  
0.6666666666666666 0.6198830409356725 0.7720105124835742  
0.7012987012987013 0.6407766990291263 0.7239101717305152  
0.6794055201698513 0.6747572815533981 0.7521594684385382  
0.6779661016949152 0.6358974358974359 0.7762376237623763  
0.6618556701030928 0.7157360406091371 0.7346666666666667  
0.7071129707112971 0.7313432835820896 0.7345309381237525  
0.7478448275862069 0.6717171717171717 0.7111842105263158  
0.6853002070393375 0.6983240223463687 0.7605263157894737  
0.7296137339055794 0.6048780487804878 0.7346128391793514  
0.7320261437908496 0.7344632768361582 0.7289780077619664  
0.6837606837606838 0.6785714285714286 0.7509881422924901  
0.6853932584269663 0.7553191489361702 0.7062621045836023  
0.6800847457627118 0.6830601092896175 0.7524557956777996  
0.6762114537444934 0.7016574585635359 0.7459599224305107  
0.6901709401709402 0.7165775401069518 0.7557301899148657  
0.6890756302521008 0.6030927835051546 0.7797619047619048  
0.7248459958932238 0.6864864864864865 0.7483443708609272  
0.7537154989384289 0.6428571428571429 0.7518151815181519  
0.6680672268907563 0.6984924623115578 0.774386197743862  
0.7266811279826464 0.7064676616915423 0.7467105263157895  
0.6861924686192469 0.5885416666666666 0.7705026455026455  
0.6653061224489796 0.6939890710382514 0.7495029821073559  
0.6954732510288066 0.6739130434782609 0.7314814814814815  
0.7105831533477321 0.7525773195876289 0.7331147540983607  
0.726530612244898 0.6772486772486772 0.7318695941450433  
0.7130434782608696 0.5894736842105263 0.7591383812010444  
0.6974789915966386 0.7052631578947368 0.7117414248021108  
0.6947368421052632 0.7202072538860104 0.7186261558784677  
0.6702819956616052 0.6898395721925134 0.7470664928292047  
0.6721649484536083 0.7193877551020408 0.759493670886076  
0.6746724890829694 0.6381909547738693 0.7809836065573771  
0.7307692307692307 0.6649746192893401 0.7369808833223468  
0.7278350515463917 0.7419354838709677 0.7193911317008603  
0.7306034482758621 0.7150537634408602 0.7154046997389034  
0.6680497925311203 0.675392670157068 0.75480450629556  
0.6857749469214437 0.6989247311827957 0.7711475409836066  
0.7163561076604554 0.7151162790697675 0.7328094302554028  
0.6991341991341992 0.6387434554973822 0.7423152387181164  
0.6948453608247422 0.7252747252747253 0.735973597359736  
0.7078891257995735 0.6358695652173914 0.723348593852191  
0.7238493723849372 0.6494845360824743 0.7496688741721854  
0.6952191235059761 0.7323232323232324 0.6882591093117408  
0.6379690949227373 0.657608695652174 0.7320388349514563  
0.6978723404255319 0.6847826086956522 0.7277486910994765  
0.7256461232604374 0.6519337016574586 0.7216288384512684  
0.6993464052287581 0.6898395721925134 0.73828125  
0.7076923076923077 0.6486486486486487 0.7399481193255513  
0.7178329571106095 0.7061855670103093 0.7275080906148867  
0.7004310344827587 0.6610169491525424 0.7618429591174561  
0.6652267818574514 0.7287234042553191 0.7511430437622469  
0.7166324435318275 0.6310160427807486 0.7645888594164456  
0.7438524590163934 0.7111111111111111 0.7404227212681638  
0.6758474576271186 0.7111111111111111 0.7522875816993464  
0.6962305986696231 0.6936416184971098 0.7195121951219512  
0.6722338204592901 0.6363636363636364 0.771108179419525  
0.6790123456790124 0.7222222222222222 0.7503337783711616  
0.7264957264957265 0.7538461538461538 0.6892692560895326  
0.7032258064516129 0.6190476190476191 0.7604906391220142  
0.7105831533477321 0.6195652173913043 0.7882736156351792  
0.6752688172043011 0.6888888888888889 0.7644762524398179  
0.6862745098039216 0.656084656084656 0.7737940026075619  
0.6843177189409368 0.6857142857142857 0.7387862796833773  
0.6497890295358649 0.6432160804020101 0.7614314115308151  
0.6931106471816284 0.7087912087912088 0.7534516765285996  
0.720173535791757 0.6381909547738693 0.7378449408672799  
0.6748878923766816 0.766497461928934 0.7322936972059779  
0.7323340471092077 0.5700483091787439 0.7599469496021221  
0.7142857142857143 0.6802030456852792 0.7568627450980392  
0.7193347193347194 0.6494845360824743 0.7438619774386198  
0.7019438444924406 0.7087912087912088 0.7228366948601171  
0.7240618101545254 0.7119565217391305 0.7177993527508091  
0.6784232365145229 0.6117021276595744 0.7599206349206349  
0.7321063394683026 0.7157894736842105 0.7418496340652029  
0.7032258064516129 0.6071428571428571 0.7488494411571335  
0.7489539748953975 0.6451612903225806 0.7490118577075099  
0.6659242761692651 0.7360406091370558 0.7311197916666666  
0.7184035476718403 0.7562189054726368 0.7196078431372549  
0.6884210526315789 0.7105263157894737 0.7257745550428477  
0.6651785714285714 0.5721925133689839 0.7828054298642534  
0.6796714579055442 0.6756756756756757 0.7390728476821192  
0.7558886509635975 0.6243654822335025 0.7516469038208169  
0.7358078602620087 0.6512820512820513 0.7612818835840418  
0.6837782340862423 0.7292817679558011 0.7318361955085865  
0.6515151515151515 0.6989795918367347 0.7644356955380578  
0.6702355460385439 0.7587939698492462 0.7348284960422163  
0.6593406593406593 0.625 0.7756286266924565  
0.7033195020746889 0.6193181818181818 0.7683727034120735  
0.6652267818574514 0.7320574162679426 0.7284768211920529  
0.6742738589211619 0.6882352941176471 0.7470588235294118  
0.7265135699373695 0.6571428571428571 0.7615539182853316  
0.7068607068607069 0.7071823204419889 0.7105263157894737  
0.6795698924731183 0.6010362694300518 0.7834645669291339  
0.6485943775100401 0.7150259067357513 0.7424547283702213  
0.6847826086956522 0.6649484536082474 0.756544502617801  
0.7308488612836439 0.6737967914438503 0.7612433862433863  
0.6864406779661016 0.6421052631578947 0.7092105263157895  
0.6659242761692651 0.63 0.7482061317677756  
0.6844444444444444 0.6958762886597938 0.7373211963589077  
0.6893617021276596 0.7336956521739131 0.7133507853403142  
0.6943866943866944 0.6795580110497238 0.7269736842105263  
0.720682302771855 0.6271186440677966 0.7350260416666666  
0.6811594202898551 0.616504854368932 0.7655726724715338  
0.7029478458049887 0.6804123711340206 0.7401422107304461  
0.7036247334754797 0.6983240223463687 0.7457627118644068  
0.6813417190775681 0.6116504854368932 0.7518345563709139  
0.7034068136272545 0.7111111111111111 0.7425149700598802  
0.7014925373134329 0.6590909090909091 0.7397527651268705  
0.6908315565031983 0.639344262295082 0.7405228758169935  
0.6548672566371682 0.6077348066298343 0.7682375726275016  
0.6979166666666666 0.6555555555555556 0.7069645203679369  
0.7535641547861507 0.6820512820512821 0.7219251336898396  
0.6652173913043479 0.7759562841530054 0.7186484730344379  
0.7239130434782609 0.625 0.7352168199737188  
0.756578947368421 0.7015706806282722 0.7068403908794788  
0.6732456140350878 0.7035175879396985 0.7373935821872953  
0.7282377919320594 0.7248677248677249 0.7279894875164258  
0.6936542669584245 0.6923076923076923 0.7300653594771241  
0.6609442060085837 0.6741573033707865 0.7600780234070221  
0.6810699588477366 0.681592039800995 0.7511705685618729  
0.7051282051282052 0.5803108808290155 0.7718606180144642  
0.7247899159663865 0.6717948717948717 0.7418927862342819  
0.7125256673511293 0.6257309941520468 0.7598425196850394  
0.6826086956521739 0.6170212765957447 0.7796610169491526  
0.6884531590413944 0.6684491978609626 0.7415364583333334  
0.6962025316455697 0.7783505154639175 0.739101717305152  
0.6884210526315789 0.6666666666666666 0.7435897435897436  
0.7103004291845494 0.6878048780487804 0.7392455327597618  
0.7031578947368421 0.6354679802955665 0.754654255319149  
0.6921487603305785 0.7121212121212122 0.7126666666666667  
0.6865671641791045 0.6432160804020101 0.7404227212681638  
0.7272727272727273 0.6197916666666666 0.7556440903054449  
0.6702819956616052 0.7268292682926829 0.7341688654353562  
0.7169421487603306 0.6182795698924731 0.7526455026455027  
0.676605504587156 0.7087912087912088 0.7442455242966752  
0.7052631578947368 0.6073298429319371 0.7651715039577837  
0.7164502164502164 0.7405405405405405 0.7120521172638437  
0.6976241900647948 0.7417582417582418 0.7534157449577098  
0.6784968684759917 0.5773195876288659 0.7620941020543406  
0.6902654867256637 0.6596858638743456 0.7758284600389863  
0.6895074946466809 0.7542857142857143 0.7318181818181818  
0.698744769874477 0.6968085106382979 0.75  
0.6796714579055442 0.6342857142857142 0.7164473684210526  
0.6978260869565217 0.6858638743455497 0.7557152188112345  
0.7225806451612903 0.6612021857923497 0.7561929595827901  
0.7063829787234043 0.6047619047619047 0.7523302263648469  
0.6749482401656315 0.6865671641791045 0.7283044058744993  
0.7264957264957265 0.7474226804123711 0.7105263157894737  
0.6861167002012073 0.6574585635359116 0.7539893617021277  
0.70042194092827 0.6910112359550562 0.7601307189542483  
0.7211328976034859 0.6132596685082873 0.7924773022049286  
0.6680584551148225 0.6549707602339181 0.758485639686684  
0.6942675159235668 0.7630057803468208 0.7217165149544863  
0.7792207792207793 0.634020618556701 0.7398427260812582  
0.684322033898305 0.6632124352331606 0.7495056031641397  
0.6666666666666666 0.6432160804020101 0.7784391534391535  
0.6911447084233261 0.634020618556701 0.7462295081967213  
0.7051546391752578 0.6988636363636364 0.7172912557527942  
0.7133891213389121 0.6699507389162561 0.7455029980013325  
0.6763392857142857 0.6971428571428572 0.777421423989737  
0.6860706860706861 0.654639175257732 0.769741207697412  
0.7075268817204301 0.6578947368421053 0.7596594629993452  
0.7122448979591837 0.6580310880829016 0.7665110073382255  
0.729957805907173 0.6363636363636364 0.7692307692307693  
0.6491596638655462 0.6903553299492385 0.7488402915838304  
0.7090909090909091 0.7062146892655368 0.733112582781457  
0.7276595744680852 0.6190476190476191 0.7458962573867367  
0.7040816326530612 0.65625 0.7346666666666667  
0.6494623655913978 0.6979166666666666 0.7436065573770492  
0.6861471861471862 0.7095238095238096 0.7178807947019867  
0.6729957805907173 0.6939890710382514 0.7488524590163934  
0.7074688796680498 0.6733668341708543 0.7348434377081945  
0.6962025316455697 0.6947368421052632 0.7075098814229249  
0.7172995780590717 0.6580310880829016 0.7465346534653465  
0.6735112936344969 0.7052631578947368 0.7415282392026578  
0.6733780760626398 0.7164948453608248 0.7384815055158988  
0.7191489361702128 0.6318681318681318 0.7398692810457517  
0.7112068965517241 0.6961325966850829 0.7234873129473  
0.6960167714884696 0.69 0.7495016611295681  
0.6747787610619469 0.6467391304347826 0.7580853816300129  
0.6961206896551724 0.631578947368421 0.7781413612565445  
0.6971046770601337 0.696969696969697 0.7342019543973941  
0.7041284403669725 0.625 0.7425614489003881  
0.6783369803063457 0.7213114754098361 0.7282749675745784  
0.6491596638655462 0.6632124352331606 0.7554527428949108  
0.6639004149377593 0.7828571428571428 0.7311475409836066  
0.6891891891891891 0.6511627906976745 0.731162196679438  
0.7133620689655172 0.7225130890052356 0.7452521283562541  
0.7169811320754716 0.7193877551020408 0.7117296222664016  
0.6842105263157895 0.7386934673366834 0.7063389391979301  
0.7172995780590717 0.6871794871794872 0.73694646397885  
0.7072649572649573 0.6270270270270271 0.7482014388489209  
0.6932773109243697 0.6010362694300518 0.7607402511566425  
0.7051546391752578 0.6649484536082474 0.7584830339321357  
0.7 0.6968085106382979 0.7298546895640687  
0.6784140969162996 0.7158469945355191 0.7430420711974111  
0.6742738589211619 0.71 0.744  
0.6849894291754757 0.7692307692307693 0.7155844155844155  
0.6469428007889546 0.6304347826086957 0.7665995975855131  
0.6535269709543569 0.6038647342995169 0.78231748158071  
0.6722338204592901 0.6852791878172588 0.7436918990703851  
0.6352459016393442 0.7348066298342542 0.7184401850627892  
0.7278761061946902 0.6702127659574468 0.7224383916990921  
0.6974789915966386 0.7195767195767195 0.7442320369149638  
0.6903225806451613 0.6595744680851063 0.7573577501635056  
0.7265135699373695 0.6763005780346821 0.7490196078431373  
0.7071583514099783 0.6210526315789474 0.75898105813194  
0.6971677559912854 0.6479591836734694 0.7629338572364113  
0.7158351409978309 0.6914893617021277 0.7403783431180692  
0.7163561076604554 0.702020202020202 0.7321785476349101  
0.7142857142857143 0.6871508379888268 0.7370517928286853  
0.6895833333333333 0.7958115183246073 0.7220383851753805  
0.702928870292887 0.634020618556701 0.7675496688741722  
0.7104677060133631 0.7150837988826816 0.741956241956242  
0.6485355648535565 0.6871794871794872 0.7322730284956925  
0.7085828343313373 0.5314009661835749 0.7795115332428765  
0.7066381156316917 0.6684782608695652 0.7315480078380143  
0.6945701357466063 0.6633663366336634 0.7496749024707412  
0.6611226611226612 0.5891891891891892 0.7816622691292876  
0.6957446808510638 0.7365591397849462 0.7175622542595019  
0.6825726141078838 0.723404255319149 0.7228835978835979  
0.6827731092436975 0.542713567839196 0.7949568679495687  
0.7139689578713969 0.7083333333333334 0.7439896036387265  
0.7002141327623126 0.6193181818181818 0.742040285899935  
0.700587084148728 0.6387434554973822 0.7662162162162162  
0.689161554192229 0.6864864864864865 0.7281167108753316  
0.6914893617021277 0.6512820512820513 0.7633487145682267  
0.6894273127753304 0.6377551020408163 0.7382506527415144  
0.7189542483660131 0.6069651741293532 0.764126149802891  
0.7166666666666667 0.7058823529411765 0.7510013351134847  
0.7226890756302521 0.7321428571428571 0.7672301690507152  
0.6961206896551724 0.7967032967032966 0.7063802083333334  
0.689161554192229 0.7795698924731183 0.7551426675514267  
0.7234927234927235 0.6612903225806451 0.7353135313531353  
0.6978260869565217 0.6397849462365591 0.7571614583333334  
0.6951219512195121 0.7046632124352331 0.7287909151636607  
0.7085106382978723 0.6331658291457286 0.7567746199603437  
0.7378048780487805 0.7352941176470589 0.7301480484522207  
0.7134146341463414 0.7197802197802198 0.71684350132626  
0.6946236559139785 0.6720430107526881 0.7328543435662965  
0.6483050847457628 0.7283236994219653 0.7280416395575797  
0.6469344608879493 0.6612021857923497 0.7857142857142857  
0.7180616740088106 0.6225490196078431 0.7217847769028871  
0.6951983298538622 0.7134502923976608 0.7539164490861618  
0.7002237136465325 0.7091836734693877 0.7472384665367121  
0.7110187110187111 0.639344262295082 0.7476943346508564  
0.7466367713004485 0.697560975609756 0.7465708687132593  
0.7073684210526315 0.5794871794871795 0.7876984126984127  
0.67590618336887 0.7166666666666667 0.746249184605349  
0.7261410788381742 0.6829268292682927 0.7411371237458194  
0.6831275720164609 0.7112299465240641 0.7229953611663353  
0.6577868852459017 0.7142857142857143 0.7142857142857143  
0.6967741935483871 0.6113989637305699 0.7532808398950132  
0.7019438444924406 0.5756097560975609 0.7648612945838837  
0.6659751037344398 0.7105263157894737 0.733112582781457  
0.6624737945492662 0.7106598984771574 0.7519893899204244  
0.6780383795309168 0.7178217821782178 0.7604235605559232  
0.7158351409978309 0.6836158192090396 0.7402849740932642  
0.7426160337552743 0.6963350785340314 0.7073170731707317  
0.6410788381742739 0.7374301675977654 0.7363576594345825  
0.7044967880085653 0.657608695652174 0.7661659046374918  
0.7184873949579832 0.6732673267326733 0.7659574468085106  
0.7063829787234043 0.671875 0.7546052631578948  
0.7033898305084746 0.6813186813186813 0.743455497382199  
0.7163865546218487 0.6722222222222223 0.7765399737876802  
0.6754385964912281 0.6519337016574586 0.7508090614886731  
0.6695464362850972 0.7621621621621621 0.727509778357236  
0.7349137931034483 0.7096774193548387 0.7330287206266318  
0.7563559322033898 0.6703910614525139 0.7034617896799478  
0.7306889352818372 0.6528497409326425 0.7377483443708609  
0.6989690721649484 0.6785714285714286 0.7554963357761493  
0.6864406779661016 0.6612903225806451 0.7834645669291339  
0.7336244541484717 0.7336956521739131 0.701948051948052  
0.6861471861471862 0.6827956989247311 0.7659713168187744  
0.6865342163355408 0.7078651685393258 0.7388781431334622  
0.7052401746724891 0.6666666666666666 0.7638157894736842  
0.698744769874477 0.6684210526315789 0.7219286657859973  
0.746268656716418 0.7407407407407407 0.7007874015748031  
0.7104166666666667 0.6614583333333334 0.7490066225165563  
0.6938775510204082 0.6274509803921569 0.7869623655913979  
0.7212765957446808 0.6730769230769231 0.7386968085106383  
0.6896551724137931 0.7043010752688172 0.7219321148825065  
0.70042194092827 0.6231155778894473 0.7514910536779325  
0.6974789915966386 0.7439024390243902 0.7367055771725033  
0.7326315789473684 0.708994708994709 0.7068511198945981  
0.7157894736842105 0.6702127659574468 0.7202106649111257  
0.7315573770491803 0.642512077294686 0.7316745124411567  
0.6673553719008265 0.6597938144329897 0.7506648936170213  
0.70042194092827 0.5904255319148937 0.7677631578947368  
0.6927835051546392 0.640625 0.7289036544850498  
0.7130801687763713 0.6444444444444445 0.7552356020942408  
0.7125 0.6684210526315789 0.7658730158730159  
0.7320675105485233 0.6972972972972973 0.7137229152987524  
0.684322033898305 0.7703349282296651 0.7528314457028648  
0.7112526539278131 0.6455026455026455 0.7555847568988173  
0.7228144989339019 0.6041666666666666 0.7712031558185405  
0.7157676348547718 0.5906735751295337 0.7571333775713338  
0.7235421166306696 0.6019417475728155 0.7653668208856577  
0.7329192546583851 0.717948717948718 0.7273936170212766  
0.6942148760330579 0.6243093922651933 0.7864205669083718  
0.6929460580912863 0.6868686868686869 0.7636484687083888  
0.6569037656903766 0.7076923076923077 0.7514910536779325  
0.6645435244161358 0.6789473684210526 0.7541091387245233  
0.6824742268041237 0.7045454545454546 0.7258382642998028  
0.7101449275362319 0.6022099447513812 0.7523056653491436  
0.7155361050328227 0.6885245901639344 0.7555123216601816  
0.73828125 0.6432432432432432 0.7299663299663299  
0.7294372294372294 0.5858585858585859 0.7844940867279895  
0.7139737991266376 0.71875 0.7486945169712794  
0.6714876033057852 0.6865671641791045 0.7528390113560455  
0.7035490605427975 0.5769230769230769 0.7659434582511505  
0.7164835164835165 0.6190476190476191 0.7438231469440832  
0.6837416481069042 0.6666666666666666 0.7321196358907672  
0.6767895878524945 0.6989247311827957 0.7530944625407167  
0.6629955947136564 0.7741935483870968 0.7237354085603113  
0.7291242362525459 0.645 0.7511737089201878  
0.6824034334763949 0.736318407960199 0.732013201320132  
0.7205882352941176 0.732620320855615 0.7235023041474654  
0.7037861915367484 0.6597938144329897 0.774528914879792  
0.729957805907173 0.6830601092896175 0.7527868852459016  
0.6786516853932584 0.6919191919191919 0.7439896036387265  
0.6724137931034483 0.6906077348066298 0.7612231620039037  
0.7070063694267515 0.6758241758241759 0.76324395029431  
0.6848739495798319 0.7028571428571428 0.7106466361854997  
0.70625 0.7068062827225131 0.757114493712773  
0.7547568710359408 0.7309941520467836 0.7379713914174252  
0.7052845528455285 0.7319587628865979 0.7172459893048129  
0.6944444444444444 0.6492146596858639 0.7754432042022325  
0.7031578947368421 0.6684210526315789 0.7205009887936717  
0.6939655172413793 0.6758241758241759 0.7682291666666666  
0.7176220806794055 0.6067961165048543 0.7521594684385382  
0.7216494845360825 0.7602339181286549 0.6972477064220184  
0.6808035714285714 0.7 0.7406692406692407  
0.6927966101694916 0.6129032258064516 0.7893700787401575  
0.7142857142857143 0.6519337016574586 0.7555110220440882  
0.7239130434782609 0.6331658291457286 0.7518056467498359  
0.6832971800433839 0.6836158192090396 0.772020725388601  
0.6889352818371608 0.7487179487179487 0.7473474801061007  
0.6827309236947792 0.702247191011236 0.7390438247011952  
0.6811594202898551 0.6282722513089005 0.7645888594164456  
0.738430583501006 0.6590909090909091 0.7614314115308151  
0.6745689655172413 0.7105263157894737 0.7585078534031413  
0.6926315789473684 0.7333333333333333 0.7341269841269841  
0.6289308176100629 0.6384180790960452 0.7578534031413613  
0.6823027718550106 0.6363636363636364 0.7595019659239842  
0.6843177189409368 0.6593406593406593 0.7786613651424784  
0.7072072072072072 0.6875 0.7405228758169935  
0.6619144602851323 0.659217877094972 0.7771164021164021  
0.7098765432098766 0.6021505376344086 0.7417218543046358  
0.7010526315789474 0.609375 0.7623762376237624  
0.6858316221765913 0.6613756613756614 0.7543160690571049  
0.7235421166306696 0.6292134831460674 0.736534717715769  
0.676954732510288 0.6857142857142857 0.7304404996712689  
0.7057569296375267 0.7857142857142857 0.7302416721097322  
0.7182795698924731 0.5958549222797928 0.7578740157480315  
0.6798336798336798 0.6476683937823834 0.730106100795756  
0.7026431718061674 0.685 0.7369109947643979  
0.6659663865546218 0.6918604651162791 0.7516297262059974  
0.7055214723926381 0.7027027027027027 0.7619363395225465  
0.7142857142857143 0.63 0.7473190348525469  
0.7214137214137214 0.6839080459770115 0.7825802226588081  
0.6554809843400448 0.7068062827225131 0.7435233160621761  
0.6519823788546255 0.72 0.7578534031413613  
0.7130620985010707 0.6830601092896175 0.741514360313316  
0.7078891257995735 0.6823529411764706 0.7271548930654569  
0.68125 0.7282608695652174 0.7180500658761528  
0.7020833333333333 0.7093023255813954 0.74640522875817  
0.6941431670281996 0.7164179104477612 0.7526315789473684  
0.6659751037344398 0.7068062827225131 0.7190192180251822  
0.7016806722689075 0.6631578947368421 0.7493403693931399  
0.7359307359307359 0.6368421052631579 0.7333333333333333  
0.6928251121076233 0.7422680412371134 0.7367055771725033  
0.7357293868921776 0.725 0.7402253147779987  
0.7016460905349794 0.7314285714285714 0.7501643655489809  
0.6965811965811965 0.6610169491525424 0.7560182173064411  
0.6593406593406593 0.6871508379888268 0.7635658914728682  
0.7236286919831224 0.6464088397790055 0.7858546168958742  
0.7127659574468085 0.7393617021276596 0.734251968503937  
0.6790890269151139 0.6972972972972973 0.7483487450462352  
0.6876310272536688 0.657608695652174 0.7613412228796844  
0.7182203389830508 0.628140703517588 0.7564526803441429  
0.7307692307692307 0.6818181818181818 0.7360208062418726  
0.7295081967213115 0.5911602209944752 0.7376074025115664  
0.7109704641350211 0.7303370786516854 0.7333333333333333  
0.7098765432098766 0.7633136094674556 0.7190569744597249  
0.7532188841201717 0.7344632768361582 0.7173489278752436  
0.6791208791208792 0.6797752808988764 0.7288573273079406  
0.6974789915966386 0.7016574585635359 0.7462295081967213  
0.6983122362869199 0.6089108910891089 0.7861885790172642  
0.6814345991561181 0.7431693989071039 0.7337704918032787  
0.649895178197065 0.6329787234042553 0.7752142386288727  
0.6883116883116883 0.7164948453608248 0.7306684141546527  
0.6881720430107527 0.6813186813186813 0.7433224755700326  
0.6528066528066528 0.6720430107526881 0.7531353135313531  
0.682 0.705 0.6950067476383266  
0.7044025157232704 0.7595628415300546 0.7174770039421814  
0.7073684210526315 0.6436170212765957 0.7373271889400922  
0.7205882352941176 0.6615384615384615 0.7637326273990734  
0.722567287784679 0.6595744680851063 0.7339510258107214  
0.7393939393939394 0.6898395721925134 0.7013333333333334  
0.7024793388429752 0.6736842105263158 0.7108753315649867  
0.7198275862068966 0.6649484536082474 0.7375328083989501  
0.6987179487179487 0.6844919786096256 0.7314996725605762  
0.7526427061310782 0.6797752808988764 0.7021554539516656  
0.6832971800433839 0.7219251336898396 0.7307692307692307  
0.7254098360655737 0.6043956043956044 0.746031746031746  
0.7034632034632035 0.7106598984771574 0.7432698621142482  
0.6746203904555315 0.708994708994709 0.7219321148825065  
0.6905737704918032 0.6683937823834197 0.7448367754830113  
0.7168141592920354 0.6381909547738693 0.7341606792945787  
0.7231121281464531 0.6157635467980296 0.745136186770428  
0.7018633540372671 0.6302083333333334 0.7584605175846052  
0.6800847457627118 0.8229166666666666 0.7187088274044796  
0.6583850931677019 0.6387434554973822 0.769893899204244  
0.6345733041575492 0.6699029126213593 0.7504937458854509  
0.7012448132780082 0.7435897435897436 0.720265780730897  
0.7232704402515723 0.6818181818181818 0.7372262773722628  
0.6764044943820224 0.732620320855615 0.7309677419354839  
0.6747967479674797 0.6089385474860335 0.7643944407677035  
0.6457023060796646 0.6836158192090396 0.7493455497382199  
0.7376681614349776 0.6141304347826086 0.7461340206185567  
0.6610526315789473 0.6903553299492385 0.7218543046357616  
0.6597077244258872 0.7868020304568528 0.6739707835325365  
0.6442516268980477 0.6666666666666666 0.7594278283485045  
0.7063829787234043 0.6397849462365591 0.755570117955439  
0.6949891067538126 0.7045454545454546 0.7453135100193924  
0.6467065868263473 0.6722222222222223 0.7275149900066622  
0.7109207708779444 0.6649746192893401 0.7516469038208169  
0.6784922394678492 0.7093596059113301 0.731675392670157  
0.6782077393075356 0.6720430107526881 0.7289036544850498  
0.691699604743083 0.6724137931034483 0.7609853528628495  
0.6939203354297694 0.6961325966850829 0.7440944881889764  
0.6369565217391304 0.6666666666666666 0.7495107632093934  
0.6490066225165563 0.665 0.7671680837148463  
0.7055214723926381 0.7315789473684211 0.7072521623419827  
0.6902834008097166 0.6242774566473989 0.7471947194719472  
0.741304347826087 0.6597938144329897 0.712696335078534  
0.632258064516129 0.7553191489361702 0.750163505559189  
0.6638115631691649 0.7032967032967034 0.7527723418134377  
0.6939655172413793 0.6555555555555556 0.7522756827048115  
0.7100840336134454 0.6203208556149733 0.7630019749835418  
0.6837606837606838 0.6702702702702703 0.736429038587312  
0.6693877551020408 0.7336956521739131 0.7294429708222812  
0.7142857142857143 0.6 0.7547666009204471  
0.6956521739130435 0.6735751295336787 0.7416998671978752  
0.711340206185567 0.6526315789473685 0.7704047777040478  
0.6829787234042554 0.6384180790960452 0.7726384364820847  
0.6971677559912854 0.7732558139534884 0.690522243713733  
0.683083511777302 0.6649214659685864 0.7637795275590551  
0.6908315565031983 0.6777777777777778 0.7338551859099804  
0.7056277056277056 0.6242774566473989 0.7272139625080801  
0.7184684684684685 0.7393617021276596 0.7264516129032258  
0.6659528907922913 0.6989247311827957 0.7442773054283846  
0.6873661670235546 0.717391304347826 0.7426518615284128  
0.6652892561983471 0.6931818181818182 0.771353482260184  
0.7004405286343612 0.5699481865284974 0.7706840390879479  
0.700836820083682 0.6445783132530121 0.764629388816645  
0.7557894736842106 0.625 0.7419141914191419  
0.6888412017167382 0.6994535519125683 0.7632093933463796  
0.694560669456067 0.6480446927374302 0.740327868852459  
0.7597402597402597 0.6397849462365591 0.7079530638852672  
0.7246376811594203 0.6368421052631579 0.7203445990722332  
0.6884210526315789 0.6596858638743456 0.7467018469656992  
0.6960352422907489 0.6192893401015228 0.7622468974526453  
0.6947368421052632 0.6966292134831461 0.7468933943754088  
0.6741071428571429 0.6887755102040817 0.7321196358907672  
0.6946236559139785 0.6358381502890174 0.75  
0.6761133603238867 0.6615384615384615 0.739450770261219  
0.6908315565031983 0.7437185929648241 0.7291941875825627  
0.7056277056277056 0.6512820512820513 0.7134426229508197  
0.7111597374179431 0.6963350785340314 0.7451108213820078  
0.6901098901098901 0.6820512820512821 0.7421671018276762  
0.6800847457627118 0.6855670103092784 0.7592348284960422  
0.6754385964912281 0.7277227722772277 0.7362204724409449  
0.6916488222698073 0.7558139534883721 0.729099157485418  
0.6873661670235546 0.6958762886597938 0.7383300460223537  
0.71875 0.6616915422885572 0.7377690802348337  
0.7215189873417721 0.6470588235294118 0.7435897435897436  
0.6680672268907563 0.711864406779661 0.7612818835840418  
0.7222222222222222 0.705 0.7239101717305152  
0.6947368421052632 0.6417112299465241 0.7539473684210526  
0.66875 0.6187845303867403 0.7455621301775148  
0.7351129363449692 0.7064676616915423 0.7523427041499331  
0.69593147751606 0.672316384180791 0.7516254876462939  
0.7348643006263048 0.6288659793814433 0.7322730284956925  
0.7063829787234043 0.6119402985074627 0.7677035076108537  
0.7038539553752535 0.679144385026738 0.7376830892143809  
0.7204968944099379 0.5932203389830508 0.7693823915900131  
0.6722689075630253 0.770949720670391 0.7053045186640472  
0.6861471861471862 0.7336683417085427 0.7554240631163708  
0.673202614379085 0.7115384615384616 0.73003300330033  
0.6993736951983298 0.6588235294117647 0.7651663405088063  
0.6979591836734694 0.6595744680851063 0.7719414893617021  
0.7193347193347194 0.7323232323232324 0.7465069860279441  
0.7189409368635438 0.6524064171122995 0.7639627659574468  
0.7067510548523207 0.6804123711340206 0.7509907529722589  
0.7510288065843621 0.6995073891625616 0.709979906229069  
0.6772823779193206 0.6983240223463687 0.758485639686684  
0.7139784946236559 0.6759776536312849 0.7418725617685306  
0.6970954356846473 0.730593607305936 0.762322754895341  
0.6729166666666667 0.6914285714285714 0.7485265225933202  
0.7733887733887734 0.5891089108910891 0.6957971981320881  
0.7242105263157895 0.6440677966101694 0.734640522875817  
0.6960985626283368 0.689119170984456 0.7549933422103862  
0.683991683991684 0.6313131313131313 0.7797737857618097  
0.7292110874200426 0.6476683937823834 0.7664473684210527  
0.6852248394004282 0.6275510204081632 0.7788018433179723  
0.7086776859504132 0.6703296703296703 0.7328496042216359  
0.7016806722689075 0.7015706806282722 0.7425742574257426  
0.701098901098901 0.7142857142857143 0.6956237753102548  
0.648870636550308 0.6858638743455497 0.7706117021276596  
0.6673773987206824 0.7336956521739131 0.7580117724002616  
0.6789366053169734 0.5888324873096447 0.7921122994652406  
0.6924731182795699 0.6775956284153005 0.7405475880052151  
0.6743215031315241 0.7258883248730964 0.7629482071713147  
0.7180043383947939 0.6397849462365591 0.7771986970684039  
0.7031578947368421 0.5957446808510638 0.7735352205398288  
0.7377398720682303 0.7282608695652174 0.724002616088947  
0.675 0.7292817679558011 0.7172912557527942  
0.6965376782077393 0.5925925925925926 0.7609853528628495  
0.69375 0.6137566137566137 0.7752808988764045  
0.6885245901639344 0.6701570680628273 0.7445109780439122  
0.6913827655310621 0.6938775510204082 0.7377269670477471  
0.6997840172786177 0.6263736263736264 0.7586206896551724  
0.6943231441048034 0.6810810810810811 0.7400909681611436  
0.7139874739039666 0.6853932584269663 0.7377049180327869  
0.6817248459958932 0.7457627118644068 0.7674571805006588  
0.7155555555555555 0.6020942408376964 0.7585983127839065  
0.6646464646464646 0.6820512820512821 0.7580428954423593  
0.7202505219206681 0.6256983240223464 0.7414698162729659  
0.6825053995680346 0.6530612244897959 0.7636244254760342  
0.7366255144032922 0.7119565217391305 0.7559523809523809  
0.6607843137254902 0.6368421052631579 0.761808367071525  
0.7209302325581395 0.6178010471204188 0.7457180500658761  
0.7090163934426229 0.711340206185567 0.7333333333333333  
0.6708860759493671 0.6703910614525139 0.7416612164813604  
0.6666666666666666 0.6179775280898876 0.7566343042071197  
0.7516198704103672 0.6174863387978142 0.75  
0.6869747899159664 0.6878306878306878 0.7646671061305208  
0.7314410480349345 0.7142857142857143 0.7356020942408377  
0.6624472573839663 0.7877094972067039 0.7325049051667757  
0.6835164835164835 0.6797752808988764 0.7488702388637831  
0.7280334728033473 0.6739130434782609 0.7375  
0.701271186440678 0.7156862745098039 0.7390438247011952  
0.6783369803063457 0.6588785046728972 0.7743216412971542  
0.6972477064220184 0.6567164179104478 0.7521035598705501  
0.6861471861471862 0.7032967032967034 0.7282184655396619  
0.7096114519427403 0.7127659574468085 0.7475083056478405  
0.7352297592997812 0.7243243243243244 0.7233766233766233  
0.7170212765957447 0.712707182320442 0.7250163291966035  
0.7133757961783439 0.6420454545454546 0.7276872964169381  
0.6666666666666666 0.6480446927374302 0.7890573500329597  
0.6861924686192469 0.6368715083798883 0.7822950819672131  
0.7204968944099379 0.7085427135678392 0.7246666666666667  
0.6957494407158836 0.7081081081081081 0.7451612903225806  
0.6638297872340425 0.6914285714285714 0.7469095640858816  
0.6817248459958932 0.6436781609195402 0.7725180802103879  
0.6911447084233261 0.6206896551724138 0.7407651715039578  
0.7134268537074149 0.6285714285714286 0.780040733197556  
0.6687370600414079 0.7360406091370558 0.7276964047936085  
0.7319148936170212 0.6377551020408163 0.7744063324538258  
0.7072072072072072 0.6852791878172588 0.7313432835820896  
0.6965065502183406 0.6836158192090396 0.724628312863607  
0.6507592190889371 0.7371134020618557 0.7236411263916176  
0.7157676348547718 0.7263157894736842 0.714569536423841  
0.710239651416122 0.679144385026738 0.7434895833333334  
0.7207392197125256 0.673469387755102 0.7645096731154103  
0.6433260393873085 0.6758241758241759 0.7602073882047958  
0.7075268817204301 0.7258064516129032 0.7322011757021555  
0.6588983050847458 0.6839378238341969 0.7442320369149638  
0.6840958605664488 0.6042780748663101 0.7805989583333334  
0.7328918322295805 0.6515151515151515 0.7302416721097322  
0.7330595482546202 0.63 0.7297658862876254  
0.673728813559322 0.6581632653061225 0.7470277410832232  
0.7112526539278131 0.6483516483516484 0.7769784172661871  
0.6949152542372882 0.6504854368932039 0.7686170212765957  
0.6876267748478702 0.7225130890052356 0.753004005340454  
0.7041036717062635 0.6178010471204188 0.7506544502617801  
0.7066381156316917 0.6038647342995169 0.7645888594164456  
0.7452631578947368 0.6349206349206349 0.7483530961791831  
0.6901408450704225 0.7758620689655172 0.7107875579086698  
0.7203389830508474 0.7087912087912088 0.7408376963350786  
0.6950959488272921 0.6373626373626373 0.7380796864794252  
0.6652360515021459 0.685 0.7691292875989446  
0.6962025316455697 0.7079207920792079 0.7211155378486056  
0.6876355748373102 0.729064039408867 0.738471673254282  
0.635593220338983 0.6555555555555556 0.7549019607843137  
0.6947368421052632 0.7010869565217391 0.7183191070256073  
0.7019438444924406 0.7197802197802198 0.7410540013012362  
0.6709401709401709 0.6153846153846154 0.7709019091507571  
0.6912065439672802 0.6331658291457286 0.7751004016064257  
0.6942148760330579 0.6714975845410628 0.7759892689470155  
0.7016460905349794 0.6377551020408163 0.7833333333333333  
0.7272727272727273 0.7046632124352331 0.7480211081794196  
0.7239915074309978 0.6 0.752449379490529  
0.6630901287553648 0.7580645161290323 0.742483660130719  
0.7067833698030634 0.7210526315789474 0.7433224755700326  
0.652452025586354 0.6544502617801047 0.7470433639947438  
0.7021739130434783 0.7277227722772277 0.7210526315789474  
0.6631130063965884 0.7752808988764045 0.7166123778501629  
0.6909090909090909 0.6515151515151515 0.758226997985225  
0.6800847457627118 0.6666666666666666 0.746588693957115  
0.6512605042016807 0.680628272251309 0.7102310231023102  
0.6948775055679287 0.6470588235294118 0.7331589274035317  
0.7025862068965517 0.7105263157894737 0.724476439790576  
0.6981519507186859 0.6063829787234043 0.761114797611148  
0.6725274725274726 0.7684210526315789 0.7299934938191281  
0.6893787575150301 0.5919540229885057 0.7335984095427436  
0.7164835164835165 0.681592039800995 0.7483617300131061  
0.6962025316455697 0.6298342541436464 0.7576948264571054  
0.6541850220264317 0.697560975609756 0.747866053841103  
0.673469387755102 0.6569767441860465 0.7519736842105263  
0.6860215053763441 0.6934673366834171 0.738471673254282  
0.6721991701244814 0.723404255319149 0.7400793650793651  
0.7103004291845494 0.7411167512690355 0.7379855167873601  
0.6584867075664622 0.6875 0.7588274483677548  
0.7139830508474576 0.6787564766839378 0.7257745550428477  
0.6724890829694323 0.7210526315789474 0.7366362451108214  
0.6880530973451328 0.7239583333333334 0.741222366710013  
0.6785714285714286 0.6885245901639344 0.7688772160210111  
0.7076923076923077 0.5050505050505051 0.7854807063440157  
0.691089108910891 0.6477272727272727 0.7808127914723517  
0.6911447084233261 0.6538461538461539 0.7514638906961614  
0.7173447537473233 0.71875 0.7524622455679579  
0.6831460674157304 0.7093023255813954 0.721405750798722  
0.7104677060133631 0.5683060109289617 0.7703225806451612  
0.7209302325581395 0.7675675675675676 0.7040682414698163  
0.7019438444924406 0.6785714285714286 0.7439264609323704  
0.6748329621380846 0.6349206349206349 0.7487046632124352  
0.7252747252747253 0.6060606060606061 0.7442773054283846  
0.6817248459958932 0.6790123456790124 0.7436399217221135  
0.7282377919320594 0.6783625730994152 0.7097402597402598  
0.725531914893617 0.7663043478260869 0.7153141361256544  
0.6801705756929638 0.700507614213198 0.746042216358839  
0.6865979381443299 0.616504854368932 0.749832327297116  
0.7136659436008677 0.5867346938775511 0.7508196721311475  
0.6631799163179917 0.723404255319149 0.7546174142480211  
0.693446088794926 0.6702127659574468 0.7409598948060486  
0.7203579418344519 0.6898395721925134 0.7164082687338501  
0.6528925619834711 0.7150837988826816 0.7458854509545754  
0.7032967032967034 0.6898395721925134 0.7441558441558441  
0.7077922077922078 0.6363636363636364 0.7457293035479632  
0.7034632034632035 0.595 0.7730263157894737  
0.6425619834710744 0.6598984771573604 0.7861425716189208  
0.7603485838779956 0.6648648648648648 0.7269180754226268  
0.7163865546218487 0.6770833333333334 0.7476882430647291  
0.6608695652173913 0.6774193548387096 0.748046875  
0.6841004184100419 0.645 0.7599734042553191  
0.6863543788187373 0.7411167512690355 0.7275769745649264  
0.7054945054945055 0.6262626262626263 0.7226945716154349  
0.6694560669456067 0.6914285714285714 0.776324395029431  
0.7247311827956989 0.6473988439306358 0.7661917098445595  
0.7338709677419355 0.703125 0.7342704149933066  
0.6680584551148225 0.7 0.7478376580172987  
0.7387755102040816 0.6868686868686869 0.7376171352074966  
0.7145833333333333 0.6491228070175439 0.7139124755062051  
0.7318681318681318 0.7193877551020408 0.7276290006531678  
0.6889848812095032 0.711764705882353 0.7069076823757263  
0.7388535031847133 0.6853932584269663 0.7332028701891715  
0.6836518046709129 0.5357142857142857 0.7722772277227723  
0.7252525252525253 0.6703296703296703 0.7308970099667774  
0.6645299145299145 0.6825396825396826 0.7291803278688525  
0.6604166666666667 0.712707182320442 0.760026298487837  
0.6807610993657506 0.6594594594594595 0.7644356955380578  
0.719758064516129 0.6825396825396826 0.7394789579158316  
0.675 0.7039106145251397 0.716349310571241  
0.6928251121076233 0.7081081081081081 0.731785944551902  
0.7032520325203252 0.6256410256410256 0.7498327759197324  
0.6872146118721462 0.6798029556650246 0.754055807916937  
0.6908315565031983 0.6335078534031413 0.7575558475689882  
0.6897321428571429 0.6570048309178744 0.7616240995415848  
0.6800804828973843 0.7052023121387283 0.7361111111111112  
0.7010752688172043 0.7486338797814208 0.741851368970013  
0.6716417910447762 0.6836734693877551 0.7521423862887278  
0.6946236559139785 0.6435643564356436 0.7491749174917491  
0.668724279835391 0.6464088397790055 0.7617161716171618  
0.7002141327623126 0.7431693989071039 0.7160574412532638  
0.6837606837606838 0.6243386243386243 0.7672131147540984  
0.6815144766146993 0.6577540106951871 0.7238033635187581  
0.681917211328976 0.6568047337278107 0.7606177606177607  
0.7058823529411765 0.7727272727272727 0.7413793103448276  
0.7057569296375267 0.679144385026738 0.755570117955439  
0.6987179487179487 0.695 0.750330250990753  
0.6745689655172413 0.6030927835051546 0.7591863517060368  
0.676954732510288 0.6951219512195121 0.7617493472584856  
0.6619144602851323 0.6685714285714286 0.7493403693931399  
0.7446808510638298 0.6795580110497238 0.7498367080339647  
0.7056367432150313 0.7015706806282722 0.7605820105820106  
0.650319829424307 0.6581632653061225 0.7567567567567568  
0.691089108910891 0.7555555555555555 0.7294589178356713  
0.6983471074380165 0.7 0.7327586206896551  
0.6833333333333333 0.6358381502890174 0.7638979725310661  
0.6784968684759917 0.6169154228855721 0.7576564580559254  
0.7184035476718403 0.6716417910447762 0.7627450980392156  
0.7111597374179431 0.7311827956989247 0.7179987004548408  
0.6903765690376569 0.6476683937823834 0.7657180675049636  
0.6860706860706861 0.6995073891625616 0.7690253671562083  
0.6837606837606838 0.6914285714285714 0.723846653671215  
0.6962025316455697 0.6915422885572139 0.7551426675514267  
0.7145922746781116 0.6613756613756614 0.7596594629993452  
0.7130977130977131 0.6834170854271356 0.7583222370173103  
0.7037037037037037 0.7049180327868853 0.7558441558441559  
0.7229437229437229 0.6914285714285714 0.7262135922330097  
0.7037037037037037 0.6020942408376964 0.783289817232376  
0.6805845511482255 0.6276595744680851 0.7597359735973598  
0.6854663774403471 0.6822916666666666 0.7141922825376062  
0.7096774193548387 0.7819148936170213 0.6991497710922171  
0.6968421052631579 0.6161616161616161 0.7455268389662028  
0.6723044397463002 0.6666666666666666 0.7570584372948129  
0.7096114519427403 0.7064676616915423 0.7386058981233244  
0.6876310272536688 0.6223404255319149 0.7719182597231378  
0.7037815126050421 0.6915887850467289 0.7171581769436998  
0.6391752577319587 0.6382978723404256 0.7733598409542743  
0.6962809917355371 0.6875 0.7260183968462549  
0.7037815126050421 0.5927835051546392 0.7791005291005291  
0.6701680672268907 0.6735751295336787 0.7382683410442828  
0.7024070021881839 0.764102564102564 0.7366013071895425  
0.7157894736842105 0.6206896551724138 0.7514677103718199  
0.6865342163355408 0.6612903225806451 0.727802981205444  
0.7317073170731707 0.6502732240437158 0.7551426675514267  
0.6659528907922913 0.7391304347826086 0.7243631613324625  
0.6926315789473684 0.6631016042780749 0.7717105263157895  
0.6548856548856549 0.6538461538461539 0.7716008037508373  
0.70276008492569 0.6627906976744186 0.7628330084470435  
0.6802443991853361 0.6702702702702703 0.7602921646746348  
0.7154989384288747 0.6451612903225806 0.7534426229508197  
0.6735112936344969 0.7108433734939759 0.7056899934597777  
0.7113821138211383 0.7921348314606742 0.7076719576719577  
0.7217391304347827 0.6096256684491979 0.7674267100977199  
0.7139830508474576 0.6353591160220995 0.750817527795945  
0.7172557172557172 0.6963350785340314 0.7158940397350994  
0.6517094017094017 0.7634408602150538 0.7323298429319371  
0.6950959488272921 0.6559139784946236 0.7452521283562541  
0.7023060796645703 0.7486631016042781 0.7160737812911726  
0.6702355460385439 0.6598984771573604 0.7523056653491436  
0.7136929460580913 0.6237623762376238 0.7316421895861148  
0.7105831533477321 0.7061855670103093 0.7436065573770492  
0.6952595936794582 0.7303921568627451 0.7133550488599348  
0.7373068432671082 0.625 0.7521145087833442  
0.6213389121338913 0.6473988439306358 0.7537557152188112  
0.7027027027027027 0.6898395721925134 0.7736943907156673  
0.6955602536997886 0.6294416243654822 0.7791005291005291  
0.7032967032967034 0.5533980582524272 0.7580539119000658  
0.7288135593220338 0.7142857142857143 0.7357001972386588  
0.7014925373134329 0.7065217391304348 0.7213865271419229  
0.7048832271762208 0.671875 0.7267939433838051  
0.7139784946236559 0.654054054054054 0.7532637075718016  
0.7136563876651982 0.7287234042553191 0.7162337662337662  
0.7018633540372671 0.6802030456852792 0.7509986684420772  
0.6666666666666666 0.6358974358974359 0.7750819672131147  
0.6931330472103004 0.6949152542372882 0.6946068875893437  
0.7223382045929019 0.6350710900473934 0.7412868632707775  
0.7161016949152542 0.6310160427807486 0.7754432042022325  
0.6609442060085837 0.7745664739884393 0.7206740116655865  
0.7060085836909872 0.6715686274509803 0.7645502645502645  
0.6515463917525773 0.6075268817204301 0.7776307081403044  
0.6755555555555556 0.7286432160804021 0.741030658838878  
0.71 0.7171717171717171 0.7264150943396226  
0.6942148760330579 0.7722222222222223 0.7035573122529645  
0.6800847457627118 0.664804469273743 0.7426518615284128  
0.7068607068607069 0.6887755102040817 0.7342192691029901  
0.720173535791757 0.6789473684210526 0.7269758327890268  
0.694560669456067 0.6802030456852792 0.7558062375580624  
0.725531914893617 0.6480446927374302 0.731245923026745  
0.6850715746421268 0.7065217391304348 0.7475149105367793  
0.6863543788187373 0.7359550561797753 0.7257105089226702  
0.70020964360587 0.7046632124352331 0.7387566137566137  
0.6921487603305785 0.6740331491712708 0.7402768622280818  
0.7025316455696202 0.6294416243654822 0.7227001985440106  
0.7057569296375267 0.6195121951219512 0.7327586206896551  
0.7381443298969073 0.6229508196721312 0.7443857331571995  
0.7618025751072961 0.7115384615384616 0.6949602122015915  
0.6504424778761062 0.6479591836734694 0.7946544980443285  
0.7071129707112971 0.6417112299465241 0.7686222808174028  
0.69375 0.6182795698924731 0.758575197889182  
0.6927835051546392 0.6521739130434783 0.774496644295302  
0.700218818380744 0.6939890710382514 0.7211413748378729  
0.714867617107943 0.6797752808988764 0.713813615333774  
0.7056367432150313 0.6041666666666666 0.7518199867637326  
0.7197452229299363 0.6582914572864321 0.7017195767195767  
0.6908315565031983 0.6324324324324324 0.7643979057591623  
0.693089430894309 0.6898395721925134 0.7478376580172987  
0.6895787139689579 0.7333333333333333 0.7330779054916986  
0.6991869918699187 0.6467391304347826 0.7616201859229748  
0.70995670995671 0.6752577319587629 0.7595019659239842  
0.7123893805309734 0.6703296703296703 0.7571059431524548  
0.6545842217484008 0.6666666666666666 0.7439423706614277  
0.673036093418259 0.7567567567567568 0.7496723460026212  
0.64375 0.7407407407407407 0.7349636483807006  
0.7239263803680982 0.6868131868131868 0.7200529450694904  
0.7025316455696202 0.7078651685393258 0.7470588235294118  
0.673728813559322 0.7230769230769231 0.7425742574257426  
0.6526315789473685 0.6117021276595744 0.7623436471362739  
0.693446088794926 0.605 0.7925778661365143  
0.6759656652360515 0.6153846153846154 0.7998696219035202  
0.7157464212678937 0.5925925925925926 0.7626329787234043  
0.6800847457627118 0.6629834254143646 0.7344669718770438  
0.6876310272536688 0.7039106145251397 0.7070773263433814  
0.701271186440678 0.6923076923076923 0.7432343234323432  
0.6782608695652174 0.7252747252747253 0.7175324675324676  
0.7142857142857143 0.6173469387755102 0.7642064010450685  
0.7078891257995735 0.5977653631284916 0.7398956975228161  
0.7247311827956989 0.6789473684210526 0.7321545514079896  
0.6977225672877847 0.6758241758241759 0.7402768622280818  
0.7071583514099783 0.743455497382199 0.7294117647058823  
0.7196652719665272 0.6358974358974359 0.7992047713717694  
0.6885245901639344 0.672316384180791 0.7646671061305208  
0.7145790554414785 0.6344086021505376 0.7601060304837641  
0.7015250544662309 0.6192893401015228 0.752948885976409  
0.6739130434782609 0.6082474226804123 0.7925392670157068  
0.6602972399150743 0.654054054054054 0.745740498034076  
0.6792452830188679 0.6666666666666666 0.7539893617021277  
0.6958424507658644 0.5865921787709497 0.7619663648124192  
0.6821862348178138 0.6 0.7983870967741935  
0.7233115468409586 0.6069651741293532 0.7851511169513797  
0.6913319238900634 0.6875 0.7468688200395518  
0.6612903225806451 0.75 0.7396804260985352  
0.7195876288659794 0.717391304347826 0.7323198942498348  
0.6681127982646421 0.6666666666666666 0.7542262678803641  
0.7130620985010707 0.6896551724137931 0.7430240103828682  
0.6813186813186813 0.7058823529411765 0.7181818181818181  
0.721881390593047 0.6388888888888888 0.7547918043621943  
0.7017167381974249 0.6935483870967742 0.7444444444444445  
0.6471861471861472 0.7336683417085427 0.7455621301775148  
0.7176220806794055 0.664804469273743 0.7630548302872062  
0.7089397089397089 0.6735751295336787 0.7400530503978779  
0.7098121085594989 0.6898148148148148 0.7511768661735037  
0.7034632034632035 0.6963350785340314 0.7553956834532374  
0.7109704641350211 0.546875 0.7724274406332454  
0.7483443708609272 0.71 0.7311968606932636  
0.7430830039525692 0.6368421052631579 0.7375504710632571  
0.7288888888888889 0.726775956284153 0.7249838605551969  
0.6724137931034483 0.6868131868131868 0.76171875  
0.6941649899396378 0.696969696969697 0.7612642905178211  
0.6899383983572895 0.6494252873563219 0.717948717948718  
0.6753246753246753 0.6887755102040817 0.7349081364829396  
0.6615384615384615 0.697560975609756 0.7352168199737188  
0.6911764705882353 0.7526315789473684 0.724934036939314  
0.6416666666666667 0.7395833333333334 0.7278145695364239  
0.712742980561555 0.6420454545454546 0.7316915100453661  
0.6542443064182195 0.6878306878306878 0.7662251655629139  
0.6365638766519823 0.7021276595744681 0.7701298701298701  
0.7139830508474576 0.7029702970297029 0.7440318302387268  
0.7083333333333334 0.6752577319587629 0.7441253263707572  
0.6878980891719745 0.7473684210526316 0.7284681130834977  
0.7178423236514523 0.6796116504854369 0.7235609103078983  
0.6876310272536688 0.7589743589743589 0.7278145695364239  
0.6680161943319838 0.6988636363636364 0.748015873015873  
0.6659528907922913 0.7374301675977654 0.72265625  
0.7369565217391304 0.6666666666666666 0.7229862475442044  
0.7018255578093306 0.7052631578947368 0.7585056704469646  
0.7248459958932238 0.6702702702702703 0.7543046357615895  
