0.7163 
0.6966 
0.7076 
0.6902 
0.6687 
0.6888 
0.6966 
0.6888 
0.6856 
0.6742 
0.6929 
0.6549 
0.6907 
0.6636 
0.6971 
0.6829 
0.6622 
0.6934 
0.6897 
0.7026 
0.6907 
0.6412 
0.6604 
0.7062 
0.6879 
0.6714 
0.6833 
0.6769 
0.6907 
0.6751 
0.6948 
0.6801 
0.6787 
0.6801 
0.6792 
0.6879 
0.6824 
0.6833 
0.6586 
0.7062 
0.6755 
0.6907 
0.6641 
0.6833 
0.6815 
0.6916 
0.6664 
0.7044 
0.6494 
0.6453 
0.7126 
0.6861 
0.6874 
0.6810 
0.6829 
0.7149 
0.6732 
0.6723 
0.6650 
0.6879 
0.7099 
0.6792 
0.6980 
0.6751 
0.7071 
0.6948 
0.6494 
0.6856 
0.6847 
0.6645 
0.6897 
0.6929 
0.6888 
0.6948 
0.6764 
0.6682 
0.6755 
0.6677 
0.6792 
0.6870 
0.6760 
0.6957 
0.6861 
0.6929 
0.6952 
0.6833 
0.7021 
0.6975 
0.6948 
0.6929 
0.6714 
0.6998 
0.6939 
0.6801 
0.6764 
0.6801 
0.6609 
0.6819 
0.6783 
0.6425 
0.6943 
0.6806 
0.6797 
0.7076 
0.6952 
0.6696 
0.6714 
0.6948 
0.6650 
0.6884 
0.6764 
0.6774 
0.6719 
0.6737 
0.6755 
0.6719 
0.6687 
0.7081 
0.6916 
0.7030 
0.6975 
0.6916 
0.6650 
0.6705 
0.6907 
0.7035 
0.6627 
0.7030 
0.6457 
0.6645 
0.7094 
0.6861 
0.7030 
0.6865 
0.6673 
0.7081 
0.6641 
0.6856 
0.6824 
0.6687 
0.7053 
0.6870 
0.6737 
0.6774 
0.6760 
0.6888 
0.7214 
0.6687 
0.6838 
0.6920 
0.6838 
0.6833 
0.6792 
0.6783 
0.6485 
0.6879 
0.6696 
0.6870 
0.6948 
0.6971 
0.6783 
0.6806 
0.6925 
0.6650 
0.6797 
0.6751 
0.7117 
0.6444 
0.6888 
0.6998 
0.6971 
0.6801 
0.6627 
0.6819 
0.6943 
0.7007 
0.6815 
0.7039 
0.6975 
0.6852 
0.6787 
0.6806 
0.6939 
0.6609 
0.7062 
0.6774 
0.6728 
0.6888 
0.6829 
0.7062 
0.6687 
0.6787 
0.6627 
0.6622 
0.6769 
0.6884 
0.6842 
0.7113 
0.6668 
0.7062 
0.7154 
0.6687 
0.6998 
0.7062 
0.6700 
0.6778 
0.6833 
0.6581 
0.6691 
0.6952 
0.7007 
0.7016 
0.6641 
0.7007 
0.6764 
0.6645 
0.6920 
0.6975 
0.6911 
0.6870 
0.6957 
0.6907 
0.6746 
0.7003 
0.6911 
0.7007 
0.7007 
0.7227 
0.6819 
0.6911 
0.6760 
0.7140 
0.6645 
0.6787 
0.6897 
0.6732 
0.6897 
0.6907 
0.6842 
0.6980 
0.6824 
0.6874 
0.6810 
0.6939 
0.6879 
0.6994 
0.6852 
0.7003 
0.7007 
0.6888 
0.6668 
0.6989 
0.6870 
0.6884 
0.6517 
0.6755 
0.6897 
0.7021 
0.6852 
0.6632 
0.6870 
0.6916 
0.6567 
0.6966 
0.6824 
0.7044 
0.7126 
0.6751 
0.6769 
0.7094 
0.6783 
0.6815 
0.6998 
0.6577 
0.6879 
0.6902 
0.6888 
0.6797 
0.6833 
0.7058 
0.7113 
0.6994 
0.6957 
0.6677 
0.6673 
0.6861 
0.6650 
0.6957 
0.6774 
0.7016 
0.6980 
0.6705 
0.6870 
0.6916 
0.7016 
0.7209 
0.6815 
0.6998 
0.6682 
0.6687 
0.6783 
0.6975 
0.6852 
0.6994 
0.7026 
0.6939 
0.6705 
0.6687 
0.6613 
0.6819 
0.6856 
0.7053 
0.6783 
0.6792 
0.6934 
0.6870 
0.6934 
0.6902 
0.6696 
0.6824 
0.6865 
0.6957 
0.6746 
0.6852 
0.6755 
0.6916 
0.6943 
0.6723 
0.7168 
0.7062 
0.6861 
0.6815 
0.7071 
0.6654 
0.6824 
0.6819 
0.6480 
0.6939 
0.6920 
0.6989 
0.6700 
0.6847 
0.6994 
0.6884 
0.6870 
0.6806 
0.6462 
0.7145 
0.6879 
0.6980 
0.6764 
0.6751 
0.6599 
0.7067 
0.6618 
0.6975 
0.6705 
0.6939 
0.6833 
0.6856 
0.6911 
0.6700 
0.6907 
0.6755 
0.6911 
0.6971 
0.7168 
0.6989 
0.6819 
0.7145 
0.6769 
0.6916 
0.6884 
0.6874 
0.6829 
0.6824 
0.7039 
0.7136 
0.6769 
0.6778 
0.7003 
0.6897 
0.6893 
0.6650 
0.6870 
0.6874 
0.7007 
0.6558 
0.6929 
0.6856 
0.7016 
0.6962 
0.6907 
0.6815 
0.6833 
0.6604 
0.6838 
0.6810 
0.6819 
0.6879 
0.6815 
0.6874 
0.6975 
0.6737 
0.6838 
0.6659 
0.6934 
0.6774 
0.6980 
0.6787 
0.6810 
0.6847 
0.6884 
0.6884 
0.6870 
0.6673 
0.7007 
0.6682 
0.6980 
0.6806 
0.7003 
0.6925 
0.6792 
0.7117 
0.6742 
0.6824 
0.6719 
0.7067 
0.6705 
0.6957 
0.6700 
0.6893 
0.6829 
0.6485 
0.6636 
0.6819 
0.6755 
0.6971 
0.6806 
0.6810 
0.6916 
0.7012 
0.6833 
0.6751 
0.7012 
0.6746 
0.6806 
0.6797 
0.6746 
0.6870 
0.6966 
0.7108 
0.6902 
0.7007 
0.6939 
0.6865 
0.6604 
0.7030 
0.6627 
0.6833 
0.6659 
0.6957 
0.6847 
0.6609 
0.6801 
0.6627 
0.6865 
0.6719 
0.6842 
0.6874 
0.7049 
0.6929 
0.6815 
0.7104 
0.7071 
0.6760 
0.7016 
0.6700 
0.6971 
0.6728 
0.6632 
0.6952 
0.6893 
0.6971 
0.6732 
0.6746 
0.7021 
0.6687 
0.6870 
0.6966 
0.6980 
0.6783 
0.6879 
0.6746 
0.7030 
0.7012 
0.6911 
0.6847 
0.6952 
0.6723 
0.6714 
0.6815 
0.7030 
0.6764 
0.7016 
0.6861 
0.6852 
0.6948 
0.6622 
0.6861 
0.6755 
0.6870 
0.6728 
0.6787 
0.7149 
0.7049 
0.6787 
0.6810 
0.6746 
0.6751 
0.6751 
0.6810 
0.6920 
0.6696 
0.6966 
0.6654 
0.6696 
0.6824 
0.7026 
0.7049 
0.7104 
0.7021 
0.6696 
0.6842 
0.6664 
0.6957 
0.7058 
0.6687 
0.6787 
0.6677 
0.6742 
0.6797 
0.6888 
0.7145 
0.6925 
0.6769 
0.6783 
0.6764 
0.6962 
0.6700 
0.6774 
0.6929 
0.6998 
0.6732 
0.6746 
0.7012 
0.6769 
0.6755 
0.6874 
0.6673 
0.6609 
0.6764 
0.6929 
0.6829 
0.6962 
0.6810 
0.6861 
0.6654 
0.6769 
0.6856 
0.6824 
0.6668 
0.6847 
0.6998 
0.6943 
0.6893 
0.7140 
0.6778 
0.6897 
0.6861 
0.6838 
0.6842 
0.6714 
0.6357 
0.6687 
0.6911 
0.6728 
0.7071 
0.6966 
0.6563 
0.6787 
0.6888 
0.6654 
0.6801 
0.6962 
0.6673 
0.7360 
0.6700 
0.6980 
0.6668 
0.6920 
0.6939 
0.6865 
0.6746 
0.6984 
0.6838 
0.6852 
0.6819 
0.7058 
0.6856 
0.6769 
0.6746 
0.6934 
0.6563 
0.7053 
0.6622 
0.6714 
0.6952 
0.6984 
0.6833 
0.6709 
0.7067 
0.7136 
0.6861 
0.6778 
0.7062 
0.6700 
0.6829 
0.7085 
0.6911 
0.6728 
0.6797 
0.6884 
0.7067 
0.6719 
0.6939 
0.6989 
0.6824 
0.7076 
0.6952 
0.6815 
0.6911 
0.6797 
0.6879 
0.6943 
0.7044 
0.6888 
0.6581 
0.6714 
0.6691 
0.6751 
0.6677 
0.6842 
0.6664 
0.6911 
0.6897 
0.6654 
0.6842 
0.6732 
0.6723 
0.6948 
0.6751 
0.7085 
0.6787 
0.6723 
0.6512 
0.6632 
0.6829 
0.6760 
0.6838 
0.6980 
0.6856 
0.7003 
0.6650 
0.6618 
0.6893 
0.6742 
0.6769 
0.6746 
0.6645 
0.6980 
0.6902 
0.6673 
0.6677 
0.6673 
0.6824 
0.6833 
0.6682 
0.6888 
0.6870 
0.6984 
0.7094 
0.6971 
0.6673 
0.6714 
0.6879 
0.6558 
0.6641 
0.6934 
0.6980 
0.6939 
0.6865 
0.6966 
0.6613 
0.6806 
0.6774 
0.6819 
0.6829 
0.6893 
0.6838 
0.6870 
0.6627 
0.6810 
0.6664 
0.6833 
0.6833 
0.6975 
0.6907 
0.7081 
0.6806 
0.6742 
0.6870 
0.6838 
0.6732 
0.6632 
0.6943 
0.6842 
0.6962 
0.6764 
0.7090 
0.6829 
0.6852 
0.6618 
0.6980 
0.6838 
0.6618 
0.6888 
0.6732 
0.6792 
0.6792 
0.6742 
0.6838 
0.6962 
0.6879 
0.6971 
0.6783 
0.6783 
0.7099 
0.7003 
0.6751 
0.6764 
0.6581 
0.7099 
0.6728 
0.6874 
0.6865 
0.6865 
0.6797 
0.6824 
0.7030 
0.6934 
0.7200 
0.6934 
0.6824 
0.6742 
0.6870 
0.6943 
0.7131 
0.6797 
0.7090 
0.6764 
0.6943 
0.7159 
0.6847 
0.6966 
0.6746 
0.6962 
0.6879 
0.6819 
0.7049 
0.6920 
0.6916 
0.6618 
0.6810 
0.7126 
0.6760 
0.6783 
0.7007 
0.7003 
0.6613 
0.6920 
0.6888 
0.6760 
0.6801 
0.6595 
0.6838 
0.6939 
0.6769 
0.6774 
0.6842 
0.6819 
0.6737 
0.7094 
0.6572 
0.6925 
0.6815 
0.6769 
0.6810 
0.6994 
0.6902 
0.6815 
0.6888 
0.6732 
0.6842 
0.6980 
0.7003 
0.6852 
0.6810 
0.6719 
0.6874 
0.6833 
0.6751 
0.6801 
0.6815 
0.6865 
0.6998 
0.7058 
0.6861 
0.6948 
0.6824 
0.6540 
0.6925 
0.7081 
0.6769 
0.6760 
0.6929 
0.7016 
0.6897 
0.6696 
0.6664 
0.6742 
0.7099 
0.7003 
0.6737 
0.6522 
0.6696 
0.6755 
0.6792 
0.6842 
0.6746 
0.6861 
0.6792 
0.6654 
0.6774 
0.6696 
0.6838 
0.6737 
0.6673 
0.6897 
0.6939 
0.6797 
0.6737 
0.7021 
0.6462 
0.6682 
0.7016 
0.6838 
0.6691 
0.6870 
0.6916 
0.6586 
0.6907 
0.6746 
0.6833 
0.6705 
0.6884 
0.6847 
0.6847 
0.6599 
0.6819 
0.6746 
0.6943 
0.6719 
0.6870 
0.6861 
0.6723 
0.6861 
0.6696 
0.7021 
0.6577 
0.6897 
0.6911 
0.6714 
0.6975 
0.6911 
0.6925 
0.6810 
0.6764 
0.6856 
0.6783 
0.6792 
0.6916 
0.7058 
0.6737 
0.6998 
0.6801 
0.7090 
0.6512 
0.6966 
0.6613 
0.6632 
0.6989 
0.6751 
0.6760 
0.6948 
0.7026 
0.6728 
0.7012 
0.6687 
0.6884 
0.6925 
0.6751 
0.6833 
0.6797 
0.6874 
0.6714 
0.6819 
0.6810 
0.6943 
0.6925 
0.6705 
0.6902 
0.6847 
0.6709 
0.6682 
0.7085 
0.7090 
0.6870 
0.6677 
0.6852 
0.7049 
0.6673 
0.6929 
0.6879 
0.6980 
0.6916 
0.6888 
0.6847 
0.6682 
0.6833 
0.6861 
0.6787 
0.6833 
0.6572 
0.6856 
0.6645 
0.6929 
0.6774 
0.7016 
0.6682 
0.6984 
0.6998 
0.7003 
0.6366 
0.6943 
0.6719 
0.7026 
0.6884 
0.6815 
0.6632 
0.6874 
0.7012 
0.6819 
0.6709 
0.6925 
0.6609 
0.6627 
0.6815 
0.6723 
0.6819 
0.6714 
0.7214 
0.6925 
0.6833 
0.7049 
0.6971 
0.6962 
0.7003 
0.6746 
0.6865 
0.6907 
0.6888 
0.6425 
0.6852 
0.6732 
0.6998 
0.7159 
0.7044 
0.6709 
0.6829 
