339 83 57 19 129 41 127 292 1095  
333 104 53 17 148 25 147 316 1039  
312 89 70 17 153 29 103 330 1079  
324 111 45 18 139 33 103 366 1043  
332 95 42 30 149 28 162 366 978  
327 92 59 24 133 35 116 353 1043  
323 93 58 12 157 32 112 355 1040  
317 104 44 21 140 24 114 372 1046  
306 111 51 11 160 23 116 374 1030  
299 115 51 13 158 25 102 405 1014  
318 89 59 15 130 34 130 343 1064  
320 94 55 15 137 29 220 340 972  
369 85 42 29 132 30 147 342 1006  
333 107 33 23 146 23 177 371 969  
296 114 58 7 145 33 100 349 1080  
335 91 51 20 155 29 173 328 1000  
313 121 40 15 154 30 117 414 978  
337 94 65 16 131 41 120 333 1045  
310 99 60 18 148 32 121 347 1047  
307 94 55 17 139 38 118 327 1087  
341 113 49 10 145 27 101 375 1021  
305 112 52 13 145 25 133 448 949  
315 116 55 19 153 22 110 419 973  
333 85 55 28 124 34 115 324 1084  
337 75 45 16 143 29 148 368 1021  
342 102 48 15 153 14 117 421 970  
321 112 45 25 144 20 113 376 1026  
312 101 64 12 154 26 149 353 1011  
322 99 56 14 150 37 107 362 1035  
306 107 51 17 134 28 127 379 1033  
340 93 65 19 147 30 116 343 1029  
301 96 48 21 149 20 104 409 1034  
315 94 61 22 135 32 132 360 1031  
329 107 30 20 155 14 141 386 1000  
314 104 43 12 139 28 130 383 1029  
323 106 44 15 158 30 153 333 1020  
318 101 52 15 129 35 131 359 1042  
315 107 39 25 143 19 144 357 1033  
323 103 63 22 153 19 121 417 961  
340 96 55 23 141 33 96 338 1060  
303 104 47 13 152 27 121 396 1019  
335 95 39 18 147 15 156 352 1025  
347 112 40 22 153 26 122 411 949  
341 102 40 15 165 21 131 382 985  
314 90 55 15 130 24 121 390 1043  
315 92 71 14 140 32 146 318 1054  
314 104 36 16 164 36 185 351 976  
329 82 51 20 132 21 135 336 1076  
316 113 53 21 149 11 162 405 952  
290 134 46 14 150 10 130 440 968  
340 91 50 19 156 23 80 364 1059  
333 101 48 22 139 21 127 366 1025  
328 94 42 12 158 22 121 391 1014  
330 109 42 19 140 21 150 355 1016  
328 111 41 20 130 19 123 378 1032  
311 99 57 14 149 22 82 348 1100  
328 116 47 18 154 20 150 362 987  
313 85 48 29 138 37 155 361 1016  
321 102 58 13 147 20 160 378 983  
308 88 54 23 155 28 114 374 1038  
333 88 61 12 141 38 112 322 1075  
341 108 40 17 163 26 139 370 978  
301 117 44 9 166 19 94 376 1056  
328 112 39 9 167 17 144 388 978  
328 82 47 20 151 28 132 330 1064  
346 92 47 16 125 24 149 338 1045  
303 127 48 16 156 22 157 395 958  
348 103 47 19 139 23 127 367 1009  
344 116 28 14 156 23 115 392 994  
300 118 35 15 166 19 125 420 984  
339 104 41 14 141 24 146 348 1025  
318 82 52 21 139 26 132 357 1055  
324 106 56 15 152 26 81 395 1027  
347 98 46 18 146 17 134 353 1023  
326 94 49 12 132 31 170 350 1018  
341 96 40 30 150 21 195 342 967  
330 112 41 16 134 28 136 375 1010  
306 123 54 18 148 21 137 372 1003  
318 126 45 18 141 32 132 347 1023  
312 109 59 9 137 38 119 349 1050  
335 126 39 16 160 21 117 388 980  
324 95 59 14 154 30 123 343 1040  
319 124 42 11 156 24 110 374 1022  
326 84 53 26 129 25 171 311 1057  
344 77 38 29 135 22 126 373 1038  
329 106 43 24 163 21 144 353 999  
317 97 66 16 143 30 120 321 1072  
306 107 41 13 137 26 118 355 1079  
334 84 52 21 134 42 129 338 1048  
348 100 45 18 131 22 152 333 1033  
336 106 53 19 148 19 149 371 981  
317 98 52 16 147 30 93 366 1063  
334 103 34 13 160 20 142 356 1020  
321 109 40 17 159 21 140 371 1004  
308 111 52 15 160 26 145 357 1008  
312 103 45 20 149 16 109 405 1023  
311 119 57 12 152 18 151 383 979  
322 87 54 26 139 24 148 355 1027  
317 103 51 17 133 33 151 347 1030  
333 104 27 22 161 21 203 403 908  
317 112 44 21 152 25 138 327 1046  
329 92 49 24 148 22 112 398 1008  
285 104 53 9 144 24 127 382 1054  
313 88 57 16 149 22 118 337 1082  
337 99 39 20 147 23 140 344 1033  
291 120 46 14 154 25 86 430 1016  
299 110 47 20 153 21 134 385 1013  
307 108 56 11 153 21 121 349 1056  
312 112 56 9 163 18 121 415 976  
330 93 57 15 137 32 152 331 1035  
318 93 49 27 137 22 144 371 1021  
326 104 43 18 141 24 154 361 1011  
337 103 44 15 139 21 156 377 990  
326 111 35 13 145 20 154 379 999  
311 113 51 17 132 36 103 388 1031  
311 110 49 22 135 32 127 376 1020  
334 105 49 20 149 23 162 364 976  
350 82 56 12 133 28 146 313 1062  
328 97 59 17 145 26 103 371 1036  
352 93 29 29 141 23 163 311 1041  
331 99 56 15 146 26 134 330 1045  
293 107 56 8 161 24 101 377 1055  
301 119 42 15 148 20 116 419 1002  
321 103 56 24 143 26 164 346 999  
321 97 42 19 149 15 142 360 1037  
313 90 61 10 145 23 94 369 1077  
341 117 25 21 160 10 152 411 945  
309 108 50 9 149 31 110 340 1076  
307 96 60 20 154 30 197 370 948  
327 112 34 19 152 18 165 384 971  
348 83 54 20 142 34 142 301 1058  
320 104 40 19 144 26 137 359 1033  
340 101 48 19 143 28 130 322 1051  
338 89 50 15 155 17 120 393 1005  
330 94 41 23 160 11 150 407 966  
325 91 49 17 147 31 145 304 1073  
302 120 49 21 147 20 172 351 1000  
343 98 41 14 146 21 145 367 1007  
320 118 53 11 144 26 106 379 1025  
299 98 62 14 151 23 140 386 1009  
321 93 55 21 145 23 139 312 1073  
302 110 48 9 150 38 115 363 1047  
321 112 48 13 146 25 133 381 1003  
326 95 52 12 132 31 133 381 1020  
343 111 45 10 154 19 111 411 978  
325 86 56 18 148 16 132 371 1030  
342 101 45 13 152 23 94 332 1080  
306 86 49 20 148 21 155 392 1005  
317 112 45 6 139 20 92 415 1036  
323 97 53 13 145 23 127 359 1042  
332 115 42 19 163 12 115 387 997  
343 103 43 12 131 27 140 366 1017  
342 88 58 20 145 30 126 378 995  
300 113 43 12 162 17 140 377 1018  
320 128 29 17 144 25 186 382 951  
339 89 48 18 141 25 131 370 1021  
326 117 40 12 153 32 132 388 982  
330 104 37 18 150 20 135 369 1019  
315 111 41 8 141 18 108 380 1060  
321 96 46 15 148 19 120 365 1052  
303 91 69 18 143 20 105 399 1034  
321 123 45 14 158 18 110 387 1006  
337 88 51 18 146 30 127 357 1028  
336 106 52 17 147 27 155 374 968  
334 98 45 29 142 29 147 351 1007  
338 110 41 16 148 26 150 366 987  
315 89 57 23 154 20 114 326 1084  
335 113 44 15 149 23 165 416 922  
325 81 49 20 134 17 115 397 1044  
314 98 52 14 129 26 118 347 1084  
313 110 43 12 150 29 112 355 1058  
339 89 44 23 153 24 159 359 992  
313 111 50 16 153 23 164 372 980  
344 78 65 13 138 39 124 375 1006  
313 110 51 13 151 25 115 353 1051  
330 87 61 13 148 33 137 322 1051  
347 92 51 19 137 25 156 352 1003  
322 84 58 17 134 33 136 318 1080  
330 103 45 21 148 23 113 355 1044  
360 100 44 18 141 19 141 365 994  
324 92 46 20 141 33 158 352 1016  
299 100 58 15 151 37 96 391 1035  
343 91 55 11 135 27 128 356 1036  
334 102 35 17 158 17 156 413 950  
345 94 49 15 150 33 132 318 1046  
332 121 32 14 162 17 118 402 984  
328 114 55 13 136 14 129 389 1004  
354 99 48 10 137 24 158 340 1012  
322 93 42 21 145 26 142 368 1023  
338 94 44 14 140 20 124 345 1063  
306 129 44 16 163 13 102 419 990  
319 114 48 26 133 24 120 369 1029  
306 116 40 18 143 27 136 399 997  
301 96 50 22 153 25 123 421 991  
350 93 45 12 142 38 160 357 985  
348 87 50 23 149 30 138 352 1005  
331 91 52 19 143 31 136 360 1019  
337 102 51 12 156 24 106 335 1059  
300 126 45 18 142 19 138 381 1013  
321 94 56 14 137 42 147 288 1083  
327 101 59 12 149 25 84 340 1085  
319 98 56 15 156 25 156 373 984  
322 98 59 9 136 26 128 335 1069  
337 93 62 16 147 29 127 314 1057  
332 96 40 16 149 20 164 384 981  
325 105 47 18 142 28 134 371 1012  
335 109 34 8 147 24 130 386 1009  
346 95 44 25 148 20 162 400 942  
301 127 37 16 149 20 143 379 1010  
296 99 48 9 148 36 126 347 1073  
314 108 56 22 145 20 116 331 1070  
313 92 50 9 155 31 107 362 1063  
339 94 35 22 147 19 156 407 963  
327 92 50 18 141 29 111 353 1061  
312 116 54 8 166 28 118 382 998  
318 110 40 17 155 17 126 422 977  
324 99 56 19 140 33 102 363 1046  
309 99 44 23 141 20 106 368 1072  
335 94 51 14 147 30 115 370 1026  
314 98 58 14 139 25 117 371 1046  
331 95 60 25 152 24 123 337 1035  
312 83 55 19 135 33 113 372 1060  
320 116 48 11 160 19 127 389 992  
338 101 41 20 148 30 142 320 1042  
313 77 58 13 137 24 121 381 1058  
343 88 54 19 140 27 119 346 1046  
335 98 52 19 127 40 123 321 1067  
329 85 63 18 134 33 116 290 1114  
292 114 59 17 147 32 137 335 1049  
309 106 44 10 156 18 108 388 1043  
321 115 58 12 157 31 119 372 997  
345 98 56 8 132 37 111 314 1081  
316 112 35 12 163 16 156 401 971  
331 74 49 20 127 43 142 373 1023  
331 99 45 13 154 25 114 381 1020  
316 122 47 14 147 31 125 374 1006  
320 98 47 19 148 28 159 326 1037  
304 111 50 8 134 35 96 375 1069  
310 96 56 15 155 21 135 366 1028  
331 109 33 16 163 16 109 376 1029  
317 105 53 9 156 30 114 382 1016  
332 97 40 21 130 34 133 357 1038  
338 91 42 25 131 12 169 357 1017  
330 82 46 23 128 18 141 358 1056  
346 109 35 14 152 13 133 377 1003  
325 86 53 16 138 27 108 366 1063  
342 103 52 18 135 22 112 380 1018  
316 95 68 11 137 27 95 358 1075  
328 94 55 8 145 32 121 343 1056  
338 97 43 15 141 25 105 394 1024  
303 98 56 20 155 25 158 370 997  
349 113 40 15 152 16 118 355 1024  
349 104 37 27 145 20 148 347 1005  
327 83 36 14 148 35 122 390 1027  
334 109 29 14 148 18 163 427 940  
312 124 27 17 168 17 133 390 994  
318 103 58 12 152 26 100 378 1035  
326 94 57 22 139 41 126 310 1067  
312 104 46 14 151 24 151 348 1032  
323 108 39 21 145 10 146 411 979  
335 104 46 8 140 23 111 391 1024  
343 86 49 12 134 33 135 358 1032  
303 137 33 18 147 21 148 392 983  
325 78 71 23 138 35 144 311 1057  
301 103 46 12 155 26 117 389 1033  
345 87 33 20 126 26 152 327 1066  
333 78 46 10 141 23 135 335 1081  
314 104 44 15 137 30 128 388 1022  
330 92 54 26 139 25 137 371 1008  
334 95 41 16 150 19 123 340 1064  
312 117 60 9 140 32 102 382 1028  
318 119 36 20 148 25 114 381 1021  
333 90 49 28 129 35 118 335 1065  
324 112 37 16 165 17 101 464 946  
337 100 55 20 140 31 128 347 1024  
356 92 39 22 129 31 177 315 1021  
316 107 45 19 138 28 122 358 1049  
315 86 78 33 142 27 144 331 1026  
336 99 48 20 151 20 135 369 1004  
310 89 63 24 129 29 105 332 1101  
313 93 48 12 160 22 111 344 1079  
331 81 60 14 152 36 137 328 1043  
330 112 54 14 132 29 107 348 1056  
357 88 41 25 126 27 189 355 974  
316 111 45 10 156 22 102 436 984  
294 115 54 19 174 31 115 351 1029  
277 113 61 15 152 22 107 413 1022  
331 84 65 18 144 25 125 347 1043  
309 111 66 22 141 20 140 345 1028  
306 101 54 21 151 28 125 322 1074  
313 87 50 11 141 15 137 359 1069  
337 95 29 17 148 22 159 397 978  
351 93 51 10 137 31 120 378 1011  
321 123 37 11 159 16 120 366 1029  
305 89 64 11 149 28 108 351 1077  
335 100 48 28 133 15 116 302 1105  
335 88 42 15 160 26 165 359 992  
312 96 57 19 152 27 121 335 1063  
320 112 55 12 146 25 137 383 992  
306 118 55 11 165 13 139 387 988  
323 119 56 17 153 26 101 383 1004  
356 95 47 25 137 27 141 325 1029  
321 101 63 13 145 24 113 373 1029  
342 75 54 15 150 23 131 358 1034  
330 102 38 14 162 16 97 382 1041  
327 99 67 12 153 25 127 338 1034  
336 114 43 13 149 22 132 395 978  
331 111 49 17 141 20 133 393 987  
315 122 41 12 153 19 112 433 975  
353 110 34 28 146 16 126 380 989  
334 99 47 15 142 19 103 403 1020  
351 101 53 21 142 29 126 313 1046  
310 100 50 13 148 26 129 384 1022  
312 108 57 15 151 20 113 387 1019  
315 107 43 15 144 22 146 336 1054  
310 109 52 7 160 25 104 386 1029  
293 95 69 17 149 24 95 369 1071  
341 82 67 16 130 26 105 380 1035  
342 90 45 21 152 18 138 409 967  
349 89 56 20 144 35 135 358 996  
364 81 57 32 123 32 156 326 1011  
315 108 46 28 148 23 110 349 1055  
335 90 44 26 159 23 143 384 978  
304 108 55 13 145 22 107 382 1046  
336 97 45 15 156 22 142 387 982  
307 97 52 8 155 31 123 362 1047  
325 109 51 31 141 30 127 319 1049  
302 114 46 13 134 27 142 373 1031  
328 88 56 13 157 24 99 338 1079  
337 71 55 13 153 38 121 343 1051  
305 106 53 22 139 26 93 385 1053  
310 115 48 18 133 21 118 375 1044  
289 83 83 15 127 47 91 320 1127  
336 119 26 26 153 16 114 429 963  
341 100 41 9 156 17 132 394 992  
316 109 56 14 146 16 131 368 1026  
329 106 40 16 144 32 183 391 941  
343 97 57 14 153 21 120 359 1018  
327 83 65 17 139 29 109 369 1044  
302 86 58 12 156 36 118 347 1067  
321 102 46 24 127 28 179 341 1014  
322 96 48 16 155 33 115 380 1017  
307 89 62 16 135 29 109 351 1084  
323 90 62 14 164 25 117 372 1015  
334 92 58 13 139 33 152 335 1026  
332 106 43 12 137 18 121 397 1016  
319 103 40 16 147 24 163 426 944  
358 87 54 9 137 39 114 320 1064  
355 88 28 20 148 28 144 373 998  
335 84 43 18 148 24 139 351 1040  
320 117 39 16 152 29 123 382 1004  
318 99 55 25 138 22 114 394 1017  
344 109 34 24 150 16 154 405 946  
302 89 69 16 156 34 123 309 1084  
309 110 46 14 158 26 171 371 977  
320 91 60 16 138 33 93 367 1064  
320 101 58 28 147 22 132 378 996  
339 94 41 17 148 24 105 387 1027  
319 94 47 14 148 28 103 405 1024  
304 101 61 12 139 19 110 383 1053  
340 94 39 16 117 33 131 361 1051  
331 104 46 25 139 24 125 396 992  
310 116 56 13 161 21 109 360 1036  
330 112 51 15 150 20 126 384 994  
341 74 57 25 148 34 144 340 1019  
337 98 43 21 152 26 105 368 1032  
332 95 36 14 168 27 139 307 1064  
313 114 48 16 141 30 111 338 1071  
330 85 50 22 157 29 138 370 1001  
330 72 43 20 137 35 134 319 1092  
326 109 45 16 152 28 134 373 999  
314 113 48 17 149 29 111 355 1046  
334 88 56 20 132 29 128 359 1036  
318 107 42 18 144 23 143 349 1038  
319 90 50 24 146 26 155 347 1025  
329 116 51 8 146 36 103 379 1014  
330 108 40 10 148 41 107 340 1058  
332 81 55 20 142 29 139 301 1083  
331 103 52 24 138 15 154 357 1008  
343 93 47 21 140 29 154 359 996  
303 101 61 16 137 30 135 311 1088  
347 82 51 25 143 18 142 359 1015  
336 97 47 20 142 28 116 370 1026  
318 114 44 12 159 19 146 396 974  
324 93 49 16 137 25 107 393 1038  
318 87 59 12 140 39 153 332 1042  
346 89 46 13 148 20 126 359 1035  
315 97 43 15 140 35 178 383 976  
323 102 49 19 133 23 129 348 1056  
339 106 43 22 146 28 118 369 1011  
317 105 53 19 147 24 127 323 1067  
322 97 60 13 126 26 131 336 1071  
295 109 68 14 156 25 90 369 1056  
312 106 43 16 141 23 127 380 1034  
310 105 38 15 140 43 156 334 1041  
312 104 46 24 137 27 128 412 992  
315 99 67 16 147 22 85 401 1030  
300 92 48 19 149 25 111 401 1037  
339 111 28 23 147 20 164 348 1002  
330 97 47 22 131 33 127 355 1040  
312 98 57 18 146 27 122 373 1029  
323 93 51 19 137 35 152 332 1040  
329 84 35 19 143 21 142 359 1050  
324 84 38 21 151 24 155 390 995  
340 86 33 14 156 20 181 356 996  
343 117 27 22 151 17 177 369 959  
315 97 44 19 152 26 107 376 1046  
331 100 61 19 144 27 114 383 1003  
337 93 43 12 136 28 131 352 1050  
323 107 54 19 145 29 150 342 1013  
313 103 49 19 144 20 149 356 1029  
319 120 41 19 141 17 145 346 1034  
324 102 42 20 141 37 108 371 1037  
342 90 38 15 158 20 141 376 1002  
315 87 51 16 135 31 125 373 1049  
309 99 56 18 145 31 183 339 1002  
319 85 58 11 146 22 125 352 1064  
307 90 72 20 149 21 131 390 1002  
327 98 56 17 143 29 108 351 1053  
304 96 54 12 171 32 97 406 1010  
353 93 43 23 150 34 119 342 1025  
306 96 44 13 173 27 141 350 1032  
322 123 34 19 164 14 126 384 996  
327 95 50 12 145 36 78 358 1081  
345 88 38 35 150 19 210 321 976  
317 92 61 24 137 28 150 338 1035  
314 104 26 17 174 21 135 413 978  
336 104 49 17 154 25 117 328 1052  
313 109 48 24 143 34 137 367 1007  
330 98 48 31 145 24 145 318 1043  
350 84 27 27 143 15 152 415 969  
322 96 71 22 125 34 124 331 1057  
317 98 60 11 148 19 101 403 1025  
314 122 39 18 147 14 121 453 954  
311 118 41 14 142 19 125 417 995  
319 95 38 17 160 22 140 382 1009  
292 81 83 26 150 31 133 354 1032  
360 89 40 26 131 25 129 352 1030  
321 100 54 32 141 21 141 349 1023  
323 96 56 23 148 24 129 368 1015  
316 91 45 17 164 22 101 397 1029  
326 81 59 19 130 37 113 343 1074  
315 101 31 23 150 29 133 374 1026  
332 111 51 12 151 23 150 362 990  
320 92 54 11 141 27 135 333 1069  
343 78 37 20 148 25 187 363 981  
325 91 43 17 146 15 127 404 1014  
314 110 47 9 140 15 124 394 1029  
293 114 50 10 139 20 120 396 1040  
319 102 45 17 141 25 98 396 1039  
294 103 48 14 150 22 150 325 1076  
315 94 60 21 144 36 101 319 1092  
327 101 42 19 148 27 135 352 1031  
308 110 44 19 146 30 112 338 1075  
331 83 55 21 144 27 134 348 1039  
326 104 56 14 157 23 98 389 1015  
333 101 49 21 148 34 165 371 960  
350 88 55 18 143 29 122 336 1041  
318 113 52 15 158 21 122 413 970  
325 96 54 15 149 28 125 373 1017  
352 106 38 18 163 10 137 420 938  
348 106 57 25 117 28 147 301 1053  
344 102 43 19 166 15 88 421 984  
313 118 46 10 160 17 133 416 969  
311 97 50 15 161 23 117 396 1012  
321 109 39 12 156 24 111 441 969  
318 107 59 19 152 23 130 346 1028  
318 119 32 20 147 16 178 351 1001  
330 95 58 16 158 20 150 350 1005  
315 99 62 10 157 18 119 374 1028  
357 95 48 18 145 34 125 324 1036  
366 93 37 27 125 25 145 343 1021  
307 119 50 22 152 17 106 381 1028  
344 96 37 11 141 32 101 355 1065  
316 102 54 11 143 38 114 320 1084  
314 96 59 9 138 27 159 357 1023  
314 96 63 12 136 41 119 320 1081  
320 96 45 27 147 27 142 383 995  
312 97 61 7 137 38 129 329 1072  
340 93 46 25 133 31 168 351 995  
309 108 52 18 156 25 121 411 982  
315 103 56 16 143 23 93 374 1059  
323 80 40 23 128 31 168 336 1053  
304 106 60 8 154 16 88 383 1063  
313 95 40 12 155 16 150 400 1001  
311 105 58 18 154 22 105 402 1007  
307 87 53 17 144 24 129 340 1081  
316 109 47 16 168 11 142 398 975  
323 104 51 17 145 25 120 366 1031  
355 79 39 23 135 20 149 352 1030  
300 126 43 11 161 16 123 340 1062  
312 102 50 9 165 27 121 393 1003  
317 104 47 11 131 37 142 340 1053  
309 125 36 11 145 14 122 402 1018  
339 77 56 14 143 39 119 343 1052  
336 92 47 20 156 30 120 343 1038  
342 84 34 12 147 19 136 389 1019  
325 108 32 15 141 19 142 372 1028  
328 95 47 18 144 23 137 345 1045  
333 119 36 19 152 19 138 384 982  
304 103 50 19 137 36 177 332 1024  
326 118 68 14 138 25 97 373 1023  
310 103 56 25 140 33 149 282 1084  
295 112 52 14 149 20 103 405 1032  
341 91 41 15 130 34 132 338 1060  
332 121 51 14 141 27 116 356 1024  
317 109 39 22 153 25 133 359 1025  
314 90 56 17 140 30 121 352 1062  
319 103 45 17 151 18 148 406 975  
321 108 48 13 134 36 119 361 1042  
324 108 46 20 141 35 118 381 1009  
341 95 59 15 155 15 161 338 1003  
310 103 42 21 147 29 127 392 1011  
330 89 50 33 135 14 136 379 1016  
347 84 54 17 136 24 128 315 1077  
335 83 51 21 136 27 113 349 1067  
318 106 49 13 151 23 124 386 1012  
299 100 56 12 160 21 142 365 1027  
312 105 31 17 141 16 139 402 1019  
343 117 39 20 130 27 138 368 1000  
338 112 43 17 143 32 145 360 992  
318 100 51 20 146 21 127 377 1022  
322 104 54 13 138 28 92 381 1050  
346 95 30 13 170 25 172 386 945  
338 96 43 20 151 16 128 359 1031  
334 111 38 14 159 16 128 423 959  
328 122 26 21 161 12 108 432 972  
317 116 44 16 162 18 119 380 1010  
347 89 60 18 157 29 117 336 1029  
311 98 49 21 158 31 110 335 1069  
314 77 69 17 134 38 129 302 1102  
333 95 63 18 141 21 97 356 1058  
346 104 40 21 125 31 136 389 990  
343 109 36 21 149 23 151 349 1001  
337 99 40 35 149 24 129 401 968  
328 100 39 18 138 27 121 359 1052  
308 94 67 25 123 45 133 278 1109  
327 104 43 19 148 18 162 377 984  
344 103 39 36 130 24 116 383 1007  
314 125 26 20 174 20 143 391 969  
291 114 44 20 160 15 94 424 1020  
340 80 55 27 143 29 168 340 1000  
324 92 62 15 150 21 151 338 1029  
364 77 41 17 145 19 117 352 1050  
306 105 49 14 152 25 138 340 1053  
326 95 35 18 154 20 164 373 997  
324 105 53 20 126 34 106 384 1030  
332 119 50 11 145 24 116 386 999  
311 107 58 15 144 31 97 355 1064  
324 108 48 19 160 15 131 399 978  
304 112 53 17 155 36 150 336 1019  
327 101 48 16 137 21 116 368 1048  
318 97 52 21 160 19 114 352 1049  
332 101 27 18 140 18 158 391 997  
335 101 33 13 157 14 157 392 980  
347 82 56 10 131 33 165 306 1052  
333 111 36 16 132 22 120 400 1012  
313 107 41 12 135 22 133 393 1026  
319 97 53 24 150 21 122 365 1031  
348 97 27 21 144 17 202 362 964  
338 114 39 22 129 24 148 393 975  
309 100 46 14 153 26 137 383 1014  
330 105 33 15 147 23 128 366 1035  
322 109 55 12 143 22 124 370 1025  
330 106 37 14 135 41 150 315 1054  
334 97 49 25 130 30 171 324 1022  
339 102 49 23 117 46 136 329 1041  
297 114 63 15 147 30 95 413 1008  
315 92 50 20 141 27 155 361 1021  
307 102 64 16 137 28 143 333 1052  
348 94 36 11 157 16 185 351 984  
329 88 39 23 134 16 185 376 992  
331 98 38 30 149 33 133 356 1014  
348 99 48 20 135 29 156 303 1044  
343 95 48 19 141 25 121 359 1031  
332 115 40 16 160 25 99 383 1012  
306 84 68 20 141 31 91 330 1111  
317 104 46 11 152 26 123 393 1010  
297 98 45 13 139 30 135 356 1069  
330 92 31 14 148 25 148 375 1019  
329 90 58 19 136 25 100 398 1027  
315 97 52 16 134 36 112 376 1044  
326 106 40 14 151 15 123 419 988  
336 98 30 26 155 14 211 416 896  
317 84 51 30 140 26 181 351 1002  
324 102 61 22 129 29 118 342 1055  
321 112 44 20 143 26 134 378 1004  
317 90 45 15 139 38 147 304 1087  
315 95 73 17 143 32 110 335 1062  
332 108 33 15 157 18 161 415 943  
323 110 49 15 138 29 139 359 1020  
317 100 59 9 145 28 102 381 1041  
318 108 53 12 144 35 130 392 990  
350 100 43 14 155 14 147 380 979  
347 91 49 25 139 31 146 321 1033  
310 98 51 22 155 26 130 399 991  
325 97 47 16 122 35 109 272 1159  
321 100 45 22 161 20 119 414 980  
332 98 48 17 141 35 121 340 1050  
326 108 50 17 159 17 124 411 970  
333 89 42 20 137 31 146 344 1040  
313 98 50 12 150 39 120 349 1051  
345 91 38 22 135 25 149 359 1018  
331 92 44 21 153 22 158 373 988  
326 88 72 19 160 26 93 360 1038  
332 90 46 30 150 21 129 374 1010  
318 89 51 17 153 19 145 366 1024  
325 112 53 10 147 29 110 380 1016  
333 97 37 14 132 33 149 312 1075  
311 109 51 18 154 26 109 373 1031  
319 105 38 17 135 31 169 345 1023  
310 95 56 19 143 37 132 371 1019  
330 112 47 15 155 24 96 375 1028  
326 132 37 9 149 19 112 441 957  
321 101 58 7 142 29 97 351 1076  
320 121 48 18 143 20 135 395 982  
334 106 46 23 140 32 162 348 991  
329 76 57 18 140 19 135 360 1048  
321 97 38 19 140 22 169 313 1063  
310 116 67 22 143 22 105 359 1038  
304 125 33 18 157 18 114 410 1003  
309 99 69 9 150 24 89 350 1083  
328 95 44 14 154 30 111 331 1075  
311 83 38 32 141 30 113 389 1045  
307 122 41 17 170 25 98 400 1002  
312 98 41 18 147 31 125 328 1082  
313 112 42 12 137 35 117 402 1012  
305 95 55 16 144 30 127 369 1041  
342 78 56 31 128 27 123 321 1076  
329 81 58 25 139 32 105 373 1040  
331 98 70 25 147 28 135 358 990  
318 120 45 10 146 38 123 363 1019  
328 96 47 20 144 37 135 345 1030  
331 95 59 22 135 32 117 315 1076  
320 102 62 17 155 20 155 360 991  
328 88 66 19 132 33 91 371 1054  
323 102 33 12 156 35 137 338 1046  
309 104 42 17 142 26 135 369 1038  
344 90 54 18 138 26 147 303 1062  
281 104 65 10 138 30 112 344 1098  
321 118 40 13 172 30 132 362 994  
332 96 48 11 147 29 132 358 1029  
319 79 55 21 137 33 152 359 1027  
318 99 70 22 136 30 127 333 1047  
327 114 40 14 160 20 116 363 1028  
320 100 52 9 151 26 100 358 1066  
320 94 57 20 141 31 110 367 1042  
336 101 40 24 164 13 146 422 936  
333 92 42 24 142 24 124 411 990  
308 100 52 13 158 22 137 398 994  
340 116 40 14 159 13 135 391 974  
313 95 45 18 150 18 123 426 994  
309 101 38 15 170 19 142 374 1014  
315 99 32 17 152 19 136 425 987  
368 96 37 23 141 26 172 320 999  
309 102 59 19 149 18 128 351 1047  
340 100 52 28 126 27 166 357 986  
342 100 37 18 145 25 131 378 1006  
299 100 52 21 123 35 107 398 1047  
337 106 33 13 148 10 153 400 982  
342 86 49 19 146 31 123 358 1028  
332 101 60 21 132 29 144 354 1009  
345 87 58 16 146 34 123 318 1055  
314 103 47 14 163 26 123 388 1004  
320 95 48 25 147 20 138 389 1000  
322 100 39 27 139 26 127 442 960  
290 115 59 25 163 26 117 393 994  
284 111 37 15 152 28 121 380 1054  
323 98 45 19 140 25 124 396 1012  
346 109 42 26 144 18 130 365 1002  
326 91 61 17 134 28 100 362 1063  
312 97 42 16 170 16 114 401 1014  
321 93 63 19 147 29 144 306 1060  
312 120 36 15 146 22 135 403 993  
297 113 61 17 140 28 125 394 1007  
319 111 72 8 145 26 89 372 1040  
320 101 47 25 158 16 136 386 993  
314 110 41 17 150 26 102 409 1013  
304 100 52 24 139 29 139 366 1029  
315 106 44 15 155 24 154 389 980  
317 92 51 20 147 28 91 377 1059  
330 112 40 11 154 22 102 389 1022  
346 101 28 20 150 20 175 382 960  
333 107 50 18 147 22 126 402 977  
316 121 47 16 156 13 153 376 984  
328 89 56 9 138 31 149 359 1023  
351 101 31 23 138 24 169 343 1002  
310 111 46 13 147 31 135 388 1001  
313 113 50 8 140 36 93 379 1050  
337 90 55 20 127 27 161 330 1035  
297 105 33 18 160 18 114 370 1067  
349 88 43 20 132 27 123 333 1067  
346 94 37 15 135 25 140 350 1040  
322 106 43 21 153 32 126 398 981  
316 101 43 19 146 33 168 353 1003  
298 87 59 28 124 39 132 336 1079  
333 105 30 21 145 19 179 397 953  
347 93 42 15 144 32 164 387 958  
305 87 63 19 133 36 127 337 1075  
303 90 67 11 141 36 132 323 1079  
315 80 60 15 140 34 124 355 1059  
303 125 43 18 145 23 103 372 1050  
316 116 55 11 148 33 99 348 1056  
316 119 50 16 155 31 127 396 972  
343 88 35 25 150 9 130 410 992  
327 86 51 21 131 33 194 319 1020  
312 110 53 20 136 38 123 350 1040  
317 96 50 10 149 34 176 326 1024  
310 98 45 18 145 34 136 347 1049  
292 102 60 20 148 34 84 390 1052  
313 103 56 18 142 24 92 390 1044  
308 119 45 11 145 31 137 393 993  
338 107 44 12 149 24 153 356 999  
322 100 42 24 128 17 146 399 1004  
316 115 44 14 137 28 122 368 1038  
332 96 54 19 141 31 145 346 1018  
335 95 67 16 138 35 125 322 1049  
332 97 42 18 139 24 130 364 1036  
327 92 49 20 139 35 136 305 1079  
297 119 54 17 160 33 131 343 1028  
340 97 39 18 156 20 187 350 975  
325 77 47 17 146 36 146 360 1028  
358 88 36 19 141 23 160 364 993  
335 75 39 28 137 22 187 362 997  
352 115 40 14 162 19 131 416 933  
325 92 56 21 133 33 158 307 1057  
322 98 82 16 155 29 119 345 1016  
335 79 34 12 141 21 137 380 1043  
344 91 31 23 145 14 155 392 987  
331 96 55 19 137 31 118 316 1079  
306 105 59 19 141 33 88 388 1043  
330 108 39 12 151 20 96 412 1014  
331 94 50 20 133 34 156 384 980  
342 99 51 19 133 35 151 304 1048  
300 116 53 10 152 26 121 364 1040  
335 106 33 18 142 30 187 364 967  
347 84 38 28 136 23 140 366 1020  
314 113 47 16 162 27 123 387 993  
312 96 46 27 134 26 113 392 1036  
324 93 43 17 146 23 166 358 1012  
325 93 55 11 154 25 102 425 992  
331 124 38 14 146 22 110 382 1015  
342 94 49 17 148 27 95 381 1029  
330 113 58 7 161 27 106 370 1010  
325 97 57 12 133 33 141 321 1063  
335 115 32 17 157 14 142 382 988  
332 103 52 9 134 22 100 416 1014  
334 87 62 15 137 35 117 317 1078  
317 78 54 15 142 44 132 331 1069  
323 93 53 20 144 27 170 346 1006  
309 110 46 20 130 35 141 354 1037  
331 118 30 14 164 19 184 381 941  
323 93 41 14 142 28 104 353 1084  
341 92 44 25 159 25 130 398 968  
337 112 30 17 162 11 99 413 1001  
321 105 42 11 145 33 117 376 1032  
316 94 52 20 141 34 138 346 1041  
316 106 38 20 159 11 148 376 1008  
335 107 48 17 158 21 130 370 996  
315 82 57 15 149 39 128 327 1070  
329 84 50 14 139 27 117 377 1045  
322 99 34 12 158 37 123 306 1091  
338 101 46 12 134 36 104 370 1041  
310 103 54 10 166 28 118 380 1013  
316 104 47 17 145 24 138 381 1010  
330 82 42 28 138 17 149 365 1031  
321 84 34 15 173 27 128 379 1021  
317 103 52 12 155 21 107 331 1084  
314 103 64 11 146 25 92 404 1023  
332 115 35 11 139 24 117 333 1076  
333 96 41 22 140 27 160 360 1003  
306 105 53 16 132 32 103 358 1077  
328 79 67 16 154 25 109 324 1080  
318 92 48 18 146 42 150 338 1030  
304 105 42 16 148 30 135 334 1068  
306 115 51 9 138 30 135 370 1028  
333 101 49 21 156 13 138 341 1030  
327 92 61 19 131 35 130 344 1043  
307 105 44 27 145 25 109 384 1036  
335 89 44 14 126 34 153 310 1077  
347 109 41 22 123 27 120 353 1040  
346 103 36 22 155 22 136 354 1008  
333 101 44 15 167 27 199 352 944  
307 115 43 32 147 31 105 370 1032  
337 75 60 20 139 23 111 338 1079  
309 94 50 19 143 36 143 365 1023  
310 99 62 10 141 28 108 395 1029  
290 96 65 13 144 39 114 326 1095  
327 86 42 16 142 26 111 373 1059  
303 108 54 18 162 31 162 366 978  
314 93 48 14 139 28 148 341 1057  
323 92 54 21 138 22 130 360 1042  
293 123 39 8 162 22 105 410 1020  
340 93 54 13 142 32 161 345 1002  
323 108 31 25 148 17 160 402 968  
324 112 49 19 126 21 140 349 1042  
317 95 55 8 140 33 142 335 1057  
321 105 50 14 149 25 128 383 1007  
336 97 55 18 136 32 141 361 1006  
305 121 53 16 127 29 121 349 1061  
336 114 52 11 148 22 142 353 1004  
315 92 47 22 140 19 135 397 1015  
306 97 70 12 158 26 69 360 1084  
299 115 54 20 146 32 145 382 989  
333 101 38 15 158 19 114 384 1020  
322 94 62 18 147 33 135 353 1018  
341 96 51 30 145 18 134 376 991  
327 106 48 13 144 33 112 384 1015  
334 95 42 18 134 28 124 349 1058  
324 107 45 16 147 25 138 345 1035  
310 117 46 18 136 31 160 323 1041  
321 83 40 25 157 18 117 396 1025  
302 112 48 17 148 31 117 388 1019  
306 90 44 12 161 30 128 385 1026  
327 80 61 18 130 34 111 355 1066  
321 113 49 20 160 26 125 321 1047  
317 102 53 16 151 25 129 362 1027  
342 102 29 21 162 23 134 387 982  
311 114 45 26 144 23 118 390 1011  
331 109 45 13 147 18 104 393 1022  
330 88 52 24 147 22 147 358 1014  
324 95 47 25 151 17 161 364 998  
317 96 58 16 146 20 135 373 1021  
365 92 49 22 137 24 150 358 985  
314 114 50 9 153 34 104 373 1031  
336 88 43 21 135 27 152 324 1056  
342 100 40 10 151 20 106 366 1047  
336 110 30 13 152 22 134 376 1009  
343 82 47 22 130 30 161 324 1043  
336 96 63 13 145 22 117 382 1008  
310 112 46 13 154 20 156 408 963  
321 105 45 15 153 31 120 355 1037  
303 85 56 13 144 31 114 338 1098  
327 94 51 18 124 32 137 373 1026  
319 103 51 13 138 28 133 379 1018  
326 97 59 17 151 21 111 365 1035  
329 89 61 20 158 24 107 350 1044  
333 103 38 13 146 30 136 357 1026  
345 107 45 18 148 27 127 397 968  
310 92 44 21 136 38 147 386 1008  
342 100 40 14 138 39 203 315 991  
322 106 44 21 156 30 97 335 1071  
319 91 49 24 138 25 95 370 1071  
353 86 40 20 144 27 143 396 973  
298 106 39 21 144 27 162 404 981  
335 96 43 28 123 25 171 358 1003  
327 85 60 20 149 25 158 360 998  
311 105 57 15 161 19 117 387 1010  
309 94 61 17 134 34 140 343 1050  
314 119 46 17 140 29 141 358 1018  
330 105 32 20 150 20 156 352 1017  
325 92 56 13 141 24 165 350 1016  
319 113 39 13 151 22 133 410 982  
335 86 50 31 136 25 154 358 1007  
308 116 42 24 142 9 102 428 1011  
302 96 46 20 147 30 131 367 1043  
327 124 35 19 146 17 135 382 997  
326 108 41 13 159 24 165 375 971  
330 88 51 20 151 27 160 331 1024  
331 85 51 25 135 30 133 344 1048  
296 116 54 12 153 26 130 361 1034  
351 116 39 21 156 30 137 369 963  
367 94 54 15 142 26 128 333 1023  
303 121 30 24 159 9 145 443 948  
360 89 42 23 132 26 153 391 966  
339 88 49 16 150 25 108 365 1042  
339 103 36 19 130 28 182 322 1023  
316 114 40 18 156 17 149 384 988  
355 103 54 13 155 32 100 381 989  
310 96 47 12 145 24 119 375 1054  
321 118 32 13 144 18 147 417 972  
338 78 47 26 134 24 166 334 1035  
320 101 54 12 144 37 148 358 1008  
314 95 51 18 152 25 142 360 1025  
337 107 38 17 162 18 126 413 964  
322 89 50 16 151 30 128 367 1029  
323 112 55 18 155 30 92 381 1016  
313 107 55 12 144 26 123 365 1037  
320 113 38 18 143 34 158 381 977  
313 109 63 11 151 25 111 375 1024  
315 102 41 13 159 23 126 405 998  
328 101 46 14 144 31 114 361 1043  
322 98 54 20 137 24 153 367 1007  
332 81 54 30 140 22 144 352 1027  
317 108 53 14 154 29 112 369 1026  
349 92 34 25 133 31 191 342 985  
319 91 49 14 142 22 121 388 1036  
337 96 44 23 133 27 156 375 991  
314 109 61 13 141 28 101 338 1077  
325 92 38 24 171 24 180 389 939  
342 88 55 11 150 30 147 346 1013  
315 96 49 16 154 21 110 382 1039  
312 125 58 16 150 25 98 395 1003  
322 89 30 20 162 20 124 377 1038  
341 97 34 18 143 22 145 358 1024  
374 83 40 22 148 26 149 351 989  
325 104 38 16 142 29 159 350 1019  
325 98 56 17 140 27 170 338 1011  
304 105 61 20 140 37 130 333 1052  
310 96 45 17 147 29 101 414 1023  
331 76 51 26 145 30 200 317 1006  
293 91 71 15 142 28 129 339 1074  
338 109 44 9 155 15 109 356 1047  
327 103 51 20 134 31 101 406 1009  
336 89 42 19 142 36 98 371 1049  
346 105 42 18 158 26 134 373 980  
340 104 35 13 145 22 132 329 1062  
311 110 44 9 164 15 158 425 946  
321 99 47 16 141 23 129 348 1058  
310 93 50 12 138 32 140 412 995  
318 120 46 27 140 18 110 414 989  
348 95 41 21 131 29 116 355 1046  
323 112 38 18 159 27 134 380 991  
321 100 75 24 150 29 165 314 1004  
296 83 61 27 142 29 95 371 1078  
357 92 38 15 155 22 103 379 1021  
311 118 36 15 154 18 114 413 1003  
330 100 44 13 136 22 119 354 1064  
338 97 30 25 148 17 211 343 973  
295 95 70 15 156 31 136 333 1051  
347 82 53 23 134 27 131 355 1030  
318 115 55 20 134 22 150 347 1021  
332 103 58 17 146 15 129 369 1013  
313 95 48 15 139 32 117 392 1031  
324 105 59 16 147 43 106 353 1029  
334 104 47 20 154 24 152 370 977  
342 97 42 10 150 31 165 349 996  
312 102 48 22 151 35 129 360 1023  
335 89 40 22 147 19 126 371 1033  
328 94 50 20 138 26 119 362 1045  
335 116 33 14 150 17 151 388 978  
325 99 42 14 157 15 119 387 1024  
308 86 58 14 143 28 122 380 1043  
343 110 40 9 153 20 138 401 968  
338 129 43 18 141 30 133 371 979  
349 84 53 32 118 32 162 273 1079  
313 98 59 21 152 27 95 335 1082  
345 84 53 17 141 17 160 352 1013  
319 103 54 11 135 31 128 398 1003  
343 93 56 19 138 27 120 372 1014  
336 81 54 12 125 35 115 347 1077  
357 107 30 28 134 11 137 413 965  
310 88 46 22 153 21 105 388 1049  
319 93 49 17 144 20 114 388 1038  
303 108 50 15 144 20 88 378 1076  
342 98 31 14 154 25 128 377 1013  
322 98 42 14 158 14 143 368 1023  
320 93 66 18 150 31 131 349 1024  
330 126 41 9 171 21 149 378 957  
303 95 76 14 152 35 137 334 1036  
338 91 41 31 143 19 162 341 1016  
308 120 42 16 151 24 108 391 1022  
358 86 29 21 134 18 143 394 999  
314 106 37 15 161 16 113 461 959  
329 103 49 16 142 22 109 387 1025  
322 107 47 18 158 21 133 406 970  
306 94 69 10 156 37 110 350 1050  
313 102 48 19 157 27 113 395 1008  
325 99 47 15 133 32 131 327 1073  
312 130 54 10 143 22 114 394 1003  
324 92 38 27 149 30 143 328 1051  
326 95 53 15 139 28 129 335 1062  
322 81 62 20 135 34 103 354 1071  
325 123 34 15 152 15 140 466 912  
339 98 46 13 156 29 121 360 1020  
312 106 33 26 142 20 149 382 1012  
345 92 58 17 153 29 115 338 1035  
315 108 63 17 134 26 131 335 1053  
322 105 53 18 137 29 163 327 1028  
311 126 48 12 158 16 109 424 978  
300 110 48 15 137 31 124 354 1063  
328 83 69 15 140 30 153 302 1062  
315 93 50 22 147 23 127 379 1026  
319 127 37 9 166 21 130 394 979  
316 83 60 27 139 28 114 359 1056  
333 107 47 21 159 16 103 446 950  
311 97 55 13 130 29 171 371 1005  
332 116 50 21 147 16 117 375 1008  
348 96 35 24 146 17 168 375 973  
319 124 30 19 146 17 136 368 1023  
327 105 40 13 154 22 128 409 984  
338 89 44 12 144 25 123 315 1092  
332 87 57 27 135 33 137 330 1044  
320 102 60 16 145 24 122 367 1026  
324 96 41 13 133 16 139 339 1081  
331 112 52 22 145 27 97 351 1045  
334 106 36 14 158 23 140 344 1027  
331 93 48 17 148 17 135 344 1049  
304 104 51 21 130 23 138 373 1038  
303 97 55 23 126 39 131 339 1069  
360 106 34 14 150 20 121 380 997  
280 96 61 16 151 24 125 357 1072  
319 110 40 22 167 16 189 403 916  
342 85 49 26 142 23 157 347 1011  
305 110 49 11 156 37 115 391 1008  
352 77 49 29 132 32 157 311 1043  
341 92 45 20 135 26 120 317 1086  
339 99 47 21 134 35 138 305 1064  
306 94 58 20 138 16 115 415 1020  
334 93 58 29 124 27 141 344 1032  
