0.7033195020746889 0.3722943722943723 0.8090136682674548  
0.6747720364741641 0.3905013192612137 0.7934326078655976  
0.6910299003322259 0.3968871595330739 0.8022304832713755  
0.7005405405405405 0.34491315136476425 0.7922521838207368  
0.6686807653575025 0.3647490820073439 0.7658574784651527  
0.692063492063492 0.3454545454545455 0.7874669686674216  
0.7014115092290989 0.3895781637717121 0.788775123246113  
0.6913849509269357 0.34956304619225964 0.7906273620559335  
0.679245283018868 0.3814064362336114 0.7850609756097563  
0.6803185437997724 0.36155606407322655 0.7767139027192645  
0.6846071044133477 0.3508771929824561 0.7899034892353377  
0.625 0.36436170212765956 0.7511591962905718  
0.7089337175792507 0.352 0.7819665759813447  
0.6620278330019881 0.35784313725490197 0.7623918174665618  
0.6796785304247991 0.3656998738965952 0.8  
0.6666666666666666 0.3984575835475578 0.7748934521503292  
0.6811751904243744 0.3468468468468468 0.7649589362534219  
0.695562435500516 0.35120643431635384 0.7889769724424311  
0.6753812636165577 0.37373737373737376 0.788997739261492  
0.6837416481069043 0.3687002652519894 0.8016224188790559  
0.7141361256544503 0.35582822085889565 0.787201233616037  
0.6630434782608695 0.32657657657657657 0.7425665101721439  
0.6774193548387096 0.34693877551020413 0.762539184952978  
0.7017913593256059 0.34492350486787204 0.8041543026706233  
0.7035490605427974 0.3695090439276485 0.7758358662613981  
0.7080745341614906 0.3566433566433566 0.7637795275590552  
0.6851654215581643 0.35079171741778314 0.7874136607828088  
0.6568421052631579 0.385 0.7735271614384085  
0.7000000000000001 0.3694581280788178 0.7864741641337386  
0.6695842450765864 0.3354192740926158 0.7793285552621653  
0.6988694758478932 0.37740693196405645 0.7879019908116386  
0.6911595866819746 0.35308056872037913 0.7806719516798791  
0.6709265175718849 0.3470437017994859 0.7789950887797507  
0.6882845188284519 0.37037037037037035 0.7779074290159471  
0.6848418756815704 0.3453416149068323 0.7789553368660106  
0.6701244813278009 0.39499999999999996 0.7846153846153845  
0.6802139037433155 0.33593750000000006 0.783164223975949  
0.6666666666666666 0.3602015113350126 0.787047619047619  
0.6764397905759162 0.35294117647058826 0.7560975609756099  
0.7157894736842105 0.36528497409326427 0.8024224072672218  
0.6801346801346801 0.36018957345971564 0.7751996957017877  
0.6850715746421268 0.37984496124031014 0.7848392036753445  
0.7010101010101011 0.3489167616875713 0.7601121345614738  
0.7030927835051546 0.388235294117647 0.77437106918239  
0.6908690869086909 0.33376123234916555 0.7795216741405082  
0.6610703043022035 0.38043478260869557 0.7880373831775701  
0.6480908152734779 0.39281437125748503 0.7625  
0.6955602536997886 0.3651452282157676 0.7985157699443414  
0.6442405708460753 0.35141509433962265 0.751084812623274  
0.6415929203539823 0.33407572383073497 0.7556596409055425  
0.7391304347826088 0.3856613102595797 0.8037950664136622  
0.6908713692946058 0.3527918781725888 0.7848392036753444  
0.7091891891891892 0.37844311377245504 0.7788018433179724  
0.6734693877551021 0.35714285714285715 0.7815384615384615  
0.6898002103049421 0.3299492385786802 0.7862857142857143  
0.7116704805491992 0.38156209987195905 0.8121077888519749  
0.6646403242147922 0.37378640776699024 0.7732079905992948  
0.6638388123011665 0.350253807106599 0.7717432586403343  
0.6584615384615384 0.3643122676579926 0.761425251742835  
0.688268156424581 0.37667071688942894 0.7845804988662131  
0.7092651757188498 0.3800539083557951 0.8013417815877749  
0.691683569979716 0.384887839433294 0.7728170683524299  
0.6951501154734411 0.3892145369284877 0.7984877126654065  
0.6833333333333333 0.3883720930232558 0.7688679245283019  
0.7001067235859125 0.3963254593175853 0.798499061913696  
0.6947791164658634 0.3472222222222222 0.7892749244712991  
0.6352201257861636 0.3577981651376147 0.7549251379038613  
0.7016129032258064 0.35189873417721523 0.7815646785437645  
0.7159209157127993 0.36406067677946324 0.7808326787117046  
0.6718924972004479 0.3672566371681416 0.7666536813400856  
0.6897253306205494 0.36528497409326427 0.7857416634725949  
0.6890574214517876 0.36387434554973824 0.788195741501681  
0.7152317880794701 0.35933806146572106 0.7863705972434916  
0.7010101010101011 0.3753213367609255 0.7881355932203389  
0.6673490276356192 0.35153129161118507 0.7723823975720789  
0.6538830297219559 0.3802281368821293 0.7638230647709321  
0.6839378238341969 0.3354192740926158 0.7769230769230769  
0.6483050847457628 0.3566265060240964 0.7745173745173745  
0.664576802507837 0.35031055900621116 0.7863182167563413  
0.6782608695652174 0.35173299101412064 0.7879924953095685  
0.6921487603305785 0.36739380022962115 0.7762376237623763  
0.6900958466453675 0.38987341772151896 0.7893738140417458  
0.6897297297297297 0.3692307692307692 0.7879722436391672  
0.6612576064908722 0.36647727272727276 0.7905759162303665  
0.7181628392484343 0.3501945525291829 0.7878557874762809  
0.6748717948717948 0.39277108433734936 0.7807737397420867  
0.6795284030010718 0.38133333333333325 0.7997016038791496  
0.6868686868686869 0.35354838709677416 0.7998517420311342  
0.7002096436058701 0.3559096945551129 0.788859616108393  
0.688427299703264 0.3564625850340136 0.7891520244461422  
0.6726726726726727 0.36498150431565973 0.7682067345340642  
0.7099664053751399 0.3656716417910447 0.7971503562054744  
0.6958333333333333 0.39408866995073893 0.787037037037037  
0.6772151898734177 0.38038277511961727 0.7782945736434108  
0.6560170394036209 0.38600723763570566 0.7765793528505394  
0.6925638179800222 0.3539192399049881 0.7806180847004961  
0.6472424557752341 0.36363636363636365 0.7627580833657968  
0.6715328467153283 0.36103896103896105 0.7795066413662238  
0.6631799163179917 0.3472584856396867 0.7797123391370174  
0.6516634050880625 0.36926605504587157 0.7352226720647773  
0.6680716543730242 0.385297845373891 0.7966488956587967  
0.7037433155080214 0.3557692307692308 0.7762803234501348  
0.660486674391657 0.35687732342007433 0.7824795842613214  
0.6917127071823204 0.39159001314060443 0.8020756115641217  
0.6934156378600823 0.37692307692307697 0.7909647779479325  
0.6863207547169811 0.3433667781493868 0.7758686521573119  
0.6578657865786578 0.36342042755344417 0.7753539992345962  
0.6747252747252747 0.38490566037735846 0.7942835652500939  
0.6767895878524945 0.3704545454545454 0.7619047619047619  
0.6755373592630501 0.36778523489932885 0.7834973504920515  
0.6701791359325606 0.34815756035578144 0.7770167427701673  
0.6714727085478889 0.3574144486692016 0.7764976958525345  
0.6794354838709677 0.35012594458438284 0.7680372381691233  
0.6756476683937823 0.3567035670356704 0.7726218097447797  
0.6865342163355409 0.3227383863080685 0.7810606060606059  
0.6688172043010753 0.3333333333333333 0.7774390243902439  
0.6653386454183267 0.3679012345679012 0.7654901960784313  
0.7028112449799195 0.37945791726105566 0.796400449943757  
0.7038626609442059 0.3620474406991261 0.7875332573166097  
0.6915520628683693 0.38211382113821135 0.7983128834355828  
0.6853002070393375 0.38320209973753283 0.7928679817905918  
0.682983682983683 0.38424821002386633 0.7908545727136432  
0.6733780760626398 0.3406214039125432 0.7704728950403691  
0.6491405460060667 0.3643312101910828 0.7714285714285715  
0.6815286624203821 0.37769328263624846 0.7876946448917584  
0.7105561861520999 0.370843989769821 0.7974824139207701  
0.6840521564694082 0.3640500568828214 0.7596463022508039  
0.6905027932960894 0.3791348600508906 0.8020872158032053  
0.6220871327254307 0.3737864077669903 0.7426556991774382  
0.6646341463414633 0.3632019115890084 0.7636649626425481  
0.699497487437186 0.3933518005540166 0.7993955421231583  
0.6808510638297872 0.36180904522613067 0.7861491628614916  
0.6952965235173824 0.37830687830687837 0.7992395437262357  
0.7115789473684211 0.37621359223300976 0.7760617760617761  
0.6818181818181819 0.37426900584795325 0.7603305785123967  
0.6827731092436976 0.3989145183175034 0.8022429906542057  
0.6252587991718427 0.3647642679900744 0.7716049382716049  
0.6971544715447154 0.36868686868686873 0.7782071097372487  
0.6896551724137931 0.35036496350364965 0.7842387146136189  
0.6557017543859649 0.36695018226002435 0.7675922403955878  
0.6757894736842106 0.3924221921515561 0.8022429906542057  
0.6817155756207676 0.36585365853658536 0.7878103837471784  
0.6772151898734178 0.35479951397326853 0.7736212880833012  
0.6906779661016949 0.3371647509578544 0.7736063708759955  
0.7123572170301143 0.3585564610011642 0.7694728560188827  
0.6900212314225053 0.3761118170266836 0.7817836812144212  
0.7299893276414088 0.3932729624838292 0.8138658628485305  
0.6637744034707158 0.3631901840490797 0.7651313285116101  
0.7131608548931385 0.33453670276774966 0.7836611195158851  
0.6901709401709402 0.370843989769821 0.7876039304610732  
0.6952879581151833 0.3795110593713621 0.7819607843137255  
0.6971544715447154 0.34025974025974026 0.7793103448275862  
0.7008196721311475 0.35980148883374696 0.7707203718048025  
0.6607929515418502 0.38434163701067614 0.7791810179869882  
0.64 0.34285714285714286 0.753565768621236  
0.7033195020746887 0.35969387755102045 0.7805810397553516  
0.6841552990556139 0.35789473684210527 0.7683881064162754  
0.6918238993710691 0.36991368680641185 0.7841477491342824  
0.7015590200445434 0.35294117647058826 0.7949006374203224  
0.6985854189336235 0.37420986093552466 0.7927656367746797  
0.6816647919010125 0.3513513513513513 0.7771514468245021  
0.6873661670235545 0.36829836829836826 0.7822706065318819  
0.7035490605427975 0.37197452229299366 0.7844334223578786  
0.6706586826347306 0.3594132029339853 0.7610062893081762  
0.6767983789260386 0.35903919089759795 0.7788089713843774  
0.6807653575025177 0.3636363636363636 0.771998435666797  
0.6900328587075575 0.402088772845953 0.8074487895716946  
0.6653426017874876 0.3445086705202312 0.739967897271268  
0.7103825136612023 0.34227330779054915 0.7831957989497375  
0.6901098901098901 0.3472409152086137 0.799704905938768  
0.6932447397563678 0.3722084367245657 0.7969868173258005  
0.6827794561933536 0.3820224719101124 0.7719844357976654  
0.6473629782833505 0.3695652173913044 0.7629427792915531  
0.7107438016528926 0.35339308578745193 0.7694072657743787  
0.684153005464481 0.37608966376089664 0.7944066515495087  
0.6889352818371608 0.3941411451398136 0.791713747645951  
0.6857707509881423 0.35958005249343833 0.7745173745173745  
0.6858359957401491 0.37222222222222223 0.7985212569316081  
0.7006369426751593 0.3709273182957394 0.7957317073170731  
0.7038123167155425 0.3596938775510204 0.7774736018771998  
0.6721991701244814 0.362002567394095 0.7752766119801602  
0.6897347174163783 0.357396449704142 0.7805429864253395  
0.7064881565396499 0.3576158940397351 0.7854435178165275  
0.6830265848670757 0.3653179190751445 0.7536691788972629  
0.7040816326530612 0.39473684210526316 0.7972560975609755  
0.6996838777660697 0.3690205011389522 0.7757193535672053  
0.6783867631851086 0.3391521197007481 0.7737957610789982  
0.6920821114369501 0.3668005354752342 0.7802621434078643  
0.683651804670913 0.3634085213032582 0.7797256097560977  
0.7100840336134453 0.3718459495351926 0.7995487025197442  
0.6777408637873755 0.3610188261351052 0.7740422204847538  
0.6744186046511628 0.33291614518147683 0.7857961053837342  
0.6637744034707158 0.3380614657210401 0.7681047765793528  
0.6741321388577828 0.3517241379310345 0.7620146097654749  
0.6930693069306931 0.3622448979591837 0.7665369649805448  
0.7002012072434608 0.3772151898734177 0.7790697674418605  
0.6895833333333333 0.3634053367217281 0.7787542988154375  
0.7132275132275133 0.397452229299363 0.8041002277904328  
0.6472491909385114 0.34299516908212563 0.7765427366807206  
0.6736621196222455 0.3848314606741573 0.8025194516487587  
0.7186813186813186 0.3840206185567011 0.8103061986557132  
0.6625129802699897 0.3791008505467801 0.7633824670287044  
0.6865671641791045 0.36756756756756753 0.7959791511541325  
0.6934156378600822 0.3941018766756032 0.798941798941799  
0.6775510204081632 0.3660933660933661 0.7634241245136186  
0.6813417190775681 0.3523573200992556 0.7772657450076804  
0.7045215562565721 0.3580998781973203 0.7785493827160493  
0.6797642436149313 0.35406698564593303 0.7505976095617529  
0.6508108108108108 0.3547619047619047 0.7772220084647942  
0.6773455377574372 0.3761118170266836 0.7939326674065854  
0.6752688172043011 0.3761348897535668 0.8036049568156215  
0.7081447963800904 0.38557213930348255 0.7944693572496263  
0.6883248730964467 0.35167464114832536 0.7573731812819505  
0.7070270270270269 0.3643410852713178 0.7962476547842401  
0.6782608695652174 0.38337182448036955 0.7742435996896818  
0.6846071044133477 0.3538812785388128 0.76357952325127  
0.7012987012987013 0.3526448362720403 0.7906273620559335  
0.6943820224719102 0.3560606060606061 0.7994034302759135  
0.7097457627118643 0.3665835411471321 0.7838044308632545  
0.6863387978142075 0.35368956743002544 0.785580172737514  
0.6860103626943006 0.38726114649681526 0.7918898240244835  
0.6979865771812082 0.3474903474903475 0.7872261418492388  
0.6794055201698515 0.3742690058479532 0.7728866380989482  
0.689795918367347 0.3859191655801826 0.796331677493313  
0.6994413407821229 0.35630689206762023 0.7837037037037037  
0.7101449275362319 0.3684210526315789 0.7930250189537528  
0.6964656964656964 0.3469945355191257 0.799250936329588  
0.7 0.3861671469740634 0.8161172161172161  
0.6410537870472008 0.37121212121212127 0.788425403983465  
0.6975169300225734 0.37410071942446044 0.7889561270801816  
0.678646934460888 0.3720379146919431 0.7746697746697747  
0.7165109034267912 0.36615811373092927 0.8067164179104478  
0.6673706441393876 0.3760092272202999 0.7615686274509804  
0.6990496304118269 0.33246073298429313 0.7712024123633623  
0.7095391211146839 0.3728813559322034 0.783109404990403  
0.6723404255319149 0.35209580838323357 0.7771340285824644  
0.6645898234683282 0.3859191655801826 0.7873955960516325  
0.6964490263459336 0.3362609786700125 0.793615441722346  
0.6724511930585684 0.3836633663366337 0.7805618830675779  
0.7125941872981701 0.38671411625148283 0.7939814814814814  
0.692896174863388 0.37231503579952263 0.7782458828035236  
0.6952879581151833 0.3381014304291287 0.7863636363636363  
0.6739780658025922 0.35073627844712185 0.7781178270849274  
0.6932773109243697 0.3473541383989145 0.7895327102803739  
0.7039674465920651 0.372093023255814 0.782371294851794  
0.7119386637458927 0.35797665369649806 0.7932835820895522  
0.7058823529411764 0.34047919293820933 0.7824750192159876  
0.7014428412874583 0.3581699346405228 0.7968865826538176  
0.7023554603854391 0.37809647979139505 0.7930904994367256  
0.7222222222222223 0.3468634686346863 0.7831739961759082  
0.6460554371002133 0.376670716889429 0.7660391855551286  
0.7093495934959351 0.3785803237858032 0.794722545595654  
0.6883629191321498 0.36802030456852797 0.7845433255269322  
0.7194719471947194 0.36185819070904646 0.7789154342055367  
0.6795523906408952 0.3425925925925926 0.7469209376241558  
0.6745945945945946 0.3800904977375565 0.7780821917808219  
0.6996699669966997 0.3693803159173755 0.7864741641337385  
0.6855941114616194 0.3731543624161074 0.7998500749625188  
0.6645367412140575 0.3813131313131314 0.7838966957842766  
0.6729166666666667 0.34523809523809523 0.7636505460218408  
0.7135250266240682 0.347394540942928 0.7819778541428027  
0.7086776859504131 0.35402906208718626 0.782114437286851  
0.6433121019108279 0.34106728538283065 0.7679687500000001  
0.6728778467908901 0.3817427385892116 0.7902803738317757  
0.684090909090909 0.36904761904761907 0.781391830559758  
0.7026476578411406 0.3539325842696629 0.798501872659176  
0.7122994652406417 0.3873626373626373 0.8004442798963347  
0.6833514689880305 0.3378545006165228 0.7760060744115413  
0.6811145510835913 0.351010101010101 0.774490971955436  
0.7083775185577943 0.3896103896103895 0.8027159562429271  
0.6842105263157894 0.3414634146341463 0.7811550151975684  
0.6875675675675675 0.351961950059453 0.7859892224788299  
0.7003154574132492 0.34584450402144773 0.7986501687289089  
0.7089715536105032 0.3514376996805112 0.7534846674631621  
0.6898669396110543 0.35989717223650386 0.7849750862399387  
0.6833013435700575 0.3593314763231198 0.7841781874039939  
0.6832432432432433 0.35025380710659904 0.7913994718973972  
0.6488156539649845 0.3731931668856768 0.7796352583586627  
0.6899383983572895 0.3728395061728395 0.7782945736434108  
0.6881243063263042 0.3524590163934427 0.8062980593189308  
0.7033707865168539 0.4045512010113779 0.8043235184494968  
0.6939203354297694 0.3984272608125819 0.7880619569323762  
0.6969376979936641 0.3441981747066493 0.7969811320754717  
0.6754966887417219 0.3373493975903614 0.7609374999999999  
0.7022222222222222 0.3501683501683502 0.7648659152739992  
0.6599326599326599 0.40277777777777773 0.7888079724032196  
0.6517647058823529 0.35063437139561704 0.7721949376652815  
0.6939203354297694 0.37795275590551186 0.7877643504531722  
0.6457680250783698 0.36153846153846153 0.7826417967263036  
0.6703176341730559 0.39018087855297157 0.8023907358983938  
0.6871569703622393 0.3740053050397878 0.7921452389773991  
0.6919917864476387 0.3579201934703749 0.7631681623097932  
0.7192622950819672 0.3486005089058524 0.7770945426594926  
0.6881028938906752 0.381294964028777 0.7924528301886794  
0.6916099773242631 0.3835263835263836 0.7963031423290202  
0.6964656964656966 0.37412095639943743 0.8212560386473429  
0.6836734693877552 0.396039603960396 0.7701863354037267  
0.6804798255179934 0.3892445582586428 0.797449362340585  
0.6694560669456068 0.3543689320388349 0.7678018575851393  
0.6545454545454545 0.3841676367869616 0.7688715953307392  
0.6879659211927581 0.3595769682726204 0.78010878010878  
0.6980392156862745 0.36729222520107235 0.7921478060046189  
0.6888412017167381 0.36204744069912603 0.7822120866590649  
0.7132429614181437 0.3891050583657587 0.7851176917236142  
0.7244785949506037 0.38663484486873506 0.7961759082217973  
0.6819603753910324 0.3923076923076923 0.787809523809524  
0.6899383983572895 0.35391923990498814 0.7676609105180534  
0.6810699588477367 0.3426488456865128 0.7683923705722071  
0.6870229007633587 0.3430493273542601 0.7632093933463796  
0.7031872509960159 0.35351089588377727 0.7805840568271508  
0.7167381974248928 0.3463414634146342 0.781010719754977  
0.6999002991026918 0.37967914438502676 0.8006123230003827  
0.6798245614035088 0.36141636141636146 0.7763007975693126  
0.6804798255179934 0.3629807692307692 0.7793499043977056  
0.6695005313496281 0.375 0.7939736346516006  
0.6950672645739909 0.37780401416765047 0.7839999999999999  
0.679814385150812 0.3711083437110835 0.7936272693590218  
0.7163865546218486 0.3403141361256545 0.7817220543806646  
0.6993865030674846 0.36104513064133015 0.7602201257861635  
0.6993987975951904 0.36455696202531646 0.7732919254658385  
0.6907020872865275 0.34309623430962344 0.779791747011184  
0.6832971800433839 0.3681592039800995 0.7998483699772556  
0.6885919835560123 0.3781212841854934 0.7670588235294118  
0.6823793490460158 0.3558282208588957 0.7870579382994732  
0.6920700308959835 0.3745498199279712 0.7671875  
0.6868008948545862 0.3836633663366336 0.786626596543952  
0.671487603305785 0.3657587548638132 0.7992380952380952  
0.6572361262241566 0.3371069182389937 0.7781132075471698  
0.7192982456140351 0.4041184041184041 0.8067289719626167  
0.7216274089935759 0.39688715953307396 0.7905227529146296  
0.6900452488687784 0.34026927784577726 0.7908374014269621  
0.674646354733406 0.33459119496855344 0.7879245283018868  
0.68 0.3532684283727399 0.8064400715563507  
0.7021943573667712 0.34151785714285715 0.7670250896057347  
0.7074688796680498 0.375 0.7725856697819314  
0.6709129511677283 0.36545682102628285 0.782310331681281  
0.6560319042871386 0.3457382953181273 0.7444620253164557  
0.704312114989733 0.38393977415307406 0.7851908985730812  
0.7047413793103449 0.3582474226804124 0.7849624060150375  
0.6879271070615035 0.39344262295081966 0.7924248050501301  
0.6465256797583082 0.33911882510013347 0.7734553775743707  
0.7007616974972796 0.3712574850299401 0.7793103448275862  
0.6898876404494382 0.35761589403973515 0.7973519676351599  
0.6953713670613563 0.39565741857659836 0.7789716039907905  
0.6795523906408952 0.37017310252996005 0.7802281368821292  
0.7019027484143763 0.3395291201982652 0.7782458828035235  
0.6645833333333333 0.34067207415990736 0.7430145611963793  
0.7306122448979591 0.37585733882030176 0.8015065913370999  
0.7171717171717172 0.36770186335403726 0.7769560140132347  
0.7023060796645703 0.3829236739974127 0.788775123246113  
0.6844919786096257 0.3584905660377358 0.7779930259589306  
0.6846071044133477 0.3382352941176471 0.7766323024054983  
0.6818632309217046 0.35128805620608905 0.7564974010395842  
0.6703662597114317 0.41052631578947363 0.8020717721050684  
0.6444212721584984 0.37753882915173237 0.7609034267912773  
0.7111111111111112 0.3524904214559387 0.793733681462141  
0.6673618352450469 0.35722964763061965 0.7714949651432997  
0.7251336898395723 0.36185819070904646 0.7866717732669476  
0.7120535714285714 0.3536439665471923 0.7784112504751044  
0.6816143497757847 0.3505674653215637 0.786114221724524  
0.7083333333333334 0.3170731707317073 0.7884471117779446  
0.6881496881496881 0.33615477629987905 0.7704854368932039  
0.6783369803063458 0.3870192307692308 0.7914438502673797  
0.6846473029045643 0.36101083032490977 0.773841961852861  
0.6945010183299389 0.38491547464239273 0.7799464217374664  
0.716259298618491 0.37209302325581395 0.7920184190330009  
0.70042194092827 0.4313222079589216 0.8069776260902541  
0.6841530054644809 0.3615384615384616 0.8025477707006369  
0.6910994764397906 0.38292682926829263 0.7732715334105832  
0.7104413347685684 0.3805555555555556 0.8044198895027626  
0.6820083682008368 0.36626506024096384 0.7750193948797518  
0.6848418756815704 0.36699507389162556 0.7939278937381403  
0.6958333333333334 0.34736842105263155 0.783661119515885  
0.6723044397463003 0.3668789808917197 0.7884542347132549  
0.6666666666666667 0.37483953786906293 0.7800608828006089  
0.7029914529914529 0.35138387484957884 0.7809010396611475  
0.7135135135135134 0.3723270440251572 0.8003025718608169  
0.6923879040667362 0.3972027972027972 0.8052044609665427  
0.6653266331658292 0.3561290322580645 0.7771781033153432  
0.6853146853146853 0.3580562659846547 0.771793878341728  
0.6594124047878128 0.37431693989071035 0.8020641356431994  
0.6981891348088531 0.37142857142857144 0.7807692307692308  
0.7058823529411764 0.3554443053817271 0.7853042479908152  
0.6680672268907563 0.370197904540163 0.763023893458676  
0.7097480832420591 0.3420724094881398 0.7833962264150943  
0.6715945089757127 0.37333333333333335 0.7814023247094113  
0.7163561076604555 0.38095238095238093 0.7897748950782144  
0.6542056074766355 0.345679012345679 0.7533770744886145  
0.6835978835978836 0.35092348284960423 0.7936865839909809  
0.7011375387797311 0.3574051407588739 0.7837209302325582  
0.6759061833688699 0.38431372549019605 0.8019541525742202  
0.6814814814814815 0.34806629834254144 0.7948051948051948  
0.677382319173364 0.376357056694813 0.7927927927927929  
0.6812227074235808 0.34944237918215615 0.7830367285119272  
0.6638115631691649 0.36036036036036034 0.7847719562759141  
0.6738660907127431 0.3258026159334126 0.763958413554101  
0.7023411371237458 0.3533653846153846 0.7817836812144212  
0.6896551724137931 0.3568862275449102 0.7799924783753291  
0.6752988047808764 0.3693467336683417 0.781591263650546  
0.6925498426023086 0.34070221066319895 0.7872823618470856  
0.6789989118607183 0.3613861386138614 0.7804323094425483  
0.6722164412070759 0.36387782204515273 0.7849056603773585  
0.7014925373134329 0.3719115734720416 0.7903650733910426  
0.6849894291754757 0.36784409257003653 0.7662687716596073  
0.6841046277665996 0.39593908629441626 0.7714949651432997  
0.6666666666666665 0.36517533252720674 0.7647527910685805  
0.7023411371237458 0.36982968369829683 0.7909262759924385  
0.6924686192468619 0.3525091799265606 0.7742184484754921  
0.707240293809024 0.3593130779392338 0.7912584777694047  
0.6618852459016393 0.3684879288437103 0.7789311803152634  
0.6617336152219874 0.36641221374045796 0.7819148936170214  
0.6625129802699896 0.35969387755102045 0.7902178066488346  
0.7043478260869565 0.3472906403940887 0.7879939209726443  
0.7066115702479339 0.386780905752754 0.7770453664210935  
0.6930693069306931 0.3474903474903475 0.7834204630321137  
0.6344969199178644 0.3732303732303732 0.7669345579793341  
0.6957470010905126 0.3832020997375328 0.7925512104283053  
0.6623516720604099 0.36385836385836384 0.7654698242933538  
0.7009646302250805 0.36619718309859156 0.7947169811320755  
0.7012687427912342 0.3851351351351351 0.7742430049827519  
0.717479674796748 0.3787878787878788 0.7921174652241113  
0.6754966887417219 0.41586538461538464 0.7859862909367861  
0.6807610993657506 0.37788018433179726 0.7811764705882352  
0.7356580427446568 0.36662452591656136 0.8055141579731744  
0.6503298774740811 0.3931847968545216 0.768503937007874  
0.6597294484911551 0.36243386243386244 0.7820173781639592  
0.6901098901098901 0.3853820598006644 0.7667581340650724  
0.7007299270072992 0.3938618925831202 0.8021349599695006  
0.663135593220339 0.348780487804878 0.7746153846153846  
0.6720977596741344 0.3810775295663601 0.7958794353300267  
0.7070707070707071 0.34582829504232165 0.7608951707891636  
0.6729362591431557 0.34106412005457026 0.7905759162303664  
0.7013274336283186 0.3579201934703749 0.7785795670338017  
0.6767241379310345 0.3263041065482797 0.752662721893491  
0.6760869565217391 0.3333333333333333 0.7677469135802468  
0.6875 0.3827751196172248 0.7761538461538462  
0.6438809261300992 0.3787878787878788 0.7744840525328329  
0.7171314741035858 0.3474801061007957 0.7904834996162701  
0.6625386996904025 0.35969387755102045 0.7836078130984296  
0.68 0.36679058240396534 0.7786728039892596  
0.7133182844243793 0.38362573099415204 0.7845977887914601  
0.7056277056277056 0.35135135135135137 0.7955555555555556  
0.6862745098039215 0.3627569528415961 0.7835051546391754  
0.6720647773279352 0.3728395061728395 0.7716289945440375  
0.6866952789699571 0.3785234899328859 0.79568291775214  
0.6805555555555557 0.3785166240409207 0.7622377622377623  
0.7004310344827586 0.3565323565323565 0.7749331295376386  
0.6840958605664488 0.34653465346534656 0.7801364670204701  
0.665909090909091 0.33985330073349634 0.7801950487621905  
0.7088888888888888 0.34306569343065696 0.7865253595760787  
0.6511627906976745 0.3926701570680628 0.7979236188357434  
0.695364238410596 0.37994722955145116 0.8088888888888889  
0.6876971608832807 0.3723270440251572 0.7876241405653172  
0.6836847946725859 0.3700887198986058 0.8040388930441287  
0.6931937172774869 0.3754889178617992 0.7865253595760787  
0.7056277056277056 0.37203791469194314 0.7819722650231125  
0.6646706586826346 0.3596597812879708 0.7562032296179599  
0.7121057985757885 0.37780713342140027 0.7934451219512196  
0.678038379530917 0.35990888382687924 0.76138147566719  
0.6914893617021276 0.3679012345679012 0.7781178270849274  
0.7018943170488535 0.3704545454545455 0.7561467150342605  
0.6750727449078563 0.33717579250720464 0.7980295566502463  
0.7319148936170212 0.3734533183352081 0.7763313609467457  
0.6709539121114684 0.3632236095346198 0.76  
0.6903440621531631 0.37749120750293086 0.7754789272030651  
0.7031763417305587 0.34743875278396436 0.7591069330199766  
0.6687697160883282 0.3804755944931164 0.7865340474368783  
0.6456852791878173 0.3675 0.7762698720434277  
0.6741573033707865 0.3964868255959849 0.776661514683153  
0.6847826086956521 0.3852760736196319 0.7820464054773677  
0.714 0.3810775295663601 0.7960046100653093  
0.7079303675048355 0.33875338753387535 0.7878086419753086  
0.6739846322722284 0.3606168446026097 0.7877394636015326  
0.7374062165058949 0.36340206185567014 0.8022598870056497  
0.6922234392113911 0.37780713342140027 0.8047512991833705  
0.6603575184016824 0.36078431372549025 0.7726586102719033  
0.6840958605664488 0.36707152496626183 0.799260628465804  
0.6736842105263158 0.3555018137847642 0.7692307692307692  
0.6797385620915033 0.36778523489932885 0.7937800814513143  
0.6719367588932808 0.34725848563968664 0.7695282289249805  
0.6739367502726281 0.3569794050343249 0.7633113097551497  
0.7015590200445435 0.35660847880299257 0.7950450450450449  
0.6750261233019854 0.35261707988980723 0.7855277881387542  
0.6988505747126437 0.3751522533495737 0.7953610175832398  
0.6782231852654388 0.37214885954381755 0.767638036809816  
0.6850220264317181 0.36023391812865496 0.774317570165321  
0.6822222222222223 0.38095238095238093 0.7983751846381093  
0.6680761099365751 0.3862068965517241 0.7653061224489796  
0.6886993603411514 0.36159600997506236 0.7858231707317073  
0.7099999999999999 0.36290322580645157 0.786259541984733  
0.6644518272425249 0.39509202453987735 0.8027210884353742  
0.6887417218543046 0.3832752613240419 0.7724297266076242  
0.6759061833688699 0.3474801061007957 0.7881736526946107  
0.6776315789473684 0.34441805225653216 0.7800766283524905  
0.7182203389830508 0.3768115942028985 0.7906801954152575  
0.7066246056782334 0.3914680050188206 0.7935779816513762  
0.7200000000000001 0.3684210526315789 0.7790519877675842  
0.6863780359028512 0.35427135678391963 0.7844334223578786  
0.6883525708289612 0.3745123537061118 0.7910673732021195  
0.6809815950920245 0.3597633136094674 0.7729240456513184  
0.6353187042842215 0.35863874345549734 0.7748770336738555  
0.6870389884088515 0.3424317617866005 0.7842085090072825  
0.6505771248688352 0.38727524204702624 0.8065476190476191  
0.677382319173364 0.3510011778563015 0.7806354009077155  
0.7096774193548386 0.3523035230352304 0.7954971857410882  
0.6873706004140786 0.3525 0.7882986913010007  
0.6766275346851655 0.37271619975639464 0.7866462010744437  
0.6885964912280702 0.3641092327698309 0.7916511367871784  
0.6708727655099895 0.3569739952718676 0.7596416049863653  
0.6903225806451613 0.34096692111959287 0.7870090634441087  
0.6893617021276596 0.3414043583535109 0.7767513471901463  
0.6739130434782609 0.40103492884864167 0.7778208607987592  
0.6790799561883899 0.3504171632896305 0.7741194486983155  
0.6818181818181819 0.3439490445859873 0.7782458828035236  
0.7103377686796317 0.3820224719101124 0.8052336448598131  
0.7142857142857143 0.36170212765957444 0.7980553477935676  
0.6853448275862069 0.363855421686747 0.7766692248656946  
0.6585903083700442 0.3911980440097799 0.7786201667930249  
0.6812227074235807 0.34306569343065696 0.776085300837776  
0.6859999999999999 0.3282828282828283 0.7776049766718507  
0.6807653575025177 0.3543990086741016 0.7737909516380653  
0.6809421841541755 0.36049382716049383 0.7801526717557251  
0.7100330760749722 0.34413965087281795 0.7909604519774011  
0.6906187624750498 0.39580908032596035 0.7550938873351978  
0.7019730010384218 0.3808322824716267 0.7906441717791411  
0.6965589155370177 0.36054421768707484 0.7602061038446294  
0.7031082529474812 0.3542354235423542 0.7708168120539255  
0.6824542518837461 0.37939110070257615 0.7826423866718325  
0.7096114519427403 0.3994910941475827 0.7915384615384615  
0.6911111111111111 0.39450686641697874 0.8028539241457002  
0.6826086956521739 0.3817663817663818 0.8037928519328957  
0.7092651757188498 0.3652849740932642 0.7975876366377684  
0.6968781470292044 0.31446540880503143 0.7686335403726707  
0.6839481555333999 0.3725 0.781725888324873  
0.6898669396110543 0.34772462077012833 0.7652173913043478  
0.702355460385439 0.35384615384615387 0.7939622641509434  
0.6588235294117647 0.3575581395348837 0.8091937249179132  
0.6659877800407332 0.3636363636363636 0.7663551401869159  
0.7006109979633401 0.3225806451612903 0.781832298136646  
0.6666666666666666 0.3849557522123894 0.7696584590945196  
0.6814988290398127 0.3583426651735723 0.7795185326709974  
0.6732673267326732 0.37532808398950135 0.7716049382716049  
0.6694214876033059 0.39164490861618806 0.7825095057034221  
0.7428571428571429 0.3841059602649007 0.7987828071510079  
0.6666666666666666 0.38578680203045684 0.7923250564334086  
0.6763485477178423 0.37837837837837834 0.7710750193348801  
0.6952789699570815 0.3169811320754717 0.7811907470610543  
0.6916666666666665 0.3493975903614458 0.7762237762237763  
0.6918798665183538 0.36180904522613067 0.7973023604346198  
0.679245283018868 0.37166085946573746 0.7673597489211456  
0.6468085106382978 0.3822441430332922 0.7799464217374665  
0.6994652406417112 0.3512820512820513 0.7912419781049452  
0.6913043478260871 0.3955500618046972 0.7962049335863378  
0.6859504132231404 0.3465346534653465 0.7704791344667697  
0.6878850102669405 0.3764988009592326 0.7668231611893583  
0.689175769612711 0.3780663780663781 0.7897897897897898  
0.701791359325606 0.32472324723247237 0.7778631821675633  
0.6811751904243742 0.3358208955223881 0.7769784172661871  
0.6830835117773019 0.3717472118959108 0.7861227601982463  
0.6673058485139022 0.3668789808917198 0.7602523659305993  
0.6766766766766766 0.3181257706535142 0.7635082223962412  
0.6754098360655738 0.3691194209891435 0.7740458015267176  
0.7013815090329437 0.36612702366127026 0.7900763358778625  
0.6822033898305084 0.3579474342928661 0.7821442197634491  
0.6825232678386762 0.3619302949061662 0.7951716333459072  
0.6613861386138613 0.3532608695652174 0.7807486631016043  
0.686234817813765 0.3188010899182561 0.7880393641180924  
0.674233825198638 0.3394919168591224 0.7703477264042798  
0.6652587117212249 0.360613810741688 0.7749525616698293  
0.6538871139510118 0.36387782204515273 0.7874251497005988  
0.6810176125244618 0.39949109414758266 0.7699530516431925  
0.6626384692849949 0.3476005188067445 0.7630769230769231  
0.6888657648283039 0.3656441717791411 0.7836166924265843  
0.6830225711481844 0.37447988904299584 0.7957317073170733  
0.7079463364293086 0.3615384615384615 0.7885277246653919  
0.7109207708779444 0.3725261932479628 0.7872423181641385  
0.6994285714285714 0.37751004016064255 0.8103574033552151  
0.6906318082788672 0.3627684964200477 0.7745398773006134  
0.6711864406779662 0.35870967741935483 0.7906804733727811  
0.6984126984126985 0.3690773067331671 0.7787542988154376  
0.7113513513513514 0.3383084577114428 0.7795066413662239  
0.6945975744211687 0.3379571248423708 0.7837837837837838  
0.6973262032085562 0.35280373831775697 0.7679751263116985  
0.6480231436837028 0.3587962962962963 0.727568006496143  
0.6469387755102041 0.3631647211413749 0.7669345579793341  
0.6813880126182965 0.3426294820717132 0.793233082706767  
0.6743697478991596 0.34793187347931875 0.7752895752895752  
0.6809881847475833 0.383448275862069 0.8028064992614475  
0.6810810810810812 0.3738562091503268 0.7943156320119671  
0.6768603465851172 0.3609195402298851 0.7504974134500597  
0.6736183524504692 0.34980988593155893 0.7798165137614679  
0.7013274336283186 0.35891089108910895 0.7850678733031675  
0.6773162939297125 0.3449101796407186 0.7644787644787644  
0.697211155378486 0.37897310513447435 0.7702596380802518  
0.690547263681592 0.3726541554959785 0.7906620742441638  
0.6731813246471228 0.36257309941520466 0.7658423493044821  
0.7072905331882482 0.3674698795180723 0.8335131247752607  
0.6918103448275862 0.36674259681093396 0.766223612197029  
0.70042194092827 0.36528497409326427 0.7942511346444782  
0.6855941114616193 0.365097588978186 0.7631785995279307  
0.6915887850467288 0.36147757255936674 0.7869844873250095  
0.6909492273730685 0.37593984962406013 0.7902255639097744  
0.696969696969697 0.3520208604954368 0.7809742999616418  
0.677584442169908 0.3759213759213759 0.7679751263116984  
0.7056277056277056 0.3936039360393604 0.7902550437761705  
0.6923879040667362 0.36809815950920244 0.7799227799227799  
0.6780383795309167 0.383939774153074 0.7790034233548878  
0.6951871657754011 0.3563636363636364 0.7803379416282641  
0.691588785046729 0.3666666666666667 0.8019395747855278  
0.6842684268426842 0.3693045563549161 0.7867226249523083  
0.6597724922440539 0.35156250000000006 0.7782426778242678  
0.6724511930585684 0.35396039603960394 0.7737281700835232  
0.7096774193548387 0.3708133971291866 0.7913779830638953  
0.692144373673036 0.3314794215795328 0.7586206896551724  
0.7093922651933701 0.3678756476683938 0.8008931894305918  
0.6652806652806653 0.3404761904761905 0.7665886026541764  
0.6646766169154229 0.3548795944233207 0.7712062256809338  
0.6970338983050848 0.37184594953519257 0.785901762279715  
0.6652849740932641 0.3830369357045143 0.7968515742128935  
0.6666666666666667 0.3552795031055901 0.7896538607835678  
0.6770601336302895 0.35480225988700564 0.7772181325067803  
0.6990950226244343 0.38363171355498726 0.8028169014084507  
0.7130434782608696 0.3958868894601542 0.8064516129032258  
0.7004504504504505 0.34558823529411764 0.7857142857142857  
0.688340807174888 0.37610619469026546 0.7803738317757009  
0.6887417218543047 0.3823146944083225 0.8047601338787652  
0.6886688668866887 0.32814371257485025 0.7725190839694657  
0.6755260243632335 0.3609022556390978 0.7818250093879083  
0.7037037037037037 0.35904628330995797 0.8032848077640911  
0.709816612729234 0.3523447401774398 0.7854984894259819  
0.6686868686868688 0.3661270236612702 0.7701283547257877  
0.6809421841541755 0.3547995139732685 0.781741465285769  
0.6876310272536688 0.366412213740458 0.7850609756097561  
0.6931937172774868 0.3678474114441417 0.8044859813084112  
0.6557377049180327 0.3831891223733004 0.7685149282667699  
0.7130434782608696 0.3406451612903226 0.7898089171974523  
0.6946236559139785 0.3904881101376721 0.7939278937381405  
0.6746724890829695 0.35500000000000004 0.783987915407855  
0.6900702106318957 0.3870967741935484 0.8003014318010548  
0.6588511137162955 0.3612565445026178 0.7994175464142701  
0.6793650793650793 0.39677047289504036 0.7789968652037618  
0.6982124079915879 0.3730964467005076 0.7839999999999999  
0.6751322751322751 0.3577023498694517 0.7742178665661517  
0.6666666666666667 0.35978835978835977 0.788997739261492  
0.6972281449893389 0.385078219013237 0.7922928709055876  
0.7103218645948945 0.37987421383647796 0.7991004497751125  
0.6948968512486428 0.3551637279596977 0.786711966779917  
0.6836215666327569 0.36936936936936937 0.7509025270758123  
0.7025316455696203 0.34011976047904197 0.7671445176288261  
0.6710239651416121 0.3722025912838633 0.7654986522911051  
0.6903553299492385 0.37323943661971826 0.7708745548080728  
0.6901874310915104 0.35005834305717626 0.7646153846153847  
0.6761487964989059 0.40047114252061244 0.7797001153402536  
0.6892778993435449 0.3518518518518519 0.7633410672853829  
0.6917293233082706 0.37751004016064255 0.782608695652174  
0.6673866090712743 0.3781725888324874 0.7901886792452829  
0.6627680311890838 0.32984293193717273 0.7661227661227661  
0.7051546391752578 0.3575832305795314 0.7789392179636082  
0.6810933940774487 0.3075 0.7795979151154132  
0.6884576098059244 0.35878787878787877 0.7671875000000001  
0.7117585848074922 0.3715012722646311 0.7856324035154757  
0.6707070707070708 0.3433029908972692 0.7746641074856045  
0.7084188911704312 0.3908969210174029 0.7983352251229663  
0.6863387978142077 0.3803967327887981 0.7746913580246914  
0.6765327695560254 0.3572296476306197 0.770712909441233  
0.6872998932764142 0.3184421534936999 0.7517619420516835  
0.6473214285714286 0.368361581920904 0.7696476964769647  
0.6666666666666667 0.36276849642004766 0.7883320867614061  
0.6931330472103004 0.3422982885085574 0.774292272379495  
0.6926926926926926 0.3573200992555831 0.7831184056271981  
0.7079261672095549 0.34986945169712796 0.7941725812476653  
0.6987681970884658 0.39080459770114945 0.7797001153402537  
0.668054110301769 0.3967611336032389 0.7963936889556724  
0.6709677419354838 0.34272300469483574 0.7691711851278079  
0.6527472527472528 0.3365384615384615 0.7681159420289855  
0.6949891067538125 0.35935563816604715 0.7881773399014779  
0.6743940990516334 0.3744075829383886 0.7724620770128354  
0.6993318485523385 0.34802784222737815 0.7780337941628265  
0.6587215601300109 0.34880803011292344 0.7783661119515886  
0.6638566912539515 0.36729857819905215 0.7623492804356281  
0.7139639639639639 0.3625154130702836 0.7947467166979363  
0.7135135135135136 0.3657957244655582 0.7870619946091644  
0.6811023622047244 0.3645200486026731 0.7603960396039604  
0.6887280248190278 0.34875444839857656 0.7650743931088488  
0.6522187822497421 0.37231503579952263 0.7696519358623386  
0.6840458811261731 0.3612565445026178 0.7747065505490344  
0.6842105263157895 0.35984354628422427 0.779463243873979  
0.6702702702702703 0.35125448028673834 0.7694081475787855  
0.7033707865168539 0.3431372549019608 0.7900677200902935  
0.6739999999999999 0.3522884882108183 0.7832009080590238  
0.6875 0.3850782190132371 0.7995503934057698  
0.7181069958847737 0.360655737704918 0.8022556390977443  
0.7075664621676891 0.35809018567639256 0.7902735562310031  
0.6851063829787233 0.354577056778679 0.7661069894572432  
0.656282450674974 0.3659147869674186 0.7706492508643874  
0.6607538802660753 0.33604336043360433 0.7922173274596183  
0.6653346653346653 0.3485576923076923 0.7530620308178585  
0.6884920634920636 0.3533742331288344 0.7540338449429359  
0.673289183222958 0.3570469798657718 0.7924806487283451  
0.6688741721854304 0.3800539083557951 0.7945508100147275  
0.693069306930693 0.36649214659685864 0.7870680044593089  
0.6770949720670391 0.3502415458937198 0.7951533510034078  
0.692223439211391 0.36815920398009955 0.7978843974310541  
0.6694915254237288 0.35550458715596334 0.7629513343799058  
0.7116182572614108 0.360576923076923 0.7725856697819315  
0.6500994035785289 0.3633841886269071 0.7736063708759955  
0.6709677419354838 0.34430379746835443 0.7866868381240545  
0.6563146997929606 0.3900523560209424 0.7775246772968868  
0.6761177753544166 0.36848792884371034 0.7887218045112782  
0.6870588235294117 0.35154394299287417 0.7874251497005988  
0.6994413407821229 0.34676434676434675 0.7879245283018868  
0.6637931034482758 0.34360189573459715 0.7662037037037037  
0.6814516129032259 0.3739021329987453 0.7759223300970873  
0.6736401673640167 0.32160804020100503 0.768759571209801  
0.6817691477885653 0.34292866082603257 0.7869598180439726  
0.6789366053169734 0.36434108527131787 0.77947932618683  
0.6885919835560124 0.3709677419354839 0.792595391008689  
0.6982124079915877 0.35595390524967985 0.7872340425531915  
0.6876971608832807 0.38082191780821917 0.8043235184494969  
0.6491803278688526 0.3846153846153845 0.7856324035154757  
0.6660137120470128 0.3914680050188206 0.7659073055773764  
0.6937033084311633 0.37340153452685415 0.7773156899810965  
0.702649656526006 0.3634020618556701 0.7730634488127677  
0.6706706706706707 0.3600525624178712 0.7657450076804916  
0.7011952191235059 0.36486486486486486 0.7548543689320388  
0.6653019447287616 0.36995827538247567 0.7923538230884558  
0.6715328467153285 0.38847117794486213 0.779439969313387  
0.7188841201716737 0.36434108527131787 0.7848006019563581  
0.6963562753036437 0.35802469135802467 0.769290724863601  
0.696842105263158 0.37228260869565216 0.8058252427184467  
0.6930917327293319 0.34099153567110035 0.7859834212509419  
0.7213114754098361 0.35362997658079626 0.7815028901734106  
0.6741344195519349 0.3333333333333333 0.7585139318885449  
0.6812749003984063 0.36791147994467494 0.79484262419416  
0.6666666666666667 0.3707317073170731 0.7866868381240544  
0.6607495069033531 0.35411471321695764 0.7590266875981162  
0.7052845528455285 0.35187580853816297 0.7825086306098964  
0.6774541531823085 0.37370242214532867 0.7727626459143968  
0.6887417218543047 0.33127317676143386 0.7821819554548886  
0.6701137538779732 0.3729246487867177 0.774292272379495  
0.7135016465422614 0.35730858468677495 0.7657275183326901  
0.6983122362869199 0.3501199040767386 0.7862122385747483  
0.7284345047923324 0.3631901840490797 0.7885057471264368  
0.6991525423728813 0.3837902264600715 0.7826423866718325  
0.6792058516196448 0.36488340192043894 0.7938760268857357  
0.6864754098360656 0.37292161520190026 0.7761194029850746  
0.7155172413793104 0.3276283618581907 0.774637127578304  
0.7038988408851423 0.37637362637362637 0.802381838481578  
0.6944140197152245 0.3776595744680851 0.792145238977399  
0.6578411405295316 0.372093023255814 0.7714723926380368  
0.6609625668449199 0.3337612323491656 0.7826415094339623  
0.6567460317460317 0.38139534883720927 0.7540064102564104  
0.7193763919821826 0.36787564766839376 0.8047512991833706  
0.7009249743062693 0.3706293706293707 0.7643110935649428  
0.7231759656652361 0.36944127708095786 0.7835616438356164  
0.7001090512540894 0.3558282208588957 0.7841945288753799  
0.6752136752136753 0.3634020618556701 0.7850678733031674  
0.6694915254237288 0.38267148014440433 0.7786790266512166  
0.6893004115226337 0.3802647412755716 0.7778211636079656  
0.6907894736842106 0.3915900131406045 0.7952434039390561  
0.712892741061755 0.3564102564102564 0.7854190154077415  
0.706140350877193 0.41038961038961036 0.8135719612229679  
0.7199148029818956 0.34053367217280817 0.7892342683851404  
0.6850828729281767 0.38921453692848773 0.7774366845740599  
0.673773987206823 0.35539215686274506 0.7739463601532568  
0.6867845993756504 0.359375 0.7825426944971536  
0.7109634551495015 0.4065804935370153 0.782375478927203  
0.6982378854625552 0.39897039897039893 0.809257185516984  
0.6993318485523385 0.3497005988023952 0.7776510832383124  
0.7048832271762209 0.36530880420499345 0.808718526869598  
0.6761421319796954 0.35668789808917195 0.7733230531996916  
0.6884139482564678 0.3406451612903226 0.7977777777777778  
0.7076591154261056 0.4095744680851064 0.8044692737430167  
0.673728813559322 0.3734015345268542 0.7808946171341926  
0.6710816777041942 0.3790012804097311 0.7979081060889055  
0.6637744034707159 0.345 0.7781983345950038  
0.6830769230769231 0.39593908629441626 0.7920030757401  
0.6841004184100418 0.348404255319149 0.7853915662650602  
0.6829810901001112 0.3489771359807461 0.7866362946089598  
0.6907216494845361 0.3605150214592275 0.7992578849721707  
0.7038539553752536 0.32496697490092474 0.7935902327355971  
0.6996966632962589 0.3822441430332923 0.7862714508580343  
0.6497560975609755 0.40289505428226774 0.7521912350597608  
0.6754675467546756 0.34916864608076004 0.7898966704936854  
0.7170212765957447 0.37874659400544963 0.8022304832713755  
0.6688311688311689 0.3575 0.7749999999999998  
0.6896551724137931 0.3464373464373464 0.7763108261033572  
0.6682027649769585 0.3779527559055118 0.801024140453548  
0.7194719471947195 0.3617834394904459 0.7932584269662921  
0.6392405063291139 0.3825265643447462 0.7613857532113663  
0.6745435016111707 0.3687002652519894 0.7891004106009705  
0.6850477200424178 0.35797665369649806 0.7864150943396228  
0.6806039488966318 0.3652762119503946 0.7798165137614678  
0.6793206793206793 0.37027379400260757 0.7719568567026193  
0.665979381443299 0.34905660377358494 0.7604084838963079  
0.6694214876033058 0.3346613545816733 0.7884979190314036  
0.6788008565310493 0.3728362183754993 0.7891004106009706  
0.6837060702875399 0.3612121212121212 0.7746153846153846  
0.6836215666327569 0.3487179487179487 0.7735486351403307  
0.6623235613463627 0.33029908972691807 0.793567688855647  
0.6781029263370334 0.37185929648241206 0.7792006208769886  
0.6803455723542116 0.34567901234567905 0.7724505327245054  
0.7116279069767443 0.38964241676942046 0.8050501299665799  
0.6416309012875536 0.3472057074910821 0.7634118101119258  
0.7130620985010706 0.37844311377245504 0.7861271676300579  
0.6757607555089192 0.3712121212121212 0.7773959526536844  
0.686807653575025 0.35802469135802467 0.7739164388910581  
0.7009646302250805 0.34951456310679613 0.7786728039892595  
0.7053854276663145 0.35356200527704484 0.7957878901842798  
0.6792452830188679 0.3735705209656925 0.7891727030118185  
0.6451612903225806 0.35742444152431013 0.7880393641180923  
0.7078280044101434 0.3755980861244019 0.7821442197634491  
0.6726057906458797 0.3507109004739336 0.7772692601067888  
0.690744920993228 0.38379022646007155 0.7775672603258811  
0.7077922077922078 0.34805890227576974 0.791682138878574  
0.6765015806111697 0.39999999999999997 0.8007648183556405  
0.6788008565310492 0.3742255266418835 0.783072817384674  
0.7051546391752577 0.3780630105017503 0.7741426882144266  
0.6724324324324324 0.342449464922711 0.7782909930715936  
0.7095391211146839 0.35550181378476414 0.7849462365591396  
0.6797116374871267 0.37404580152671757 0.7779056386651322  
0.6639344262295083 0.37608966376089664 0.7721470019342361  
0.6751863684771033 0.36637390213299875 0.7770167427701674  
0.6999041227229147 0.35584415584415585 0.7722461779694237  
0.6939226519337017 0.3660287081339713 0.7861227601982463  
0.6885245901639344 0.3698630136986301 0.7945823927765238  
0.7276595744680852 0.3784461152882205 0.7974105102817973  
0.7007299270072992 0.36848484848484847 0.7821705426356589  
0.687374749498998 0.36211699164345407 0.7877643504531723  
0.6992715920915713 0.36114570361145704 0.7753846153846153  
0.6546990496304118 0.35772357723577236 0.7535211267605633  
0.6925566343042071 0.37684729064039413 0.7900952380952381  
0.6933638443935927 0.38145695364238413 0.802925045703839  
0.6855345911949686 0.3241830065359477 0.7758034026465028  
0.6801705756929638 0.3454317897371714 0.775028549676437  
0.6965811965811967 0.37655860349127185 0.7882711348057884  
0.7037433155080214 0.3954943679599499 0.793916349809886  
0.696652719665272 0.3672955974842767 0.7853042479908152  
0.6990881458966566 0.35029585798816565 0.7646129541864138  
0.6709956709956709 0.33621755253399255 0.7662485746864311  
0.6570605187319886 0.3709677419354839 0.76851492826677  
0.7061403508771931 0.3880597014925374 0.8089123867069485  
0.7112597547380156 0.3511450381679389 0.7989556135770235  
0.7095477386934673 0.35250917992656056 0.762539184952978  
0.6450216450216449 0.3404255319148936 0.7563608326908249  
0.6646825396825397 0.3266932270916335 0.7706492508643873  
0.669396110542477 0.3781725888324874 0.7679876875721431  
0.6790393013100435 0.37971698113207547 0.7769230769230769  
0.6645161290322581 0.3544973544973545 0.784167289021658  
0.6603575184016824 0.348692403486924 0.7800766283524905  
0.6783144912641316 0.3764115432873275 0.7841171935235158  
0.6659836065573771 0.3705650459921156 0.7735059002664636  
0.6816239316239315 0.3511627906976744 0.7647975077881619  
0.6760847628657921 0.35233160621761656 0.774317570165321  
0.6844444444444445 0.32984901277584205 0.7767960046100654  
0.673355629877369 0.3643122676579926 0.7842105263157895  
0.6763185108583247 0.3501199040767386 0.7779945376511901  
0.6659856996935649 0.3794749403341289 0.762465645857872  
0.6741573033707865 0.39322916666666663 0.7825754680932364  
0.692468619246862 0.35809018567639256 0.7897513187641295  
0.654867256637168 0.3727161997563947 0.7836301629405077  
0.6916256157635469 0.3679245283018868 0.7700919632147142  
0.7160975609756097 0.37765957446808507 0.7908774642442985  
0.6544276457883369 0.34754098360655733 0.751486325802616  
0.7010710808179162 0.3329129886506936 0.7594339622641509  
0.7220447284345047 0.3778337531486146 0.7920942607373622  
0.6660117878192535 0.3551912568306011 0.7827084927314459  
0.6631689401888773 0.3692307692307692 0.7700701480904131  
0.7244897959183674 0.3694874851013111 0.7772102161100197  
0.6935123042505594 0.36386449184441655 0.788627010849233  
0.6743697478991596 0.3372365339578454 0.759968725566849  
0.6807653575025175 0.36712328767123287 0.7837940174176448  
0.6701570680628272 0.36180904522613067 0.7715269804822044  
0.6723768736616702 0.3790523690773067 0.7800608828006089  
0.7006237006237006 0.3686006825938567 0.7641696393182719  
0.6947141316073355 0.3756218905472637 0.7816179263197873  
0.6998916576381365 0.36427732079906 0.7845559845559845  
0.6782231852654388 0.3609022556390978 0.7847143397654182  
0.6618407445708376 0.34375 0.761793372319688  
0.6804347826086957 0.367396593673966 0.7810831426392068  
0.6907894736842106 0.3693379790940767 0.7703589347742184  
0.7046186895810955 0.3622641509433962 0.7907505686125853  
0.6646026831785345 0.3499361430395913 0.7710566615620215  
0.6824254881808839 0.3660130718954248 0.7821782178217823  
0.6883821932681867 0.3719806763285024 0.7847036328871893  
0.6711538461538461 0.35185185185185186 0.7671339563862928  
0.6987951807228915 0.35544430538172717 0.7812971342383108  
0.6787512588116819 0.33799237611181704 0.7670278637770898  
0.6885964912280701 0.36623376623376624 0.8031319910514542  
0.6605691056910569 0.3926521239954076 0.7485053806297329  
0.6944162436548225 0.38709677419354843 0.7780337941628264  
0.6992230854605994 0.3742405832320777 0.7871212121212121  
0.6775244299674267 0.34843205574912894 0.7769171185127808  
0.7100330760749723 0.39036144578313253 0.7902550437761705  
0.6987704918032787 0.36619718309859156 0.7855772919064059  
0.7178502879078695 0.38046272493573263 0.7775157232704403  
0.672182006204757 0.36270753512132825 0.7796480489671003  
0.6559031281533805 0.3684210526315789 0.7738231917336396  
0.6580086580086582 0.36129032258064514 0.7894934333958723  
0.7053469852104663 0.3458823529411765 0.7764705882352941  
0.6522167487684729 0.3924221921515561 0.7708812260536398  
0.6569506726457399 0.3751651254953765 0.7911602209944751  
0.7138331573389651 0.38798498122653313 0.7998472116119175  
0.7039827771797632 0.3236714975845411 0.7740698120444955  
0.7304347826086957 0.35544430538172717 0.7931947069943289  
0.698284561049445 0.3770883054892601 0.7731755424063117  
0.7053941908713693 0.3825857519788919 0.8039364118092354  
0.6595970307529163 0.3697857948139798 0.7466456195737964  
0.6881028938906752 0.3671875 0.7945925647765678  
0.6775956284153006 0.33454545454545453 0.7583841463414633  
0.6773162939297125 0.3259604190919674 0.7708495713172253  
0.7182662538699689 0.3438320209973753 0.794530953285226  
0.681434599156118 0.3719298245614035 0.7739164388910582  
0.6381709741550696 0.39113428943937417 0.7749903512157468  
0.68997668997669 0.3576826196473551 0.7949852507374632  
0.7422037422037422 0.3789731051344743 0.7902476780185758  
0.6872928176795581 0.3532110091743119 0.7754155392346347  
0.7051282051282052 0.35742444152431013 0.7979002624671916  
0.6506256015399423 0.38046272493573263 0.7640361209265802  
0.6512141280353201 0.39694656488549623 0.7866766467065869  
0.7060020345879959 0.35496688741721855 0.7844630616907844  
0.6516393442622951 0.3471502590673576 0.7805810397553518  
0.6838311019567457 0.3668341708542714 0.7801309202926454  
0.6947835738068813 0.3423645320197044 0.7778196906827612  
0.6937901498929335 0.36251541307028357 0.7857961053837342  
0.6740665993945509 0.3728813559322034 0.7671770710639969  
0.685370741482966 0.3811944091486658 0.7723924001550989  
0.6745945945945946 0.36784409257003653 0.7815126050420168  
0.7074973600844773 0.3698113207547169 0.7879481311975591  
0.6986155484558041 0.3547557840616967 0.7895731016244805  
0.6808943089430894 0.3592814371257485 0.7685658153241651  
0.7034632034632035 0.3787696019300362 0.784373803140559  
0.6875 0.3602015113350126 0.7801047120418848  
0.6978636826042727 0.36170212765957444 0.7637080867850099  
0.6766766766766766 0.3397590361445783 0.7723865877712032  
0.6783284742468416 0.3592085235920852 0.8058252427184467  
0.6963292547274751 0.3872611464968153 0.8074626865671642  
0.6872509960159363 0.37499999999999994 0.776840490797546  
0.6830835117773019 0.33210332103321033 0.7665265571264807  
0.7043121149897331 0.3506988564167725 0.7791010372646946  
0.7194860813704497 0.3448275862068965 0.7963031423290202  
0.702755905511811 0.32406287787182586 0.7655692185640619  
0.7037457434733259 0.3709090909090909 0.7893152746425885  
0.7003293084522503 0.35732009925558317 0.7842840952021156  
0.698961937716263 0.35599505562422745 0.800595238095238  
0.7162303664921466 0.37469586374695857 0.7831465017394666  
0.6843783209351754 0.3901234567901234 0.7830080367393801  
0.6751054852320676 0.3792667509481669 0.7801904761904762  
0.6700507614213198 0.3904109589041096 0.7646823811426288  
0.6530172413793104 0.3887468030690537 0.7807083647324793  
0.6753246753246753 0.3723958333333333 0.7830443159922928  
0.6829268292682926 0.35404454865181706 0.7834419317746263  
0.7195979899497488 0.3405336721728081 0.7738187451587916  
0.6985539488320356 0.35 0.7536345776031436  
0.7037433155080214 0.34975369458128075 0.7833397019487963  
0.6786090621707062 0.36405529953917054 0.7616804083235178  
0.6837988826815642 0.38854296388542964 0.7876969242310579  
0.6894273127753303 0.36639439906651106 0.7756829549826857  
0.6900212314225053 0.3599458728010826 0.7998509131569138  
0.6695278969957081 0.339667458432304 0.7745173745173745  
0.6835443037974683 0.38451612903225807 0.7959106399091253  
0.690677966101695 0.3701731025299601 0.7958036717871864  
0.7076923076923076 0.3557312252964427 0.7948051948051948  
0.6756756756756758 0.3293607800650054 0.7357805566760791  
0.7092050209205021 0.3842364532019705 0.785824345146379  
0.6652452025586354 0.3471882640586797 0.7760736196319018  
0.7098765432098766 0.39130434782608703 0.793103448275862  
0.6638566912539515 0.35543766578249336 0.7914317925591882  
0.6551373346897252 0.3638778220451527 0.7823439878234398  
0.6782988004362052 0.35346756152125275 0.7661574618096357  
0.6688963210702341 0.3494897959183674 0.7923965710026091  
0.6721311475409835 0.3943661971830986 0.7931292008961911  
0.683297180043384 0.36251541307028357 0.7799315849486886  
0.6780021253985122 0.37599093997734995 0.7708661417322834  
0.6899563318777293 0.35870967741935483 0.7901234567901235  
0.7055084745762712 0.35022026431718056 0.7563694267515925  
0.6492693110647182 0.33766233766233766 0.7625189681335357  
0.6859504132231405 0.35766423357664234 0.7832167832167832  
0.6830225711481845 0.36318407960199006 0.765840220385675  
0.6737064413938754 0.3560975609756098 0.7878321139776665  
0.6957446808510639 0.35939323220536756 0.7666536813400857  
0.7161016949152542 0.39506172839506176 0.8115942028985508  
0.6831275720164609 0.3614457831325301 0.7894139886578451  
0.6808510638297872 0.36295369211514394 0.7817142857142858  
0.6915688367129135 0.36438356164383556 0.8016314423433445  
0.7005291005291004 0.36159600997506236 0.7986243790599925  
0.6929460580912862 0.3935242839352428 0.790912591451675  
0.6931937172774869 0.3859191655801825 0.7940953822861468  
0.6594360086767896 0.3329065300896287 0.7801578354002254  
0.6644736842105262 0.33599999999999997 0.7912657290895633  
0.7236180904522613 0.3658536585365854 0.7822675559042762  
0.6526806526806527 0.379874213836478 0.7908520841018074  
0.6386386386386387 0.37740112994350283 0.7387096774193549  
0.6833166833166834 0.3712418300653595 0.7782909930715936  
0.6815642458100558 0.36236933797909404 0.7730061349693252  
0.6929133858267716 0.3702664796633941 0.791650853889943  
0.711157455683003 0.3724137931034483 0.8104477611940298  
0.6897253306205493 0.3681318681318681 0.8021108179419525  
0.6807563959955506 0.3361753958587089 0.7715582450832073  
0.6754297269969666 0.33468286099865047 0.7835990888382688  
