0.1576796206661939 
0.1748993784032567 
0.15792859945745902 
0.1806004946032721 
0.20417263821693696 
0.16785637457873145 
0.17787829887594728 
0.16939476930883926 
0.16405447804766202 
0.18802915305341633 
0.17728772673180382 
0.1630469720869984 
0.16445940126315292 
0.17703582974491833 
0.16795790396744234 
0.16499138634303387 
0.19040667223525543 
0.17444745522728264 
0.19507388730593914 
0.174197995369104 
0.1606401310780229 
0.1922602404793198 
0.18043910928872345 
0.16788778080088723 
0.18967429799094723 
0.17692371910688157 
0.19190573824781598 
0.18599921044780318 
0.17872846714198626 
0.18876620701047167 
0.1805104939765899 
0.16793582469082938 
0.1689877253502461 
0.18185134888450386 
0.1806973735293011 
0.18898620939858696 
0.18040230328935394 
0.15615891806959456 
0.17366738686267288 
0.16625951713654952 
0.17434222110173936 
0.17209581832596768 
0.1897719203277654 
0.1911885293455196 
0.17193792809071404 
0.17634231964938107 
0.18121530859040483 
0.17159150649951635 
0.18569851416057814 
0.20879875980445572 
0.16967399572070704 
0.17434210759730584 
0.1709773125193076 
0.1737241134606778 
0.1696922096187175 
0.1728752580357675 
0.17666779592855744 
0.18516868314966875 
0.1719315483826425 
0.16550449416315605 
0.1776563603292886 
0.17609808149582157 
0.17371755978895356 
0.1817244446400819 
0.17278337740014843 
0.1683987596783435 
0.16455470901874822 
0.16734329976025614 
0.17396324800526805 
0.1830483991225215 
0.18447903439799418 
0.17538617115446303 
0.1743014884942941 
0.18624008172314993 
0.1664442838030409 
0.18716132337682134 
0.17236988215718171 
0.17659909479383423 
0.18575950547298498 
0.18416981975440472 
0.17250523458787037 
0.1760256094137121 
0.189738799874784 
0.1885649090374428 
0.16248079525865897 
0.1840141978488631 
0.17200229173316364 
0.17202579010405789 
0.17368743212091775 
0.19400679950022978 
0.18217550294388052 
0.16967210059434898 
0.19114272899580811 
0.18263936707086764 
0.18243452260292212 
0.1708823336535128 
0.18004022978181003 
0.1787391037740252 
0.17520076461733725 
0.1960872638801581 
0.1892314826508817 
0.17132309967626932 
0.16748049838713144 
0.16338542128950256 
0.18647571072565364 
0.1794376236284891 
0.18730715159400188 
0.19526796260015197 
0.17730635380158946 
0.16719468604858453 
0.18499384045697637 
0.19065591404195065 
0.1801172144278515 
0.1891511565511057 
0.16815371788164604 
0.15357330508579545 
0.1653599952668782 
0.16104283616873116 
0.17808102138450652 
0.17216803311659584 
0.18196694305455538 
0.18264113622713976 
0.18986743506025167 
0.17385884414019828 
0.16666483565087314 
0.16138285064372748 
0.19754046499857117 
0.16959865880335281 
0.1738300390475749 
0.188167746225729 
0.16037545521024615 
0.1787213541165386 
0.18777670159663287 
0.19577924019015516 
0.171565944552972 
0.18848562578640563 
0.171148120095884 
0.17805289913381828 
0.18706984873490365 
0.18343503706214964 
0.18011662252266958 
0.16700045706909403 
0.17675041206367692 
0.18065968882293124 
0.19029416407342983 
0.1834324801093027 
0.17470333089289064 
0.16899331815405466 
0.1849682088409082 
0.1814010903012327 
0.1839761865854558 
0.18102481497448625 
0.1861315320882603 
0.1684814555219046 
0.18382246646248276 
0.18664009909002327 
0.17937152916486068 
0.187788524350375 
0.1803761863452404 
0.17519904533348316 
0.16842900503046293 
0.18128134358199685 
0.17404424607774346 
0.16763715751232575 
0.18997220162670786 
0.16927736585240827 
0.16280803051296447 
0.18532588494101604 
0.1893876817919755 
0.17381899315595073 
0.17716455930343009 
0.17581548559432766 
0.1758382160430177 
0.16848660860097617 
0.1633353455305189 
0.17565409341570482 
0.17464931271511516 
0.17298544799706927 
0.17545860364452828 
0.17190203492772502 
0.18549252722584453 
0.178848589458399 
0.15408301615777986 
0.16814370102273388 
0.1738192199921862 
0.18226041459153566 
0.18038567638551764 
0.17507704980092348 
0.19626500731291913 
0.1792017748829761 
0.18356173853219296 
0.1690747965392266 
0.19800584557837267 
0.1829667701827722 
0.17868766153381557 
0.18796429638199366 
0.18337144746054496 
0.17308747043736492 
0.1962938684465307 
0.1743832683628159 
0.16780473653003178 
0.1820354560163613 
0.1715056939192295 
0.15159727859674602 
0.18289245643484142 
0.1760299191042908 
0.18757354721323724 
0.18123076083275813 
0.17503437781444756 
0.16578503841381786 
0.17954458143248217 
0.17941768970986274 
0.1810919063330178 
0.18698859892920836 
0.18163085176496194 
0.19599995942289533 
0.14753638373476358 
0.17359704504956738 
0.17407046140778637 
0.17281180899754298 
0.18369510033065226 
0.17775536582095738 
0.1778263907482194 
0.16752795580299865 
0.18474318379196197 
0.18877498123523842 
0.16356760385723454 
0.16554708906986504 
0.17505271567182812 
0.18401364089188524 
0.1843149535325447 
0.1757261636375463 
0.16992177717657647 
0.18901631475412825 
0.17011368943906371 
0.18667792379106832 
0.18510038270360477 
0.1755654829191091 
0.18185674173972213 
0.1812612785685409 
0.17435850296261385 
0.18254240842336955 
0.18280153135314417 
0.1703803318487454 
0.17623035302265463 
0.18747854984527643 
0.1669996360328586 
0.17509293278300378 
0.1709464351630799 
0.17166128163528116 
0.18811430524575276 
0.17995349007119663 
0.18981034991000761 
0.18395876052845836 
0.18639367855213562 
0.18125833644338912 
0.1670587392447492 
0.163411062192388 
0.16265402024853476 
0.17942058280339554 
0.17834402110337952 
0.17225673211918888 
0.17923257395000938 
0.1700344235465208 
0.17538607398128014 
0.17277783129388058 
0.17044091131896538 
0.17227032212113955 
0.17855555595327666 
0.1778462382262104 
0.16990958253459343 
0.1771834888014908 
0.1881404178968858 
0.1871376633025164 
0.1872034773087369 
0.17589853030955666 
0.17281221389242182 
0.1806389183020449 
0.18709515489925238 
0.15997889891882472 
0.16686362295794047 
0.16785142075277007 
0.16989465952688057 
0.1709069696831022 
0.1872937785639397 
0.1971588183109556 
0.18268910360540885 
0.17918149958807703 
0.18177538819553182 
0.17608642625873117 
0.17517187304602252 
0.17858593176006488 
0.1799143076011922 
0.16801469721215026 
0.18237347397451684 
0.17449516663553766 
0.1671561192596555 
0.17128936986315357 
0.19215756531703965 
0.16876503228311043 
0.2062698196797335 
0.16686781796117145 
0.17954585639531304 
0.1621210553068326 
0.1679574482316853 
0.16321949318452367 
0.17526015859540403 
0.19437319804128442 
0.16938427389311742 
0.1863090939216249 
0.16547951265991273 
0.17025265892159688 
0.18362729101464997 
0.18168964776008106 
0.1814306744152784 
0.1731981674466373 
0.1678962602099036 
0.15941076321660583 
0.20154581989282855 
0.16619421305742466 
0.17163068504608042 
0.1754095017085245 
0.1688551620132029 
0.19328641017556777 
0.18602156733840472 
0.16774646760048942 
0.16525511390464065 
0.17647455679735816 
0.17422318657320918 
0.17940766031332742 
0.1708148487275333 
0.18578197036740407 
0.17798424308623387 
0.1855795742221759 
0.1670212199052002 
0.19106682111239903 
0.18060573097209895 
0.179384140201293 
0.16670666779818055 
0.16921862313949013 
0.1876232390146731 
0.17686489912399297 
0.16620712407838298 
0.1766836074971586 
0.17901013051001416 
0.1685541938875378 
0.1904818730954999 
0.17812428984253295 
0.18450914638016458 
0.1659714473139161 
0.17287124007768565 
0.17462049758387593 
0.18696933058793888 
0.1787187903531269 
0.1785608002320241 
0.17029484469096998 
0.17880140311337425 
0.19321231869701166 
0.17536242293168333 
0.18157636417798997 
0.17214106887448807 
0.1794064931891176 
0.1796388834058734 
0.1717705283774859 
0.1780084179069761 
0.17095646401661574 
0.17472549623240788 
0.1785106288036147 
0.1821166230062752 
0.17215224875324223 
0.18024417712360916 
0.1611372866691804 
0.16114456369022373 
0.17623264957548324 
0.1724197052500733 
0.16539905885343564 
0.17682723650178195 
0.18145109413769145 
0.1938100846543837 
0.18193158079144447 
0.15737548328575804 
0.16760221337348918 
0.18540203980106856 
0.18866531416653456 
0.16599236351479346 
0.1825191526237038 
0.18701503160744803 
0.1834117342298549 
0.1764809156109196 
0.18627861005005272 
0.1844319610753355 
0.17197440623272894 
0.16872322177839194 
0.1711788231633527 
0.17750202210150773 
0.1752318671663175 
0.17836549344986324 
0.1926349421623759 
0.18070279999409528 
0.16104896814210687 
0.17337963754418967 
0.1697978999442801 
0.17481304531683708 
0.1774116204922658 
0.190324545631161 
0.16242300894492054 
0.17259843975884137 
0.17947997814259684 
0.17810746655978488 
0.17306026475951686 
0.1621668425061838 
0.20067824560179515 
0.19009626654407472 
0.1779991169728482 
0.16760462259283748 
0.19061304390531905 
0.18413351052130883 
0.17469936138395326 
0.18380838836480576 
0.17366592279302798 
0.1789157518107212 
0.1800100742902986 
0.17602694797331148 
0.17157391789194962 
0.18728208705727273 
0.1724097959564372 
0.1824114847999809 
0.1725865275451715 
0.17559164045338183 
0.14859518131239338 
0.16887862970539433 
0.15073574386410163 
0.1860193461251451 
0.1743552901709017 
0.1817935433111773 
0.1770094870853344 
0.1808093477843639 
0.18511590745698198 
0.18286237363890842 
0.18539442972606826 
0.16034515050613352 
0.16621480333533736 
0.16620304655032908 
0.17967575671056937 
0.1698784503454532 
0.17065150403223564 
0.18715786026565848 
0.1899322662178448 
0.173367846336051 
0.17738201108458337 
0.19254907465752866 
0.17881623794002638 
0.17485512702588266 
0.17111844064424855 
0.18045653848407436 
0.17438737982477948 
0.16638634596792676 
0.18157818026938 
0.185964581806302 
0.1714084441041814 
0.1861602838955783 
0.17508034000869824 
0.1829422463276432 
0.20275742894550966 
0.1883120279472663 
0.1877699041728559 
0.1739634185691151 
0.18766940289065928 
0.17288271718650416 
0.16840043567757843 
0.1687257231324319 
0.1949636990807757 
0.16796147199425243 
0.1708836287348817 
0.16978473419320647 
0.17796340281902626 
0.17410052300120898 
0.1830151232704502 
0.17864896872115893 
0.17495194489092064 
0.1796634466311253 
0.18773064376203308 
0.17637176621254366 
0.18421645313831372 
0.18035848326086548 
0.18328058675870817 
0.1880752396347143 
0.17928300189463642 
0.17593713770814404 
0.17711079560291648 
0.19229988742674228 
0.17080420314950373 
0.1929633695675597 
0.17617454914563915 
0.16147352388769068 
0.1806854180574499 
0.18594929782539896 
0.18209613976370137 
0.1928303683303375 
0.175888633647684 
0.17753042353043186 
0.1960885515679236 
0.1696817472252268 
0.18088473019693024 
0.17537141848375692 
0.1813165694226589 
0.16025073688234878 
0.1854886788411945 
0.18373280046552548 
0.18178435763834375 
0.1846240859655019 
0.15477585227605473 
0.1646851711018916 
0.18175463678846165 
0.17928472925382494 
0.19030296728266724 
0.16747275306413717 
0.1724385824768868 
0.17505073409703634 
0.18420999766415685 
0.1780134477918105 
0.18379775962052836 
0.19363389003978654 
0.17636387173122972 
0.17993117812662673 
0.1788346584500839 
0.1925325693602667 
0.16743881137356315 
0.17200615789649995 
0.1840054737416492 
0.1899629532824399 
0.1768297622016194 
0.1926365097935453 
0.1765600424779029 
0.1641144481818631 
0.1710878987218119 
0.17674555449706533 
0.1828072184241342 
0.17314137218854636 
0.18101409169674473 
0.18516312706271243 
0.17685937669461632 
0.17761085209559388 
0.17065439118313092 
0.16891372578809674 
0.17643953417175295 
0.17170649033613455 
0.16639477360695074 
0.1704005332012968 
0.18980705373036116 
0.1768126930358739 
0.17771763230218454 
0.1758486616074007 
0.161114455115312 
0.19640060827034556 
0.17241167908164226 
0.1773653222830654 
0.1667944545660282 
0.17429470100152572 
0.19929312000054117 
0.1621050330592497 
0.18551147857404296 
0.16467348566629214 
0.18579861662399996 
0.1732876742181363 
0.1569834925048213 
0.18303303269795454 
0.17844024388333735 
0.182641339703395 
0.16746712337594505 
0.1803212379523397 
0.17797356453787266 
0.18995380000010867 
0.17693558557775657 
0.183681546110405 
0.17737913450659387 
0.16313972012156155 
0.18184765374966122 
0.18344128205030727 
0.17540635551779576 
0.16912054674011645 
0.1611121857493088 
0.19465838276917716 
0.18507672598710645 
0.18182994461125399 
0.16665191533136078 
0.18488802793167985 
0.17858665960765255 
0.1606057942057566 
0.19571721220862434 
0.16185022944105662 
0.17695585969891453 
0.16680909279782674 
0.1783572962473234 
0.17488663975446384 
0.18013546149229573 
0.172357931581678 
0.18913600143410123 
0.17950227591068446 
0.18470491395234045 
0.18062261112599973 
0.16653353244100835 
0.17491846822686477 
0.1740149784603552 
0.16824539342333455 
0.19502388268034326 
0.1811368372088151 
0.16912699832406747 
0.1648522239888837 
0.1836338917227391 
0.1925846317761649 
0.17610227347947296 
0.1642652588585408 
0.18005259315305042 
0.1804065348998968 
0.18099776585333033 
0.16721755511742314 
0.17687298519496872 
0.1726486639462178 
0.18327208257629132 
0.18001431348578484 
0.1677234508388668 
0.18537318818922752 
0.18107639435912654 
0.17825093348695736 
0.1703195014450242 
0.1705910648349671 
0.17054657197304937 
0.16310900500654146 
0.1770911287746464 
0.1748974356342736 
0.190882818314137 
0.17656057344937237 
0.16945223079124214 
0.187851846688064 
0.17272852018445356 
0.16522593956901302 
0.16976526665483763 
0.16686362765623694 
0.16635498963359252 
0.1812178869727378 
0.1559600711640906 
0.20195156899104563 
0.1839951054864447 
0.17461198307373707 
0.16511182629270194 
0.16571593361122106 
0.18981986923722846 
0.19132877767735904 
0.1900559973792535 
0.16997565799352343 
0.18127732730014484 
0.18782986914557878 
0.1811819690013276 
0.177354526914037 
0.1552210175791636 
0.16306490313598634 
0.18148903474441563 
0.15937417502491447 
0.19799479470177192 
0.17338356566049812 
0.17970512227874963 
0.1839967726760577 
0.18655765220408912 
0.18464409784988176 
0.17365560836260766 
0.1708169803405318 
0.16495567892562482 
0.188559183371363 
0.17436359537248772 
0.169837251001968 
0.1825691039608752 
0.17004328413449932 
0.18492016071173212 
0.19249435624859723 
0.17600482942478599 
0.1932400865184809 
0.18653271360750906 
0.18223030898468726 
0.1856587157808154 
0.18524339445732027 
0.1667546183875678 
0.16641058770982206 
0.18552192602605874 
0.17068006660243157 
0.18585090127167755 
0.18501183468512455 
0.1898954933886356 
0.1591805804746282 
0.1711415407553748 
0.17498960071635375 
0.17887174340927295 
0.17848901716593815 
0.1887234788202319 
0.17026537812266054 
0.1674954253951978 
0.17682109957961464 
0.18663108926245656 
0.17013907433137254 
0.14714322802697555 
0.1736725671809673 
0.1703871958995477 
0.167629902542387 
0.17098189009371037 
0.2001585178737589 
0.17575747849483228 
0.170644268311414 
0.17214062188902662 
0.1762118710278468 
0.1881273513636765 
0.19060929170799762 
0.1949413742584475 
0.1710590995980022 
0.1983422371816596 
0.17266741776373562 
0.16554982287946246 
0.1827295005645685 
0.1689951794530155 
0.1680019991211057 
0.18878082974545715 
0.18422530567486692 
0.15821406554200482 
0.18703261073421398 
0.17893155692955107 
0.17635720913122657 
0.16922555088733196 
0.1612085644801083 
0.16018720283679386 
0.1844649363226142 
0.16778974351143391 
0.17449741108703204 
0.17815818105989975 
0.1975685591498313 
0.18613944542392832 
0.17746011722451163 
0.18518264944927887 
0.16530227958223548 
0.16487353676586108 
0.18406236952731855 
0.18410169111709915 
0.16838423083367463 
0.17158339757149746 
0.18227468144186257 
0.18426612931153769 
0.16525983071941372 
0.17297137279631694 
0.17620744747505523 
0.16551394715167422 
0.1611567094626162 
0.1760662364072938 
0.1880240258813541 
0.18020824350531908 
0.16580016691172683 
0.1828368745883522 
0.18279401597193945 
0.1909400318383873 
0.17113291832886762 
0.16443944802199664 
0.16520691032045506 
0.14964450101295573 
0.165451500944341 
0.17561830398169057 
0.1569435964269773 
0.17301820253097483 
0.16676519327526934 
0.18074962329076774 
0.18233161425477665 
0.16921950533089442 
0.1962843193803975 
0.18777662863883557 
0.1795669449168091 
0.17304582009231664 
0.16070819214004747 
0.18409638736776618 
0.17379419734977164 
0.18200524573469443 
0.16548904556881378 
0.1629046570463545 
0.18177927020270385 
0.1589112117716101 
0.1776499689304918 
0.16852614083798984 
0.18330084712997885 
0.18081237176245984 
0.18789955922197057 
0.19109646335961677 
0.18024138550260463 
0.1571090372423888 
0.1840927035904223 
0.17919059156428946 
0.17564407848602054 
0.1690830348589132 
0.18572647866055556 
0.17633098348462037 
0.18401254936305916 
0.17107490037954035 
0.17769090106389787 
0.18023105068798767 
0.18821602347412766 
0.18879401992652917 
0.17630311395106338 
0.17665120085012892 
0.16295242716977223 
0.20695360838150154 
0.1885758953370316 
0.18185600032568633 
0.1808587364618776 
0.17203070362222075 
0.16148637242151248 
0.16977289882192803 
0.16506350751461535 
0.17956695650337115 
0.1797233770140813 
0.18650168058337152 
0.16930130137161337 
0.18704834247662092 
0.17436415876184927 
0.18558623285255013 
0.19315396396373766 
0.1818772464508387 
0.18772939622645846 
0.18308902883788056 
0.17282519043755812 
0.18938377662285127 
0.17556307088399484 
0.15772095869846112 
0.16483126662514783 
0.17032558716306906 
0.1772115371737979 
0.1883817416800567 
0.17250393800051572 
0.17243020708776938 
0.1627171708498675 
0.17526020825796987 
0.18088400780976988 
0.18461975454090426 
0.16989419569277994 
0.17932191160702302 
0.18345267955473576 
0.1916906601757761 
0.17683008236319805 
0.17313889727157503 
0.18875405285657837 
0.15805764651684046 
0.17378499382441737 
0.18195003946926122 
0.16509940080884256 
0.18622535975667406 
0.18073214443640628 
0.18156936521441652 
0.18038602953076008 
0.1933176619299259 
0.1694768412279666 
0.18039564275240833 
0.18868133368389597 
0.15356665236514902 
0.172143426903555 
0.19335517854037093 
0.1771829585178794 
0.17483372100464456 
0.18408642258351074 
0.1801815497148209 
0.1649597176572478 
0.18815992468071424 
0.17814917603518998 
0.16803674790751122 
0.184125057490697 
0.17596114295477347 
0.1667304737345773 
0.17440414117273356 
0.18980548748616327 
0.16655605434077392 
0.17328198917582355 
0.18581996116520189 
0.18499692825187902 
0.18052021006385172 
0.18296944254669884 
0.1542164915288562 
0.17385288637905666 
0.1797030409073959 
0.19262002620881766 
0.17274771789557392 
0.1748665487983319 
0.18101112092570412 
0.17801756369880622 
0.15930614401327792 
0.16383482100752095 
0.17735314967632337 
0.15740247830995113 
0.17350029785245596 
0.16874526223610975 
0.16953307440612939 
0.17512506512041714 
0.16754109661029265 
0.17752687989594232 
0.16950202144702498 
0.1767776871606951 
0.1615991258925906 
0.18322277715524563 
0.17265423025419765 
0.15320835887571754 
0.16568800679025342 
0.18293332522716646 
0.18550425471936513 
0.1734916231009226 
0.18075939541985803 
0.1696326359997564 
0.16927011828456026 
0.17466142224470896 
0.1842171950575152 
0.17907872112097709 
0.16620664579219885 
0.1785787764083375 
0.16700793205525458 
0.16250679353502961 
0.18185688297031197 
0.16821187341017724 
0.18516846966009126 
0.1956248946276719 
0.167400788306339 
0.18346129157129595 
0.1767779112630253 
0.1698382879280282 
0.1785177448451559 
0.18158371125451636 
0.16937303391208886 
0.17986653756910528 
0.1953131167003942 
0.17254438143834505 
0.18219984273273573 
0.1867431103654766 
0.17445696222725468 
0.17334207010386354 
0.17958547251918414 
0.19643961441753582 
0.17888047876769847 
0.16560935237165278 
0.17025669132901275 
0.16374398408901988 
0.17366701318499567 
0.17420322848862302 
0.18973362243606207 
0.19517045846705472 
0.1769745342699672 
0.18375779215127555 
0.1795139177484796 
0.1731091183637139 
0.1913280555226252 
0.18664178443369608 
0.17278680094554227 
0.18443542350812936 
0.17040075682431682 
0.20026791348186468 
0.18528753530354622 
0.1677612229300501 
0.17727958008900507 
0.16217773803956886 
0.15643550957279978 
0.191292039206412 
0.18004781846653023 
0.17017315210888392 
0.17640839894015445 
0.16558056947824576 
0.19094534479801714 
0.17407108319300288 
0.18857567396667607 
0.17867921112784607 
0.1673888203340107 
0.16275114454618103 
0.18267582038490443 
0.17315473933058328 
0.17266184843817772 
0.17777145202420136 
0.17809519148263958 
0.16512633389854892 
0.1880134730123297 
0.19039954496462436 
0.17434834476597566 
0.1787608506385475 
0.17879585032155498 
0.1687544377169907 
0.1709230308255305 
0.18328815052298958 
0.16532080621704517 
0.17650238828196108 
0.180030684938277 
0.16731854848226263 
0.17184724205566618 
0.18287766355208862 
0.17004611262616115 
0.181991484963333 
0.18616144485202593 
0.18082306917747082 
0.1727974343075641 
0.18215767434409677 
0.1865472271121032 
0.18253527442985265 
0.16885621615290664 
0.18954368546966133 
0.16142479418927447 
