0.21903469610984194 
0.20505067422558165 
0.21342664402995543 
0.22104673506784386 
0.19240002852164267 
0.19554987115666214 
0.19065750365849493 
0.21495623432134486 
0.20073493208631646 
0.20378841736714806 
0.1980148366980898 
0.21353299632226144 
0.20899122001367024 
0.21469292778957885 
0.21527194463965038 
0.20438646844920888 
0.20553680565183077 
0.20835747890136064 
0.1937751056096401 
0.20189620854039037 
0.20005045081129555 
0.19105766449952588 
0.20830866171714338 
0.20831431881331203 
0.19757717548988377 
0.20024099119810287 
0.19134826337809305 
0.21551631349389117 
0.203844596240857 
0.20072875553931768 
0.19691682600212435 
0.2144582335156814 
0.20730632527675957 
0.21981950088106245 
0.19263546052611255 
0.21171554758726485 
0.2090216829495403 
0.2308632411187924 
0.20973193425591977 
0.20714976829482004 
0.22283585392911898 
0.21285047602174745 
0.19085662637838627 
0.20278225007721806 
0.21182005178870672 
0.21333152635878405 
0.2003214438858885 
0.21664611279498028 
0.197438639626499 
0.19349890315167223 
0.19851924718461042 
0.2096571933032517 
0.2119200905234117 
0.20814562333946282 
0.210101736940678 
0.20995675687226806 
0.21811986530009303 
0.20018095008545178 
0.21704502093898997 
0.22850544032381637 
0.19891502734155536 
0.20101852461682929 
0.20802623178571383 
0.21210286497983888 
0.21115245115127587 
0.21643028571223302 
0.2099858939186156 
0.199704614184563 
0.20452536152648476 
0.20266483719716988 
0.1962142770243815 
0.2091557947903043 
0.20524682224559998 
0.21251705898749315 
0.21186111026173066 
0.19100821822421027 
0.207021319923662 
0.18986913896039995 
0.21062911254092515 
0.20223133557924167 
0.19043711565721466 
0.18835659796512558 
0.1940500300276785 
0.1939186247429749 
0.21039504567711848 
0.21294596002284275 
0.20577855400351458 
0.218757351494769 
0.19782488212548335 
0.2016637424941075 
0.21597544891143897 
0.2171053480058898 
0.20888699626764592 
0.1945341863148494 
0.20787786383296203 
0.21471269938673504 
0.19181679250599487 
0.20963069024035894 
0.1909245764762036 
0.19969763847763722 
0.20172550119661245 
0.20221938474655568 
0.22102169208459083 
0.21357395772182103 
0.1890651272972164 
0.2222654635734331 
0.22119753494400712 
0.19802165550341624 
0.2033285299547789 
0.22565212445107044 
0.1916967547544156 
0.20500547549348141 
0.19490128651890964 
0.21980707121890444 
0.22222718149296442 
0.23356479633273144 
0.22700506280247318 
0.21511220707772785 
0.21468359223179473 
0.2026326642316781 
0.19727780776947854 
0.22126381204093679 
0.19550479015179237 
0.2003121804880556 
0.2110466112623854 
0.22442434353218674 
0.20447630225082555 
0.20733233696052586 
0.22584013635013034 
0.2115176596279336 
0.20667468325487284 
0.2042958917492414 
0.20127894944407979 
0.18570074880963353 
0.20886413393030337 
0.20976432289589758 
0.21514248890596174 
0.21210061235491165 
0.2020241829270426 
0.18675475877574815 
0.21174199765608792 
0.2113039827254446 
0.2071963382474873 
0.20162873132336306 
0.20060581080730627 
0.21041791894119238 
0.20585102184052553 
0.2116049085469648 
0.19884523288437356 
0.2053956737826283 
0.2083221678801307 
0.2064861896080055 
0.21478546005629962 
0.215474886217999 
0.2083754358364249 
0.19655115554095312 
0.22124445132541135 
0.20449746478447967 
0.19473854949014752 
0.19764520086525605 
0.20775086624883457 
0.19654206909822067 
0.18938881212434394 
0.1988204682069488 
0.19950031003982036 
0.20902575508722918 
0.21318943279305896 
0.1817311466089409 
0.1963998779027994 
0.21687467213683612 
0.20169093165225926 
0.2027778524783799 
0.2086692413358941 
0.19086778023906265 
0.21176921167071852 
0.19536740430363558 
0.19174931125637515 
0.20212618199967916 
0.20299056021787026 
0.21551042735868986 
0.19985286958786125 
0.19256729272323564 
0.215683228977262 
0.19173059145285734 
0.20929714158338295 
0.198992681866929 
0.2099345641387846 
0.20985953936277585 
0.18290378224646944 
0.20379835628195983 
0.19649861267252497 
0.2182278249649057 
0.21580588435343684 
0.2011725199568659 
0.207769761759136 
0.21143590520259617 
0.20010436909018198 
0.21328498223092818 
0.19669853860110384 
0.21094861540006657 
0.1925327753932268 
0.191396847350397 
0.2076576157845432 
0.2158983441658086 
0.20373422448099665 
0.20924380610813947 
0.20563893568841213 
0.1903667403065186 
0.2130762786497324 
0.2106614981430342 
0.1995994765616237 
0.20695273693351407 
0.20140680769428718 
0.1945509958272937 
0.20724482501590985 
0.20389272189151578 
0.2335694193592376 
0.19878475125837997 
0.2074577091234739 
0.21035087707668032 
0.2003273920378031 
0.2093302641823601 
0.19560547404535666 
0.19294291404502703 
0.20486876851768776 
0.1967075033758295 
0.19985552234865253 
0.22412949743378702 
0.20891103521592236 
0.20460571439310793 
0.20698109583638766 
0.2027499785537885 
0.2064166604800961 
0.19444673256160155 
0.2042129308326144 
0.20439791444598068 
0.20070267136323278 
0.19950595653277167 
0.2071596471696598 
0.2094629595219283 
0.21356013814224678 
0.19481189307678615 
0.20519099780009287 
0.19154547984608147 
0.20293643487964683 
0.201433591622934 
0.20274892620007895 
0.20734595942387732 
0.20470373361623553 
0.19597053975151418 
0.21003147521959095 
0.2001128160765938 
0.21199577310367568 
0.20826983325455903 
0.19853829004547988 
0.1983111370540742 
0.20815886226727429 
0.20102011781814635 
0.20716587309657816 
0.20877097166102915 
0.20064399421295523 
0.22419876327218113 
0.20745911320709778 
0.2114722383035516 
0.20829293287227382 
0.20386582155911318 
0.2019748625748054 
0.2062691911653064 
0.19352905855222113 
0.1960489190385293 
0.19891035982531088 
0.19764420558603146 
0.19281141271976285 
0.2016776000556238 
0.19506152862266446 
0.2148061420889579 
0.20299087793098422 
0.198079943873392 
0.20732566861338436 
0.21691798125096853 
0.2139488960690201 
0.19756331276267894 
0.20624925476476938 
0.2075251881757901 
0.2006541694313554 
0.19784075354981398 
0.19961805589129744 
0.19683592407843256 
0.20577306567487816 
0.2046861195242921 
0.21452560122622782 
0.21097789803679123 
0.21341811324839563 
0.22263918447270512 
0.2047807529842632 
0.2063905020032465 
0.20850894152740335 
0.20934751735896623 
0.19404438028969198 
0.19774283109269167 
0.18646679460037538 
0.21015013761628662 
0.1966962026663129 
0.2178497409877109 
0.21506654812438017 
0.2165796268175962 
0.1965292216497815 
0.19785089654180393 
0.21894093743527338 
0.2033767121614466 
0.2086751819676976 
0.20743173955953392 
0.19909725339632384 
0.2206977292849654 
0.2081942666144449 
0.19974076380624226 
0.19198927683716954 
0.219105876002922 
0.19220550016118337 
0.2040393061738359 
0.20479959903736816 
0.22081094557485773 
0.205262466386262 
0.19574013948659413 
0.20062447643780337 
0.2078907421100598 
0.20825059620279157 
0.22284449264297504 
0.19800383557249274 
0.19733206334188003 
0.2064251413728407 
0.21636719322213427 
0.19966453919349514 
0.214561945979756 
0.21217254644852576 
0.20235745132128194 
0.21168381780393997 
0.19893686219932713 
0.22432911962565474 
0.20476583388417474 
0.19243064111037816 
0.20355725059858618 
0.2128176101449417 
0.21453300908287826 
0.200733695356621 
0.21024099959126039 
0.20707279004704654 
0.19723754061145748 
0.19893179190181445 
0.21217672280325592 
0.2068216550239554 
0.19116928223200538 
0.19522972286797974 
0.20053114606434164 
0.21474211396654735 
0.20830958942337635 
0.2140366346374084 
0.2032201639246765 
0.2036913621375449 
0.214084988981959 
0.20440470516118026 
0.2082912489835684 
0.20445684710406387 
0.21173407021874766 
0.1870406869399202 
0.21422311095784755 
0.20694448140518748 
0.204695339794786 
0.20724866507203168 
0.2051889225416392 
0.18900825090915027 
0.21977809746630927 
0.19904535698832804 
0.2036661427740666 
0.19202372608077448 
0.20399727108146673 
0.2019937796234877 
0.20186338791035702 
0.20085873832743303 
0.20970026138395093 
0.2147617632236976 
0.20702156032829 
0.2002285636853356 
0.19187090766414372 
0.20792049509444943 
0.19838003807466995 
0.18905686966101248 
0.21833655831077375 
0.20227663238900376 
0.19196339409318344 
0.19550257351666958 
0.20600379693170884 
0.20866124579067183 
0.2104524644669022 
0.2271939418328968 
0.207839056195406 
0.216245819161044 
0.20120620326014405 
0.21088346489358475 
0.21373143245103865 
0.21162773128416848 
0.21502999875234258 
0.2120262180592598 
0.19710493569956553 
0.19594959346433952 
0.21941088385776447 
0.2135418753649112 
0.19203893659589918 
0.20343250659628867 
0.17676958573675955 
0.215104463527418 
0.1913237539976189 
0.19164615211235453 
0.1997989047592168 
0.21067411639166664 
0.2055350585393637 
0.2024022236441788 
0.20814672660851402 
0.1852283727305615 
0.19693124124819125 
0.1984273590374841 
0.20577366721592835 
0.2221580238745507 
0.2170286984513406 
0.1977564621416343 
0.19708644802000336 
0.20835865168447418 
0.20978995174948456 
0.19728539070756285 
0.2224021226312239 
0.2013504286044856 
0.2096370089974163 
0.2020476662344635 
0.20379206911536948 
0.21105197407563472 
0.20604603367287308 
0.1943272444373185 
0.19793174556397827 
0.19357768694066152 
0.2070884894920767 
0.2028381936871841 
0.21444908755668163 
0.21203271694592654 
0.20009002147067914 
0.2074450484614583 
0.2015727466312179 
0.1939802454638243 
0.19889699436066255 
0.20450367707859926 
0.18814754242514045 
0.21785477058091404 
0.22515923757828873 
0.1881552517991807 
0.22020312259327776 
0.20666499841201263 
0.19699491193366106 
0.2162565340601514 
0.20130101879879167 
0.19588295240366307 
0.2080563564271558 
0.19533466994743517 
0.19714640768851754 
0.19998425688507476 
0.17753696787526066 
0.18803829395481925 
0.20396524081698691 
0.20793714351841117 
0.20402281644378695 
0.1981206801874578 
0.2003601085393713 
0.21884711054305547 
0.19062062273578906 
0.2169894270201575 
0.2072619406036762 
0.2182971192717055 
0.2042563348804765 
0.20849741962936214 
0.22657145241300228 
0.21611671704054775 
0.20561628016823583 
0.2002722131757741 
0.20295684244675483 
0.20559483040251486 
0.19037876542088736 
0.20391531520203415 
0.20450952679965775 
0.19367413149734994 
0.20978512064461668 
0.19433223671553929 
0.2090685092376239 
0.19460501702625066 
0.20789436797473457 
0.20759533712716496 
0.2127142899134457 
0.20715011064949498 
0.20927540003105466 
0.19765321565722258 
0.19438055307871993 
0.2008919727946357 
0.21022984637507033 
0.21897592482352612 
0.19000745013305942 
0.22439430684119338 
0.20099604151260345 
0.19927378894894074 
0.1984623785532773 
0.2070081197864255 
0.19561759346113267 
0.20483271095121797 
0.2149285208533598 
0.1933298092381811 
0.2435955397506895 
0.21262433123107236 
0.22390842898251637 
0.19922073364439405 
0.19906778003299755 
0.22247380230842512 
0.19823199347382223 
0.21092363708206455 
0.20627031371505858 
0.21629338262938666 
0.20316525268692714 
0.19416449295146995 
0.19664658973082472 
0.20626792170240754 
0.2101577694972237 
0.2132940341535419 
0.22777388611608454 
0.1965087414990176 
0.18847647062532383 
0.21393148416407842 
0.20488066380021588 
0.19591123798138252 
0.205541623247188 
0.21181388111029675 
0.19480126345857224 
0.21731084939750905 
0.2080485571420732 
0.22072982828142826 
0.20197294501884128 
0.1941717143870701 
0.18692360650979983 
0.2008662100748759 
0.20519570876333398 
0.21170355198153562 
0.19484744175807217 
0.20519224530895325 
0.20626725204049548 
0.2065900107304281 
0.18947526736400128 
0.21115453385229388 
0.21734160111348358 
0.2091487619684304 
0.22990234892684352 
0.2030394816746275 
0.20876609126487933 
0.20439489321921556 
0.21229007572495914 
0.20594724757719138 
0.20206963363550667 
0.21061505132475025 
0.20600814414121424 
0.2091850214114608 
0.19061176029684032 
0.19646062279237514 
0.21044728393041515 
0.21753564525101443 
0.21331505348319002 
0.21088722511924152 
0.21812172534762259 
0.20143101252972861 
0.22181593320033718 
0.20881246880294102 
0.19288802432658028 
0.20713825178070802 
0.21545186514423256 
0.19847663697216403 
0.19683703402008038 
0.1973513132744021 
0.1933501708826144 
0.20460680493030334 
0.1962616903436663 
0.21363973899194993 
0.2059948633900006 
0.20253047563731474 
0.19786764576399915 
0.20782825626470586 
0.21296366394182167 
0.20403473280940032 
0.19982970809025913 
0.20553273255000887 
0.2044896219722279 
0.20654513579985337 
0.19433810037513935 
0.2037731504380396 
0.22494565992050958 
0.2154833692741115 
0.2028996794422078 
0.2029190517675356 
0.21093358055105116 
0.2176749041288933 
0.2039529271860673 
0.2130957647114159 
0.23149916849451938 
0.21257200020293654 
0.20656608608531032 
0.21161954067970037 
0.2003225288052353 
0.2362169505863681 
0.21338571487332889 
0.2140615043106519 
0.2095662138395024 
0.20684184049036794 
0.19813086396451607 
0.20500050093580083 
0.2038904041594965 
0.20177560413048728 
0.20329162516041385 
0.21436116989167325 
0.210195428617861 
0.21057990462330659 
0.20953737559254845 
0.1945231341679957 
0.2091558291399968 
0.2059584084708713 
0.20527605408065544 
0.20143925136232213 
0.20686971849005703 
0.20665405353614105 
0.2031788123421472 
0.21380402346416497 
0.18995547534823531 
0.19953581384192468 
0.21511385332727107 
0.20343755504466868 
0.21928835455710177 
0.20862903400489663 
0.2106715821811105 
0.2079018976127882 
0.210561796406151 
0.19169391642651676 
0.22339468184133962 
0.18856529905596622 
0.22021348628074944 
0.21240917125808936 
0.2048966470154635 
0.21556012432333288 
0.1861849083525751 
0.20376578165561648 
0.21101463738370604 
0.20228167898007157 
0.19319210171751533 
0.18851297865019911 
0.2100937788665828 
0.20660715589974538 
0.21253959901453284 
0.2080256265333846 
0.209604334246295 
0.20356627568524138 
0.20597486763857778 
0.19796583748703167 
0.2247889400194727 
0.20195586893506992 
0.21778637926741992 
0.19960786804933375 
0.19930982964523225 
0.20372418811506676 
0.2015180051966417 
0.20840916076678548 
0.1998332332931258 
0.21295704395385998 
0.20901726084353586 
0.20672141082888112 
0.19851047194195623 
0.20019775668051343 
0.2098351732685938 
0.19044354902016628 
0.21482275890788552 
0.20947646084651492 
0.20727382881502507 
0.20037670967494806 
0.20193855656461843 
0.19300457919571354 
0.18660047879356226 
0.21282514469110897 
0.1844472509356472 
0.20927267516856302 
0.20318637753540103 
0.21455359938489263 
0.2031611672296084 
0.19687936612320053 
0.20049158536747208 
0.19737922194971916 
0.19536344659498409 
0.208804488552752 
0.21060841612697512 
0.19681967866128594 
0.18871583603480224 
0.22282360159235776 
0.21640711553902514 
0.2099639779124915 
0.2089211134987796 
0.20927720873280758 
0.207133204856367 
0.20286813951175028 
0.20870143057164964 
0.2199561762661993 
0.20709061361525963 
0.19737865885447547 
0.19234717121757466 
0.20286653791473677 
0.2045444495471677 
0.21556495472176873 
0.2105154189778987 
0.19928195215679662 
0.2050046007365261 
0.1929724971474603 
0.21658813166327848 
0.22019802292494778 
0.19860287030755747 
0.1930711978415889 
0.20038023974155694 
0.18919329723322514 
0.19453737037218494 
0.19782842790228897 
0.21861896033471848 
0.20448897405661162 
0.21011238899162338 
0.19367431117398215 
0.21100368272374193 
0.19857449429020554 
0.20561749904043372 
0.2013040919987088 
0.20434697346703523 
0.2040441282425754 
0.21752178060489222 
0.21175863593054797 
0.21004659486964303 
0.20238265399184124 
0.20111856744784862 
0.21451944791278077 
0.21740797012804836 
0.21991581181654826 
0.202755644760948 
0.22346514476935428 
0.20592739326901294 
0.19359516591390913 
0.2153332420692009 
0.20874378020515028 
0.19688527417761337 
0.19624429975323834 
0.20334918833835683 
0.2092899986328318 
0.2042285123912637 
0.20141505992792516 
0.19041680678278675 
0.23171914489627704 
0.21456670393413688 
0.21706842765236511 
0.2155378726146708 
0.2018048169951236 
0.20183478748918401 
0.20888453441563337 
0.20970370771352267 
0.20547466169519626 
0.20191499178753713 
0.20049324160062557 
0.2003370114815509 
0.20144159561624878 
0.1962826182205855 
0.1881857176688685 
0.22128917746206794 
0.21758426118959773 
0.2007108506945471 
0.21720921388194503 
0.21461854666022132 
0.22449135265153988 
0.20913567971576025 
0.21626763247350123 
0.20713566369414582 
0.21787479858772507 
0.19730484146416874 
0.20976129901480942 
0.21134148753371643 
0.20178944830125856 
0.20817953166832653 
0.2005647227925008 
0.22156272538583507 
0.19394652831469575 
0.19728335920116927 
0.20725955672959231 
0.20646923402533732 
0.1977493334674644 
0.19119795679150303 
0.1897461412373571 
0.21800118556339304 
0.19424604233229117 
0.20087603317502772 
0.19167748439446278 
0.2160202533991477 
0.21369648853251563 
0.19964029948420975 
0.19815677784827992 
0.19843376245973118 
0.20354941638032767 
0.20691688124874788 
0.21553229140805766 
0.21297132940782015 
0.2078887208989877 
0.20935665086307134 
0.20535569968505887 
0.19982220398887057 
0.20956757383198943 
0.1957686242834308 
0.21179383837181048 
0.18847926839047294 
0.19402858612288323 
0.18570115126219194 
0.18883738520030158 
0.21548275694280744 
0.19648268499230534 
0.19891510367488838 
0.2106435114498724 
0.2033709125913385 
0.19386679164760143 
0.20150536976828567 
0.20693351135565 
0.20716420180526401 
0.2155462944353965 
0.19912170589577033 
0.20616757808302485 
0.2085553905401312 
0.21455517958391385 
0.19970034693761277 
0.213532322891002 
0.1980234749594495 
0.22135999621046645 
0.21152931791637034 
0.20417422492900636 
0.20762769626948405 
0.21195736339837673 
0.21763144422194525 
0.19302842127237127 
0.21637233522248422 
0.21565094894778897 
0.2119976832482977 
0.21626169822807334 
0.21185518169480508 
0.18786215316427696 
0.21842500073390922 
0.19998933127450177 
0.19132920675641119 
0.21318923053800523 
0.19066701557699064 
0.20061404488886586 
0.21717430965404294 
0.21415571423989532 
0.2044813590303648 
0.21813057624004292 
0.20862317524608148 
0.20756445788755412 
0.2069466060717169 
0.20611864772548585 
0.21254984477119868 
0.193823063077598 
0.2129027635836323 
0.19747427785177124 
0.1971233989570882 
0.20987301292481833 
0.2085872541125123 
0.19825986096283255 
0.2012257911213354 
0.21747764203969439 
0.20161529653395932 
0.19844821924575134 
0.21559598990321205 
0.20106156638374867 
0.2191941220873527 
0.20327870717415733 
0.194979640190516 
0.19518222767488955 
0.19729495020786258 
0.22269860832897392 
0.19954983751943692 
0.19634989878738934 
0.23549056756245426 
0.21987927064802854 
0.20891402468370274 
0.22415251400583125 
0.22171219559425429 
0.19889700231371016 
0.20927487812918427 
0.20543627206031814 
0.20387819201844604 
0.19712412751051875 
0.20461469291973858 
0.2032521681764385 
0.21744060226060943 
0.19262088502121744 
0.2176615824575782 
0.21593280806353232 
0.2178286216391935 
0.19662604606045736 
0.20421289144836355 
0.19812950198259943 
0.2026927554558917 
0.21642284240189932 
0.21795637382462704 
0.21627220772023417 
0.19857937897867356 
0.209968943706035 
0.219925782506343 
0.20676267869189402 
0.2162815687785397 
0.21843834437473555 
0.20789090350847603 
0.20985069128351597 
0.2088563508103891 
0.19477621407610946 
0.22137511729643558 
0.20833021420082937 
0.19881584130878838 
0.20308755646931353 
0.20265852337306872 
0.19316543498470132 
0.2065840915194472 
0.20534348595094343 
0.20394180490886324 
0.19724049065450094 
0.20379497879180367 
0.19976511884479212 
0.2074247647596164 
0.22161835244761033 
0.19837519456825492 
0.1855780900276184 
0.17747288618196277 
0.21786384878720333 
0.22051895455987963 
0.22052558874451955 
0.18765448570313112 
0.19622274312146423 
0.1954730233025771 
0.21303458866107217 
0.21100608660200304 
0.20703704044794827 
0.20199623821419768 
0.19009212563626302 
0.20214735745933268 
0.1954793553887194 
0.19253001466570904 
0.20699536924418624 
0.19743638262991406 
0.19262102785803834 
0.19395489296392565 
0.21197950953457606 
0.22706478326088103 
0.19258351448543917 
0.21543829932463426 
0.2037394155886377 
0.2083280748139612 
0.21995967105210057 
0.19604168017928245 
0.21898261008695571 
0.21062760008923137 
0.2119145513165319 
0.1874894801599347 
0.20973224208969737 
0.21888433467882581 
0.21198825943915695 
0.20415312268329813 
0.19082843897023366 
0.1859761886600947 
0.2120464287820893 
0.19480005610730294 
0.21242243880729192 
0.202774447306685 
0.20807917486793262 
0.20420134077427346 
0.20916860928794045 
0.20687060539340318 
0.21089391692928608 
0.222979538797529 
0.19778490831583104 
0.22171737814962383 
0.20028232629676732 
0.19598555622719005 
0.2161925550304016 
0.2103124841033199 
0.22134075262497488 
0.21216923289117331 
0.19406521537650562 
0.20552010939380627 
0.20939852989154398 
0.21484871149291182 
0.2079310440571599 
0.19500532131440731 
0.20308010261597464 
0.219497227554953 
0.19400922767689782 
0.2293712667987576 
