0.12498701302783047 
0.13133489264005127 
0.1292351179634682 
0.1311205531853906 
0.14717440167937898 
0.13875067209874234 
0.13614537177039654 
0.13720714807556442 
0.14886463249309875 
0.13398189340000996 
0.14108899917805032 
0.13512746949825702 
0.13438492566147853 
0.13375000405790757 
0.1331344022546586 
0.1398221611458382 
0.13238991928218313 
0.13478057815228833 
0.14494577849157736 
0.1552167455779295 
0.1342797795006909 
0.1531034665562943 
0.14094910802622498 
0.1374917766656243 
0.14369017085819905 
0.13971197866271787 
0.14724905521292517 
0.13709317006539531 
0.14783351193952887 
0.13009842674651942 
0.1405691930559802 
0.12086307154361754 
0.14784696720597337 
0.1390455687927152 
0.14508628336139126 
0.13097295218961758 
0.14846105164333664 
0.13529962769140705 
0.13905553058635395 
0.1327400857558883 
0.13113657312856253 
0.13585417052603824 
0.15894105011346377 
0.14711479190234733 
0.1520309041801435 
0.14445275433426366 
0.14147453907654656 
0.14098629011307157 
0.14198989316078095 
0.14302103779300052 
0.1420216271772627 
0.14979556300247937 
0.12782369344590352 
0.1314866838379022 
0.13407539821187006 
0.13725036390269268 
0.14030548820661182 
0.13870505576867925 
0.14347224326450975 
0.1341293917249061 
0.15438338900908563 
0.1435099534255127 
0.13832275849626724 
0.1358688713924259 
0.14485937852510603 
0.1289038626061275 
0.14256643733469104 
0.14053284949035066 
0.1524529595597677 
0.13442152665913085 
0.14372271954440552 
0.13583188449406083 
0.14028876698679604 
0.13828510678518546 
0.14322459684598252 
0.14846694252644094 
0.1360782817162116 
0.1504501424837646 
0.1260193727450754 
0.13573539606456142 
0.1579345707972522 
0.14048272166266274 
0.1323285533163151 
0.14489325120382468 
0.15090660892861782 
0.13471207836242996 
0.13754136609759213 
0.1427865418144601 
0.1419557385691109 
0.1440037597746764 
0.14166388030955976 
0.133388078573859 
0.15110049745650428 
0.1538546135758799 
0.14066745382513512 
0.14308061581125248 
0.1525094074580443 
0.13630116479816198 
0.14542697064560453 
0.14182977085662324 
0.1387869794800067 
0.13570312547051824 
0.13686095259870762 
0.13002008421108557 
0.14877002014329918 
0.14182318638282448 
0.13240514598500489 
0.1438519065622935 
0.13797616855040215 
0.13422182205637145 
0.15345169664582106 
0.13010264825138523 
0.15187976597719194 
0.13486676379496634 
0.1272694901481298 
0.13267324541959105 
0.13551926551910912 
0.13968882663843793 
0.14344390441421584 
0.1401003500174698 
0.1376786282614571 
0.14052808194455127 
0.13509037477445607 
0.1427327787590537 
0.13727962799821286 
0.1317001433939019 
0.14671065051698914 
0.1396108558129232 
0.1391643589860686 
0.1284242564752483 
0.13170371578500006 
0.1391602086511837 
0.15743878735976824 
0.15830096665092647 
0.13649136591141295 
0.13800405288615195 
0.13215894519914156 
0.13468046699072767 
0.1468078342038503 
0.14007644055365023 
0.13277601917483145 
0.1412826263002735 
0.13223305503850866 
0.13871326196154118 
0.13172081485288376 
0.14422117096270082 
0.13850257553133333 
0.13720339221895358 
0.14979481081929516 
0.14157273059902278 
0.13048364715883254 
0.15421038468997353 
0.12416164387766356 
0.1385899878203649 
0.15024903319368538 
0.14515421573673737 
0.13857514310209681 
0.1450840383396098 
0.13474513992391382 
0.14291472392648716 
0.13711358577168664 
0.15487040061599436 
0.14568525441833324 
0.13143319177134263 
0.126894476891988 
0.14314969161097116 
0.13384737426141374 
0.1462797380824437 
0.15166021403388072 
0.13060526847095183 
0.1377692951580776 
0.14290410698824388 
0.13900439936867962 
0.13576694280384308 
0.13417660084344585 
0.14363666268931632 
0.13034487390790314 
0.1401722321249403 
0.14016982466254238 
0.14551791924543164 
0.1400536958859772 
0.15702375835852522 
0.1412029101977425 
0.13507482088489062 
0.1394656462247765 
0.14131465717047714 
0.14224645180961323 
0.13553172278982195 
0.14679922750792726 
0.13769050509122704 
0.1323191781233677 
0.14549862430953225 
0.13849700523261932 
0.13719183875826918 
0.12994671180032769 
0.13424685503067552 
0.15229418675221945 
0.14019438359122385 
0.13139860210081472 
0.14296031660895406 
0.14455242218172343 
0.14383307668830927 
0.1428746637336307 
0.14257429925670131 
0.14008864843332164 
0.1367633545036606 
0.13965168772503583 
0.145973912255017 
0.13889829002706958 
0.14394002573541861 
0.15052099315472403 
0.13763991857788477 
0.13266190537770392 
0.1422776794686168 
0.14303607994383308 
0.14601637619923039 
0.13121399604388562 
0.14573193355782083 
0.13356431476325645 
0.13923785908762806 
0.14049143607122971 
0.14874844671942794 
0.14152328210772464 
0.14335329807373054 
0.1478645232004702 
0.1336593625113615 
0.13472495563784723 
0.14013090959539548 
0.13987280167126634 
0.1460806180445132 
0.13905281904476563 
0.13781619566729617 
0.13305757399460455 
0.15092342439573375 
0.13834510799346797 
0.13786883753017443 
0.13715230400312597 
0.1442931083502618 
0.14082522389445565 
0.13664873579620518 
0.13919427026680714 
0.14240904622010692 
0.14623840343017952 
0.14598017451064377 
0.13470309398404423 
0.13640283407837853 
0.13502916389802516 
0.14582907493341973 
0.14495505118180896 
0.14184964550970383 
0.14558835950390306 
0.13931291396522644 
0.13401786726731288 
0.13443922365393798 
0.14971953148685269 
0.14652480410591875 
0.12961128838524621 
0.14389403412559804 
0.13755293973193478 
0.14592294485681748 
0.1564877226931513 
0.1248502167654753 
0.15235417217873276 
0.13869007487294874 
0.15010471552982346 
0.13866603698627536 
0.14508027452819536 
0.13055599652442795 
0.14525603010775265 
0.15106253811773585 
0.1428449735016123 
0.14894136175440245 
0.13540379695540558 
0.14096326544802265 
0.13865671322726777 
0.13460286361999646 
0.14591715068933153 
0.1437098967474113 
0.14563849375836851 
0.15142953379617047 
0.13467913034297996 
0.13873623146630476 
0.12586917712280932 
0.14030707705902126 
0.1367420013018446 
0.15802196032801855 
0.14197785620025258 
0.15084421426306047 
0.13437668958506094 
0.14287974943788598 
0.13375424968380023 
0.13366544385477924 
0.14773812491352764 
0.13489910041163514 
0.1420339734178514 
0.14401962576355676 
0.13339386705464334 
0.13329817196077948 
0.13719840329669383 
0.1381826472137797 
0.15001632867572615 
0.13470464949345506 
0.14234058486342402 
0.13856843993965695 
0.14541634583117996 
0.14268076361312726 
0.1432333844454919 
0.1507972288246089 
0.12829739117117608 
0.14914875098553088 
0.13420065031183587 
0.15819225195077713 
0.14517444281759728 
0.1384855034001528 
0.1447679845744629 
0.1418573150054032 
0.1402771556813306 
0.14477624735705757 
0.1380404897866444 
0.14203108143492094 
0.14088780570545079 
0.12828657776199595 
0.1398277116236367 
0.14246101009594053 
0.13169416294757194 
0.1324627088777392 
0.13319048173909245 
0.13827859524445893 
0.143048938963237 
0.1415822801248971 
0.13689867214484894 
0.14996589016558803 
0.13676632320901583 
0.14836698808798565 
0.13743711002218784 
0.14188826265081997 
0.12693504094908512 
0.13255181092302673 
0.13992212825069025 
0.14796860265546502 
0.1461193115080125 
0.1327476001660653 
0.1395897676674108 
0.12919084104492895 
0.1372881029126479 
0.139425767628888 
0.1458435084819344 
0.1342657421900335 
0.13590518125256726 
0.14881178204006051 
0.13744506402392195 
0.1475312961666459 
0.13990121907111255 
0.13131949855224578 
0.1330912524053436 
0.1446650083688522 
0.1361343469376676 
0.1362026287701387 
0.14994527245373732 
0.1386949121888477 
0.13939289943432462 
0.14087099512566434 
0.14513896341388863 
0.1550916626933468 
0.13559220799951469 
0.12980591398723332 
0.13882918018070217 
0.14128118976527954 
0.14461697574757992 
0.14262194464484754 
0.14099014868560547 
0.14378149596960937 
0.1334985306378627 
0.1337892833363641 
0.14172823752339483 
0.15062330872153132 
0.13925892043848162 
0.135924851778727 
0.15839001646358886 
0.13566837848467708 
0.1491935275582368 
0.13532739867725205 
0.14732986476225196 
0.15335065401148093 
0.13965391270013178 
0.15401878962077414 
0.14580740197212066 
0.13480136763540942 
0.14576110292906447 
0.15645442736621754 
0.14963252797271454 
0.1271934036168716 
0.13458486491127175 
0.13793215149048874 
0.13333056376585004 
0.12522569398091393 
0.12886166659889928 
0.14123419157335984 
0.14497917600320698 
0.13938207087238616 
0.13128675222237746 
0.14576894273435012 
0.13905397146895626 
0.1549224404553669 
0.15190090369603565 
0.14025323892001615 
0.12965903525336062 
0.14748782769798227 
0.14182266711245992 
0.14264053794969228 
0.13758057217596076 
0.14408721826437834 
0.14041138539539127 
0.13991303553487075 
0.14319056922450327 
0.13777575352248694 
0.14620198721953295 
0.13696313197317098 
0.14166397216720872 
0.14228857965837424 
0.14308321000957205 
0.146662087526376 
0.14825741893213312 
0.14062095720812307 
0.14877819452391203 
0.15051791928238833 
0.13367012245921364 
0.15071688119620782 
0.138699852374845 
0.1311488673245222 
0.13795595375863287 
0.13589729715718837 
0.13767317778690777 
0.14719810078169027 
0.1463183082883861 
0.1336015621003924 
0.12920777690537652 
0.13667424014512541 
0.1497929163171416 
0.14414622774568214 
0.14153620982437792 
0.1450202918584314 
0.13511579401137638 
0.14549204601345514 
0.13877783959312215 
0.1384080785233803 
0.14699779154044365 
0.14134538483156528 
0.14031974329948885 
0.1414583855449017 
0.1303379443391845 
0.13089970777161136 
0.15763227351223322 
0.1396597547946971 
0.13737468777178885 
0.14064340731280928 
0.14063363470897014 
0.15203000753866178 
0.14437643905006145 
0.1347319279061591 
0.1382826115590894 
0.13984141881724807 
0.14828371826746034 
0.14275974128917415 
0.15336459716168238 
0.14047650571539558 
0.14821645207158296 
0.1530043075054195 
0.13146753969220207 
0.15592815332196433 
0.13795870626699533 
0.16022888471867738 
0.14262266533195672 
0.13165261970274256 
0.12623809551215684 
0.149797900924127 
0.13232980996499577 
0.1407765621277954 
0.13454015844709818 
0.1423669585475298 
0.147827197083466 
0.13585375772603803 
0.14640860217328452 
0.14176409753893976 
0.13602053888120644 
0.13607209507365917 
0.15039979225852798 
0.13187292689329222 
0.13438296407004516 
0.13737984973119308 
0.15125311882553147 
0.136412051581848 
0.14030109404113866 
0.13120179242811486 
0.13555183034984553 
0.1239343650242098 
0.14742918361695675 
0.14806286493640292 
0.14191435679266662 
0.13753634342872426 
0.1394680737531712 
0.14777195693937314 
0.13564022773125853 
0.1419796502714098 
0.1430075518359712 
0.14922056756191848 
0.14122842051959186 
0.15046568091176524 
0.13333208708418573 
0.14794574565756893 
0.15037419716001324 
0.14238001521318056 
0.14391710935114094 
0.14195558948706932 
0.13393976139271338 
0.14199030039014304 
0.13486588343182995 
0.13510128091167323 
0.1350311574103089 
0.1319246438983002 
0.12987922409683744 
0.14188119410014682 
0.13028145419206522 
0.13246329040835658 
0.14566113854474558 
0.14137170112429098 
0.14220516362027605 
0.12694930649872466 
0.14713575771849344 
0.1499069851549965 
0.14832638470041393 
0.13083962434288876 
0.145720349322197 
0.15847453480956694 
0.14653292537437024 
0.14313664866377498 
0.1309382374635696 
0.13412723112707645 
0.14180505967721752 
0.1435171264686508 
0.14924991688527092 
0.13767818931565837 
0.1333417570781203 
0.13589270413926743 
0.13421332238944148 
0.13313931694371453 
0.1358591947532461 
0.13592038369612225 
0.1426644472053372 
0.1426610387650872 
0.14122938455808556 
0.12760450079087635 
0.13473060219578026 
0.136611814166869 
0.12463517163927405 
0.15233201878419572 
0.1424455832038656 
0.1423152011232902 
0.14468406871618417 
0.13464343082229527 
0.14249657088560203 
0.1455106378073545 
0.1444642799802989 
0.14735318073351902 
0.14120457424553903 
0.1283546059731459 
0.13679772944826904 
0.14473860556877877 
0.13996255759787943 
0.1278607768174379 
0.14114064591774497 
0.1333747053634665 
0.13641605071832139 
0.14782783029302005 
0.1387741275253091 
0.1378301757607524 
0.15394019017775218 
0.14678643498719957 
0.15136334690623235 
0.13210448774961944 
0.14390435422410947 
0.13393999780744043 
0.1398578561257624 
0.13140002530253175 
0.14697914071000992 
0.12754989954691984 
0.1477534275044952 
0.13752933748776197 
0.13690319494100628 
0.1415424798787597 
0.1345555925372073 
0.1347585380111041 
0.14011876344410043 
0.14461633549816363 
0.1506312507268932 
0.13485657636388274 
0.1290174793438953 
0.14116840254407534 
0.145081530647724 
0.1469692862680117 
0.1364027082699849 
0.1271607203127264 
0.13214102739189895 
0.13973335776197904 
0.14114559899950896 
0.1422554373466322 
0.14971688839687128 
0.13442941813769052 
0.1332374368581345 
0.14386142085616901 
0.14669616005731226 
0.1491249815774263 
0.1458796931495663 
0.13468016476180694 
0.14502631123414642 
0.1431153937514199 
0.14136438577292929 
0.12923123130487857 
0.1329373595209165 
0.13996860228236396 
0.1483784440804401 
0.13110082279689822 
0.13947606892804654 
0.14537773960278555 
0.1407906576028824 
0.14306146120145946 
0.13953752112898676 
0.1411381985871933 
0.14153618982603677 
0.12946046967354885 
0.14253526859643062 
0.141776677360904 
0.13130063579130719 
0.13836032021894593 
0.14196477654195913 
0.13542593185806792 
0.14693881998972855 
0.14836539313377717 
0.1376963995893636 
0.13441610821123173 
0.143421881987994 
0.1393201542375968 
0.14997199637449396 
0.12713631693662455 
0.1314626716272278 
0.1365376380792795 
0.14280149490361818 
0.1427773478826458 
0.137815599126999 
0.12149448110138962 
0.14763347354826883 
0.1427336824073389 
0.15179715092573937 
0.13525486657128616 
0.14911957915584922 
0.1307290573782877 
0.13793050727339934 
0.14974395739986474 
0.1389630012208045 
0.13977470426261177 
0.13450944230454104 
0.14273304928997396 
0.1473736107614423 
0.13910437010719448 
0.14176425161446018 
0.1566902485161249 
0.14511558599622368 
0.13497587134590194 
0.14263464247611693 
0.1328542318448252 
0.15227061295966457 
0.142193895351419 
0.14922256764210742 
0.14889706867914526 
0.143949041947532 
0.1457163620270994 
0.13482785006249026 
0.14007638063588204 
0.1380024293885615 
0.14021339373745106 
0.13342114384573947 
0.14448287435372137 
0.14878181428771178 
0.13309275500353565 
0.13390681976760904 
0.15426736071642883 
0.13394741344679456 
0.13831306171984012 
0.13653631740292893 
0.14612278718127913 
0.14037582376944296 
0.14755322023516612 
0.146894681442706 
0.157502275500133 
0.13781125920466303 
0.13737653879555256 
0.15145369893845306 
0.14150823376788324 
0.15133107414652 
0.13218647152290988 
0.13344999792402001 
0.1396150825582128 
0.14284150506480003 
0.14970024986981942 
0.1367256489358554 
0.1377874630073236 
0.13592941819001594 
0.14144974525829063 
0.13646787612568098 
0.14030181083778975 
0.14897132276445557 
0.14636329855763505 
0.14927423599470915 
0.13076428661152084 
0.1508767433248886 
0.136694840322666 
0.1495636273288404 
0.14281625491964509 
0.13584882504397466 
0.14606160053497427 
0.14492493056809894 
0.1329565302139823 
0.14106558049134396 
0.14677685859083026 
0.1299045029039098 
0.14264122215603234 
0.1430611119399518 
0.14388219335091953 
0.14212577599910292 
0.14625139805271758 
0.1444069286988099 
0.13662854548360306 
0.1338964868539119 
0.15008443176928285 
0.14283547177988262 
0.12899990350871485 
0.14039812988141234 
0.13436005271111864 
0.13743175786998074 
0.1464769879163233 
0.12843978992500843 
0.13906099396097796 
0.1333975376111244 
0.1289357844605665 
0.13935290689530355 
0.14359459348467712 
0.14013504776913024 
0.13318491445337724 
0.1323319250710909 
0.14645245986556812 
0.1536356036327361 
0.14327563200257173 
0.13670571090110395 
0.14434047250496174 
0.14400860672604676 
0.13671634248700498 
0.12910023621683178 
0.13477158805647077 
0.13347504826091713 
0.128103543084473 
0.14346398461871152 
0.13233312200090327 
0.13056138718099683 
0.12948743995166642 
0.13772483058501114 
0.1477251908127821 
0.13926467186862201 
0.142879166508681 
0.12886480512679993 
0.13805872261965174 
0.15942418960969312 
0.1359162897700906 
0.12500756863813253 
0.14470926858117747 
0.13523837183399093 
0.1340370812030126 
0.1395301668669917 
0.1411174751797279 
0.1394789993829988 
0.1300118871249837 
0.1472381064405517 
0.14254040338306936 
0.13972142941035715 
0.13611828115514998 
0.1404118425041301 
0.12756455676502232 
0.1496681603558824 
0.13399306133410924 
0.14933586141866106 
0.1414802478535012 
0.15185766934549372 
0.14151077633369893 
0.13688767801950844 
0.1419340468697678 
0.1538392437989585 
0.14204296777396277 
0.13950521632178753 
0.14674563751343755 
0.15526046127717116 
0.15034842039174084 
0.14916588378167114 
0.1431893453649945 
0.14264255648214694 
0.13190582206052692 
0.14665093078044758 
0.1478087401355138 
0.13635937069528925 
0.1478931929969674 
0.14002148812517357 
0.14313957944749925 
0.13427152272562493 
0.14871793902579727 
0.14428865377150005 
0.13764097783991525 
0.14829941063771757 
0.14311267320917279 
0.1483336827894843 
0.14569096644440752 
0.15119088290977056 
0.14357695284409275 
0.1401045651807464 
0.1397549603712162 
0.14899366792732469 
0.14092595222516222 
0.13627453438472273 
0.13246880328454155 
0.1334373898270102 
0.1456821778605582 
0.1381534175311558 
0.14291931938781813 
0.14318167259762135 
0.14637039767114912 
0.13963964045182656 
0.1470166711476084 
0.14014376011817287 
0.13880346900888485 
0.1424207516165309 
0.13539647204890934 
0.14033060515906393 
0.14067165628618794 
0.1382354952756391 
0.1422235879571963 
0.14703232444066325 
0.11910766834373049 
0.13993923733162794 
0.14258348681287492 
0.1458432247830364 
0.13116466625445203 
0.1426327378445152 
0.14599054192885674 
0.15209213722456627 
0.13608452005493754 
0.14381168240074466 
0.15915910898016455 
0.14282835768417076 
0.13465680097939278 
0.15067047002860537 
0.13050795404881835 
0.14202238483471866 
0.13667504425258492 
0.12985900606542258 
0.14424939391433705 
0.13424418007017477 
0.13470335626530958 
0.13252123308306074 
0.12723255705965775 
0.14175509395975602 
0.14976003287174794 
0.13506491460205336 
0.13028068091366218 
0.14755067687349174 
0.1428387079733352 
0.12849071091346714 
0.14513345540712969 
0.13897134515369658 
0.13829853323371638 
0.1470317226567327 
0.1448725345262505 
0.14611472599750994 
0.14862880242353274 
0.14816559882988597 
0.13689618774737303 
0.1310431477761697 
0.14951878701095486 
0.1319766513260196 
0.1353313274955245 
0.13965221643773765 
0.14615156112490127 
0.13595479736530844 
0.1424387392915682 
0.14335643525284864 
0.12397711169549737 
0.14076521180808638 
0.13833569730891893 
0.14335449310168585 
0.1327227774713152 
0.15269349882639516 
0.13585284644692683 
0.12007440890320657 
0.13939388667868674 
0.14476688309245345 
0.12547024842615767 
0.15643940371180157 
0.1386776510599274 
0.14175601381142727 
0.13622436149570066 
0.13908399283435732 
0.14342899040508827 
0.13958115693624892 
0.1505533926913973 
0.13438031732312308 
0.13669799226909723 
0.12794275967758156 
0.14555093109495276 
0.1412455895328586 
0.1371558558792875 
0.13996808565103924 
0.13945925813435592 
0.1397146472651281 
0.13381172850672726 
0.13596256081773184 
0.14554823867071315 
0.14387956813065825 
0.1398018575564634 
0.14377340865860758 
0.14384523692087567 
0.14440265944390152 
0.13280079661750388 
0.14177970972256682 
0.13535609670411825 
0.1401918851961065 
0.14236327566550752 
0.15299466100805387 
0.15104067832539694 
0.1499071839140883 
0.14000988921786217 
0.13989103066469136 
0.14071294885440652 
0.14696782419893092 
0.1500402375290929 
0.14517445436041068 
0.13948109673625392 
0.1423790142864401 
0.14914278904960118 
0.1417569784189193 
0.14274230765590495 
0.1455911594463511 
0.1345121327867427 
0.14768066355740883 
0.14326255132249624 
0.1381492347895889 
0.1374189794757408 
0.1418578458835697 
0.13946475813819798 
0.13971359600456068 
0.12301378844872343 
0.14300170447966454 
0.13612436420340823 
0.13345014596022892 
0.14451260359066442 
0.13739799324380028 
0.14694505932051882 
0.13689523212203325 
0.14918842588124745 
0.13447474558432293 
0.14661613926982553 
0.13806403308047982 
0.14250791275279762 
0.13147626471658677 
0.14279376647040845 
0.1367374939991572 
0.1499449877346299 
0.13930586447660007 
0.14870148435481587 
0.1471580733752692 
0.14539509817591992 
0.13146590094599922 
0.14548495970638411 
0.14231930110359697 
0.14097388290871155 
0.14676161669932367 
0.13494856946373923 
0.14215245819880995 
0.13120206922135738 
0.140848930573041 
0.15095263156053287 
0.14492424114428676 
0.14670679084608207 
0.13688443142449291 
0.13560547336703546 
0.14478692046056418 
0.1317107485136475 
0.13032984262403996 
0.14161418501810544 
0.1454930219496325 
0.14385391750256835 
0.13562041288364818 
0.14231803877372817 
0.14014615066966865 
0.13976378053585542 
