0.14941432005946512 
0.14955465764078266 
0.1486533934600827 
0.14965696025503997 
0.152740252280405 
0.14498524101713633 
0.1509851620251131 
0.13932263019173455 
0.1482220374419196 
0.14787431026626263 
0.15446809110934956 
0.14610388919459164 
0.16791447804299278 
0.16413425270952836 
0.14497550548032617 
0.15880884645848556 
0.16346922016583698 
0.15104834616271495 
0.1409104252979885 
0.14852647095386293 
0.15441425163455214 
0.14369432446853844 
0.1346648073009382 
0.15658398902035547 
0.15575802208398307 
0.15539287715935174 
0.16149892655373585 
0.1604621240649087 
0.15056665053142076 
0.15642169616289084 
0.15948728454892885 
0.1502870306368318 
0.1448994607719975 
0.13181693681819184 
0.14322793168968553 
0.1543138845461733 
0.14639457907093117 
0.13705792855092286 
0.15335994310764944 
0.14517326990379004 
0.15077022580964716 
0.1447530516361022 
0.151574068701366 
0.16191063712519357 
0.14692236726826982 
0.15265346585322112 
0.14239034911211446 
0.1582178392965678 
0.16649186545027292 
0.1374326925372651 
0.15562855402325138 
0.15724257184997958 
0.14751422669690392 
0.15897991346106094 
0.1513893717914555 
0.15784539257495087 
0.15847375188378382 
0.14922356272672915 
0.13706837531268995 
0.14887129275873345 
0.15439933092914773 
0.16678614725076898 
0.15671883295269387 
0.15758564315057857 
0.14880551822027133 
0.14534683926662714 
0.1449466294097147 
0.15602518328428785 
0.14730476204774004 
0.15673328117240382 
0.16167313139441777 
0.1524425185411883 
0.15822310484999486 
0.14761697617352526 
0.15267022892176713 
0.14052912532389283 
0.15792498265502522 
0.14830278133330702 
0.147148539782058 
0.16179128648828192 
0.15739610057231987 
0.1618325160400534 
0.16274024512381038 
0.1547479191755468 
0.14175619131009135 
0.14817821223452984 
0.14436468134024105 
0.14975962525511638 
0.1605117846001296 
0.16225055508908415 
0.15216867869811243 
0.14548670927490878 
0.1446615106437375 
0.15121011349861468 
0.1436735168790275 
0.15206906062910902 
0.15351419095592467 
0.14786668649325432 
0.1519119641006502 
0.1542830968215721 
0.14869683768578085 
0.15767730501389 
0.15109206146124912 
0.14503175178103864 
0.157908170821704 
0.13992356948048412 
0.1577345401606165 
0.14847936945444393 
0.16536604623362094 
0.15136096827357073 
0.14281804964970998 
0.15353374038605064 
0.1590039031658504 
0.15650020941231182 
0.1502996679039536 
0.14190629113144024 
0.13922083643281272 
0.1468565940433603 
0.14680237893554265 
0.16280882092264953 
0.1581604035985992 
0.14181934832081874 
0.17774915495028903 
0.15470825659887358 
0.14223238162794333 
0.1513791131478795 
0.1444823719100599 
0.1501368798511795 
0.15236183964544173 
0.13703712737066417 
0.15981496656362065 
0.14637773157845876 
0.14692188726792674 
0.1463274522843227 
0.150352533777516 
0.14966962388743507 
0.16218550591936615 
0.15064088046735613 
0.1557063153419669 
0.1547096356364708 
0.15837199923765696 
0.14231985615312695 
0.1543782304806177 
0.153963839656169 
0.14981946192510165 
0.15160571636314785 
0.16326752307417133 
0.1519125570042977 
0.13946154819631124 
0.15242310252351782 
0.1433838612279951 
0.15291445277074328 
0.14158083325312354 
0.154552532181013 
0.14887404963276588 
0.15000358578664472 
0.1436811629418972 
0.16067550294815403 
0.16000302584531537 
0.1605199275838942 
0.15362409448292158 
0.15459321197025502 
0.15588453130625718 
0.155896883432426 
0.16346393577829843 
0.15648484808009178 
0.15311696617136028 
0.15888844380457434 
0.14591860081332844 
0.14900232871664623 
0.1568857119679244 
0.168047351156844 
0.16788004410799728 
0.16119901205360715 
0.1546254659562656 
0.15469439362060422 
0.1627516169095896 
0.15901073703053156 
0.15470595298487463 
0.14804504747815078 
0.15682800090464996 
0.16677791743261502 
0.14776134102332272 
0.15632461489557944 
0.15744075255462162 
0.15008257373229772 
0.14567824965235648 
0.15434741568123875 
0.1583566479223921 
0.15627654173551242 
0.14044649777884952 
0.14741052233668975 
0.16389422326512618 
0.15080766008579563 
0.15819495006514248 
0.15708087049612074 
0.15448464480221755 
0.14932682798269814 
0.14851087519153666 
0.15434649322120356 
0.14822205270790745 
0.16327378240916626 
0.1571851557242829 
0.14038664390451475 
0.15377522507694616 
0.14997861230654744 
0.14278607613158914 
0.14533417410045082 
0.15309894315916106 
0.15021952835207603 
0.15258369329220234 
0.162039935401851 
0.15891281543625624 
0.15010554714609184 
0.14566018040461093 
0.14607674416333 
0.1302788006738978 
0.14998635105433542 
0.15216282188792435 
0.14322934764311382 
0.15464069396287963 
0.15586220198063636 
0.1515174828569809 
0.1525200655721589 
0.15135391734883688 
0.149865539843988 
0.1495939292330879 
0.15163802055020814 
0.1477003014581981 
0.15689216966868866 
0.14529812888455956 
0.16087507894010644 
0.15144759559456097 
0.15328313041569464 
0.149495852199297 
0.15528163022551708 
0.1571162536629139 
0.16035266545345694 
0.1602596641464883 
0.15012859358681918 
0.1526463687622788 
0.15328276260736523 
0.14476615883317442 
0.16206439271959536 
0.15483507613688632 
0.14514462772149966 
0.1495938581270938 
0.15318621958002782 
0.14461708334196147 
0.1684838926685004 
0.15490054843678033 
0.1523978245481031 
0.14890451478871808 
0.14941353242025482 
0.15926623555169342 
0.1572077953492743 
0.15533598189837655 
0.15232906866115006 
0.14822215976014563 
0.15264184872360095 
0.16057157380657405 
0.1514041681482259 
0.14215258975537448 
0.14577869909651228 
0.14339414238742718 
0.16401949027940865 
0.15566728613372438 
0.15591222500131402 
0.16194297346391484 
0.15543966358971564 
0.15504733259037143 
0.15176826211288602 
0.15735038999098613 
0.15062650308204906 
0.1586874490478925 
0.14917103671359108 
0.15091358710345668 
0.14526121402914663 
0.1529016597380572 
0.14467709870827872 
0.14442796820668924 
0.1665434528664227 
0.1417637653272056 
0.1501759476580509 
0.15003386251834458 
0.15202938202594135 
0.15710332869779364 
0.15557995515797501 
0.1537127019517355 
0.1598273462742802 
0.14136672730035688 
0.1549621908851054 
0.14570819266438054 
0.13786322067255447 
0.15591232657365556 
0.1613100856707608 
0.16354043150126865 
0.14491432110391012 
0.14932461812698866 
0.15531151643233598 
0.15244219485093063 
0.15600892796602325 
0.15356138358573093 
0.1440427937971063 
0.15419465429714257 
0.1444720650320989 
0.15134896948358634 
0.15789662882085628 
0.1411312189761103 
0.16254869940226932 
0.14742570875048683 
0.13714098532989097 
0.16255141852339794 
0.1446918091771135 
0.15092323985584813 
0.15441044411505264 
0.15386550588431236 
0.1562508721759948 
0.1548966348478646 
0.15550322131995625 
0.15422909541143065 
0.14340368468329515 
0.15083262068063558 
0.16023880333990934 
0.14970167386808492 
0.154912779079858 
0.1488458961473894 
0.14794335338989711 
0.14553278100350195 
0.1570198636940254 
0.13729595494054128 
0.14893992809083303 
0.1468759896194449 
0.14222687346925839 
0.14451357715543994 
0.15923251697192975 
0.14656727038934383 
0.15633306182622117 
0.1424460803959844 
0.14546717685610472 
0.15352947917390433 
0.148207775990453 
0.1493454176820669 
0.14315331457661915 
0.16968982367519553 
0.15578689529016246 
0.15643394351038725 
0.14612393932124718 
0.14942070922799972 
0.14699571284540505 
0.15645867538669833 
0.15833572321022094 
0.1473337457862148 
0.15744885879308315 
0.14505838625428927 
0.15002178414748127 
0.1468047887195533 
0.14501474558126054 
0.15809680721761224 
0.13693480905408237 
0.1518232037555137 
0.15242746283541633 
0.15451873632647167 
0.13580529830091811 
0.15979605662273014 
0.1422522470756831 
0.1526961221732493 
0.15185526040106387 
0.1555165053188431 
0.13427524755055711 
0.14863632364000998 
0.13091226293749292 
0.16601525317996754 
0.15832231010138484 
0.15410511298000146 
0.1445758583410045 
0.1550971322995164 
0.15921985794257307 
0.15338823098273807 
0.15177306818122122 
0.14518846538708505 
0.1477610386439126 
0.15002874525238044 
0.16341313151486064 
0.14418972309413244 
0.14754037787002774 
0.15733048579485634 
0.14218655100532912 
0.1478735284535822 
0.15643511633764454 
0.15259140424466985 
0.15989766288147317 
0.14271571063085325 
0.15622349354933926 
0.14604317704584519 
0.13578959143375635 
0.14609416480495407 
0.1565022834061923 
0.15657727852451273 
0.14059914230411313 
0.17199852921732825 
0.13293377583810947 
0.15813906820672277 
0.1537656510704856 
0.15724511692430385 
0.1420875563529568 
0.14486495086697032 
0.1538722149562648 
0.1514047650747262 
0.14608581719407424 
0.15399369150268918 
0.15323657281685513 
0.16613950416961318 
0.15161436513155754 
0.15241052113415676 
0.14509529461782134 
0.15521561551075372 
0.1508078517634065 
0.1650222167213263 
0.15684332206353885 
0.15530529686806138 
0.1494005928928532 
0.1404625037143697 
0.15140511623916938 
0.14662562075268246 
0.16126211150388056 
0.14547547759526466 
0.1472593683229211 
0.16921208528618029 
0.15423251820270723 
0.15355363969302385 
0.1448896199001655 
0.14981204907680779 
0.14074728544620885 
0.16670156490689525 
0.16154521720931292 
0.15761746829550105 
0.13727249976707998 
0.13675296346969104 
0.14813502427615188 
0.15141637181445042 
0.15208957514078206 
0.1428139326937938 
0.15347548461672827 
0.1605709213321651 
0.15410321438687824 
0.14149651763993903 
0.14833151691523072 
0.15343354052864622 
0.1593971408865405 
0.1535937852060512 
0.14112467357650338 
0.15226952031055116 
0.14799624229725533 
0.14905535963386232 
0.1587697974840093 
0.14536157992109236 
0.14990284610302548 
0.1595956021189936 
0.14957360008008283 
0.16433046926247213 
0.14795839232711 
0.14604156872067234 
0.1725973975333766 
0.15134414133924784 
0.14817667101283394 
0.14994768061905084 
0.15096403078650497 
0.1578917044135469 
0.1499575809193287 
0.14599572374281777 
0.1542062663723957 
0.14667242782256765 
0.15126738320788072 
0.15300264993952972 
0.1646597265121387 
0.15509183271267138 
0.14540011755926668 
0.14201076323129852 
0.15132965078503577 
0.15147627605271305 
0.14549183114545494 
0.14379318600060512 
0.15219354563037987 
0.14796681049783617 
0.14351551268728754 
0.14738317680276822 
0.14400030776300876 
0.16630524008861675 
0.1550502261183181 
0.14323027090382556 
0.1457306584210571 
0.1479366441920376 
0.1515203389749568 
0.1565270647818247 
0.1553471370131103 
0.16892764261795049 
0.16543535638285045 
0.153576421619013 
0.15435322975005428 
0.13942481034887547 
0.16365986317243061 
0.14035429952799763 
0.1524837767189687 
0.146326553379365 
0.1510997716554663 
0.14172464001289645 
0.14663970206869703 
0.1585222707559314 
0.13501656703391485 
0.14580979396486038 
0.12864014263503581 
0.13475004672188368 
0.14288329566818758 
0.15867725944196331 
0.15399142066829527 
0.14585012932837546 
0.1567065693975822 
0.14902423844035828 
0.15502783165099995 
0.15886626506820353 
0.15212910847613606 
0.15356357379778612 
0.16140321060124554 
0.14247083509743302 
0.1558636607465544 
0.14760215830539095 
0.1484438560505288 
0.1584458820747944 
0.14891043721483047 
0.15537341717442574 
0.14818980047744282 
0.14933671425727332 
0.15888141906612502 
0.15194519785340474 
0.1590131243526371 
0.14515054510661637 
0.15381299699835654 
0.14602497629940525 
0.15403078289989758 
0.14643278825493908 
0.16203042335138848 
0.15927515407711687 
0.1537579833686506 
0.14391726323821172 
0.1617670341818326 
0.15192799301669743 
0.15398501937621142 
0.1558837285839711 
0.14887895138564908 
0.13855341327495455 
0.14751397055316998 
0.14850693763731873 
0.14470455962234563 
0.1571141620288754 
0.15578382701455246 
0.15939748588588923 
0.1555845660088931 
0.1465181850875253 
0.14517242629861402 
0.14406795093821542 
0.14296077522267686 
0.14848570208436723 
0.15542999170102895 
0.15292572248349467 
0.1591527165692526 
0.15198547361908163 
0.14249593009860415 
0.14633604779686302 
0.14562421383020205 
0.15117037746534828 
0.15286139443092936 
0.13614003101546224 
0.1506800178525224 
0.150434945714679 
0.14321822046045413 
0.16265695980348047 
0.1400932351202839 
0.1508760060545574 
0.16204918012289848 
0.1497547927809012 
0.1509199646287775 
0.13472830485254142 
0.16785386696298776 
0.15329597552981822 
0.14693593214082956 
0.15748799023206406 
0.1512061842963671 
0.1658922057140294 
0.15203565823157397 
0.14375752299665356 
0.15525288975669957 
0.1576763743009725 
0.16714653519596567 
0.14585260342202627 
0.139866005754318 
0.14668341966709175 
0.14227180669984207 
0.1588482694105718 
0.1536929903755601 
0.14395082843662815 
0.15294734636907006 
0.1485138095494465 
0.14015021106084088 
0.1615129358440144 
0.15049439643821425 
0.15516484657288288 
0.146111779764265 
0.15654275065754933 
0.1384566056987766 
0.1378830914805812 
0.15756456294367888 
0.1434298874955747 
0.14420241450817542 
0.14738304228552132 
0.16560682582897712 
0.1527368424679254 
0.146227106040088 
0.15533070550052777 
0.14591510460218493 
0.1543497914196609 
0.1476210074098344 
0.14744817981052652 
0.16163721872035425 
0.15498029923602313 
0.1434317052987448 
0.15248715742536964 
0.1420400394628524 
0.15340018368286326 
0.15311369732292948 
0.14624271552668475 
0.14991134884522203 
0.15923704620398152 
0.14232717049727012 
0.14282382378333483 
0.12944516967464287 
0.1502743187797095 
0.15297874137147938 
0.15189813864177953 
0.1584779699358358 
0.15454488751654044 
0.1560251282300284 
0.1650397674436495 
0.15077820770666087 
0.1479911111745153 
0.14657663542910143 
0.14595896515601475 
0.1559025174397226 
0.15939185628591795 
0.14621242894495343 
0.15693564249017788 
0.15705255744666236 
0.15949051133718484 
0.14191339407432396 
0.14408838075412397 
0.14236203347830734 
0.15718218457675742 
0.1609316367670156 
0.1473574770012268 
0.1544180963545296 
0.16071740784114297 
0.1381902734022528 
0.16068715505352632 
0.14487656795927448 
0.15089649024375779 
0.15564860141286554 
0.1381586009689479 
0.15438820629686686 
0.1447557825747831 
0.14491806180484018 
0.1432541049512311 
0.1459565370869226 
0.15297838704358416 
0.16080126074162984 
0.14825746203293874 
0.1480197352304461 
0.14408027976931626 
0.15811512631128746 
0.15635848358753424 
0.13141107254611803 
0.15005541640384376 
0.13938393961430778 
0.15632413414702964 
0.16219014647402194 
0.14971809845659947 
0.15303853079301127 
0.14820572655909112 
0.1425669310719088 
0.15159443508445516 
0.16324585323456128 
0.14907041015138525 
0.1618541153592298 
0.16130837451761856 
0.14670496506184097 
0.13607268427419347 
0.15076367558578746 
0.15759975550590255 
0.15985208672307888 
0.14360635983008496 
0.1425042011574408 
0.14545904284234074 
0.14237271027651915 
0.1529182229591383 
0.13897177564545207 
0.14553049456202122 
0.14678687570104676 
0.1487983498215502 
0.14990121645334417 
0.15734472411798237 
0.1493713442140748 
0.1472042568403639 
0.1595096569610654 
0.14699331666530588 
0.1446599928272129 
0.1531104695807408 
0.13664382375998996 
0.15558429138283456 
0.14778850929404472 
0.15112266416989825 
0.14893475591308258 
0.16627414384119366 
0.16330697406343944 
0.16252404088506264 
0.14961460725003206 
0.13605191151848195 
0.14395187401907042 
0.1516212318621627 
0.15073629820851422 
0.1680534979594928 
0.15454874114815784 
0.1516707058436329 
0.1514627961431364 
0.15107894639265543 
0.15495562406024102 
0.1513719363113717 
0.14587892470967836 
0.13523348687384962 
0.1493709240267764 
0.14819367756984644 
0.15719348201277694 
0.15005850781593294 
0.15033654808351923 
0.14498055694601986 
0.15398517425033081 
0.1469557489303673 
0.15503452455840003 
0.15678713412513237 
0.14243318566881757 
0.14093451871968934 
0.15846736690020102 
0.1516008916905724 
0.15380663156395244 
0.15946082258596853 
0.1732571927902672 
0.1618823518150764 
0.15007007595411787 
0.14350577266993778 
0.1654139185265328 
0.14898989993325176 
0.1403898352358652 
0.15356342324329542 
0.15880898144665237 
0.16011476238594038 
0.152254936873618 
0.14341654032288045 
0.15583381149691272 
0.14986475651325182 
0.1501135870510039 
0.14623359715823492 
0.15468346381765619 
0.1593280160731311 
0.14127866226660282 
0.16675011172433127 
0.1571328971711528 
0.15226784777094593 
0.1408538135541879 
0.14596251232999966 
0.1355687031482451 
0.14950820708985885 
0.1490770744435146 
0.1517420513252483 
0.15050308661559733 
0.14925152910045505 
0.14881248796243773 
0.1412087633114774 
0.1607868241149002 
0.1587038131447307 
0.144746085259265 
0.14665478381576552 
0.1510287391045284 
0.1515329635931273 
0.15311252447316034 
0.16190042053502599 
0.15159417464377867 
0.1535829927850087 
0.14629926070118912 
0.1556444108462122 
0.14662561500264631 
0.16278905496051704 
0.1402975893581427 
0.1462417822172434 
0.1651052928089886 
0.14773902075341486 
0.1484382357402116 
0.15976401067890578 
0.14827740684348484 
0.15756147611113144 
0.15471208509165413 
0.1484005549579732 
0.15065477290487858 
0.15009497386469123 
0.15970194640239194 
0.14382540459196286 
0.17242738350580927 
0.15279072610229166 
0.15808803765713442 
0.1451918073743848 
0.16017518711404616 
0.16056674415418115 
0.13902068200780487 
0.15654200275956892 
0.15723214724972417 
0.15196228831576117 
0.1424035953197428 
0.15324689885661935 
0.15155344176718333 
0.14771610111591027 
0.15249247914502373 
0.1424102432303777 
0.1534598461760094 
0.15107000556040184 
0.14247108057609537 
0.15231651819432393 
0.14485276158532895 
0.14969036543514666 
0.15499593426201838 
0.1567477273655468 
0.14378340823548774 
0.1622638721494397 
0.14533414057335645 
0.1550508907629095 
0.15126879270372837 
0.15742558104116486 
0.14324452773001697 
0.14152356969057858 
0.1474917875492676 
0.1414050687984323 
0.15216446427796895 
0.15359890823811925 
0.13667141768487642 
0.14954615431868679 
0.15093718635320388 
0.14156088469979863 
0.16383212884448786 
0.14341335904111216 
0.15918916008271114 
0.1478100148830379 
0.16220555448651197 
0.1449852047989862 
0.14836215646569154 
0.13875629076849202 
0.1450029335538122 
0.15336397702844573 
0.15385547883019607 
0.16238475490873316 
0.15073333592116991 
0.16275892264694847 
0.1497068855226077 
0.14474228607510545 
0.1550144198049465 
0.1403304280831404 
0.15332039973746778 
0.14708489225814547 
0.15254605016392725 
0.1584341212710548 
0.14437453939474754 
0.14840966244697174 
0.1374007095564342 
0.1350257922346063 
0.1467067950632778 
0.14722977035853516 
0.1661665736718206 
0.14727266692665528 
0.1536647446134229 
0.16315912197785679 
0.13635434608541042 
0.15033619676657062 
0.1574330949768344 
0.14342806627019583 
0.15002952885191265 
0.1420244743822673 
0.14716673256422255 
0.1539567142232647 
0.1448788423854705 
0.14824010708680294 
0.14553163789738485 
0.1502905644138037 
0.13710530833508025 
0.16104516760904178 
0.1438466506330588 
0.15079517505682208 
0.15484275872274855 
0.15984191897466196 
0.14121830292274984 
0.1483810031607806 
0.14414656717454177 
0.15329485563760742 
0.13347930786637174 
0.14276400989335858 
0.1470104297846826 
0.15272731996435238 
0.1455322945745311 
0.13571014974965623 
0.15364549435209052 
0.13878513787931945 
0.14785773492602897 
0.14877676038893636 
0.15102360616818436 
0.16659205579407524 
0.14953854471543157 
0.14831165499615442 
0.15344773155667588 
0.16828580170269822 
0.13803736869171648 
0.16459688998317967 
0.1489451163217344 
0.15284877039389494 
0.15278753452053115 
0.15703844772415412 
0.15243411360759843 
0.1559100443540121 
0.14733125223772314 
0.14594489860732193 
0.14759506221804383 
0.1467785098114431 
0.16300390559121072 
0.15682393397695005 
0.15328945301597585 
0.14770658806509088 
0.14756483887296945 
0.14837108090087217 
0.14240595298581274 
0.15158801383818513 
0.1481057373751461 
0.1367839155903387 
0.14860146041954925 
0.1664824913596787 
0.14957498068369018 
0.15744975828065574 
0.15548951308144798 
0.15937050902230346 
0.15254598992533328 
0.16277096980671735 
0.15470507300425265 
0.1518048374040797 
0.1531826914573599 
0.1620982182890457 
0.14516459214013525 
0.14679111410354723 
0.14964719139248775 
0.15081881836881153 
0.15298485322921382 
0.1383769818875095 
0.1440594937461287 
0.15086525276584864 
0.15504357880945543 
0.14346085916725596 
0.1414418136816521 
0.14989016203971606 
0.1528339832487315 
0.1524823704127253 
0.16545777098377473 
0.1371863524775527 
0.15703233210905224 
0.13892593558093153 
0.15092791362515356 
0.15988400236093173 
0.15171461751161966 
0.15891462015920318 
0.149461267900338 
0.13674503543911107 
0.1498126140647354 
0.14451548125580974 
0.14759898799525706 
0.1551234573571588 
0.16401862125912334 
0.14631061870633288 
0.1532965925683056 
0.14855975906214983 
0.14255075140856527 
0.14719596894300355 
0.14846472383499834 
0.1397891416599223 
0.14258414376925918 
0.15110243799377718 
0.16028046278044125 
0.161444041947067 
0.14616332750208444 
0.15264758891045438 
0.13903490812686076 
