0.09802498030341851 
0.09249360424081923 
0.09627923937724707 
0.0828665530802186 
0.0805003593133948 
0.09279905386391141 
0.09470842119085686 
0.09182893327561778 
0.08951566483078487 
0.08792821581655871 
0.08157668062698237 
0.09027911179867634 
0.08123652384586716 
0.08040685774742098 
0.09040042815045074 
0.09322778767492661 
0.07766338806905759 
0.08705022156320669 
0.08349955294070309 
0.08207464758864198 
0.09298599958134841 
0.08688863269524673 
0.087846521376342 
0.08461593691678745 
0.07424309344278063 
0.09905582275241744 
0.08409570900858945 
0.07998828047157495 
0.09056798842755494 
0.08763219576387181 
0.08171524930847722 
0.09281450334423892 
0.08328309115117666 
0.08529689786976317 
0.08663350129681971 
0.08524879456174697 
0.07932292027379582 
0.09170094638316498 
0.09613784779849661 
0.09536911091881851 
0.0795455558766125 
0.08960782399161998 
0.0835285239262691 
0.08498414673410419 
0.08683367393539607 
0.08353275345555389 
0.0857071446018593 
0.0842902066664322 
0.0832894821838549 
0.08821488013155344 
0.09216921154313279 
0.08419212939672627 
0.09183175402742841 
0.08931160832473475 
0.08470747224823955 
0.08729077301087376 
0.08063024015921208 
0.08444582320962424 
0.08756403403482119 
0.08937819239146501 
0.08110210701764022 
0.08262737116442542 
0.08526066686705325 
0.0844145286345367 
0.08727522511462137 
0.09189880444687491 
0.09005711001315277 
0.08617479160552076 
0.08794521945307626 
0.08415568723016587 
0.08330367077166573 
0.08750076676793535 
0.0826111923775342 
0.08423344144120404 
0.08952163640228757 
0.09225465465747816 
0.090136385767391 
0.08534501541088055 
0.08659717857056234 
0.07873033249676316 
0.08963873330341993 
0.08364249175796579 
0.08484148715878426 
0.0870823584507287 
0.08755437169120295 
0.08929696332608512 
0.09063512585292241 
0.08433884345249888 
0.07838576396791638 
0.07770659170695925 
0.07836380773794605 
0.08733838305557463 
0.07709686844954365 
0.08556951844527481 
0.08138635941142855 
0.08627708305175477 
0.08734004924789458 
0.08944877683666236 
0.09055034065076595 
0.08815694913342204 
0.09321465471235447 
0.09304513673395345 
0.08919165138922794 
0.09262844032622809 
0.08352562172351523 
0.0832692980012937 
0.07416628038013089 
0.08330024994984309 
0.0851245905225694 
0.08519400350929666 
0.0871131138001227 
0.08501704018199921 
0.08167402120426279 
0.07393131381441215 
0.09235413016359452 
0.08232250774890988 
0.08488510249979435 
0.09211284001544073 
0.08626304956872198 
0.09160619500408637 
0.08216298711337226 
0.08247956746300832 
0.07830916654848159 
0.08390279652476587 
0.09178038369904798 
0.0873744602374378 
0.08078466470721246 
0.08952600175843936 
0.08068428141688601 
0.08823728214048374 
0.08296425303708185 
0.08798644220326969 
0.0786596801806953 
0.07921563626160111 
0.0915512620858053 
0.078111143652379 
0.08206261011282392 
0.08673646827174736 
0.0766641016366531 
0.09435623405569345 
0.0857776866056431 
0.08745846212125431 
0.08405060172410796 
0.08365085253334589 
0.09154754797383481 
0.08174436812584321 
0.0881190154997125 
0.08553460580221942 
0.0874914342083124 
0.082823322885002 
0.09231524032824209 
0.07766332304835889 
0.09099529589049998 
0.0858868678489549 
0.07796898372158863 
0.08321687959146436 
0.08757509817630109 
0.07788361570523293 
0.08732183609206644 
0.08589264703893494 
0.096874627961711 
0.08066332167386094 
0.09213936244034723 
0.098928164965002 
0.08592655212693881 
0.0847978689357311 
0.08430666243518029 
0.08406853539199827 
0.08611222951554628 
0.08857686947804025 
0.08518246513763852 
0.08072933413225854 
0.08197707533620228 
0.08525377828733088 
0.09149246233853776 
0.0843126630756761 
0.09385508620746635 
0.0864949895684256 
0.08767541321946622 
0.0840701538349363 
0.08018291261919352 
0.08469963163843341 
0.10570716140690625 
0.08935224880788818 
0.08240295365340086 
0.08616286850250704 
0.08576623904749033 
0.08262796351243598 
0.08002600953647522 
0.08069050661161827 
0.09591497666923476 
0.08222660154068409 
0.07381485178200611 
0.08681992914322618 
0.08525442665243314 
0.08230266512214368 
0.08638112122544625 
0.08587659624719508 
0.0929880024790106 
0.0818473622010991 
0.09223616960050622 
0.0808629489423668 
0.08415613803329608 
0.0899011459505863 
0.07894272256472426 
0.08770987200370481 
0.09214774620662912 
0.08883563444224937 
0.08352858747845167 
0.08686382439284934 
0.08657585760287143 
0.08261582262962136 
0.08132900800885955 
0.08681634486282636 
0.08576332350900517 
0.08554462550808377 
0.09611702217902444 
0.0800045261160372 
0.0855859574095974 
0.08538290641488303 
0.08739795046407758 
0.08521605845402731 
0.08258099360993455 
0.09661399864988537 
0.08401674614722605 
0.08851330100152983 
0.09421159648206977 
0.08368678797469509 
0.0891800758805485 
0.0827234852503356 
0.08464208124176623 
0.08771231784066899 
0.09950375241492561 
0.0789756579615842 
0.08390290947401564 
0.08540543163858426 
0.0824193641303157 
0.08697445125847776 
0.08072707417488663 
0.08091674143498181 
0.0834204419232821 
0.08523181434694697 
0.08147181932306274 
0.09058407014970592 
0.09173439382513174 
0.08573222226156502 
0.0924499311977273 
0.08517338236495636 
0.0912669952239718 
0.0874165564213806 
0.08077473525035897 
0.08954603090121288 
0.0835544086117034 
0.08201998457510949 
0.08018596954120315 
0.0872820557447343 
0.09240158315575037 
0.09141763923877148 
0.09005622640092781 
0.0839031491078401 
0.08085593878115585 
0.08421853474579842 
0.08418159347551729 
0.09243983590869086 
0.08737464291579641 
0.0822620019805138 
0.0908697640472116 
0.08590913851984017 
0.08785674887443178 
0.08401103854671832 
0.08613265462248904 
0.08134951214199218 
0.09348305547150787 
0.08249866447960333 
0.08558404719209207 
0.08601346491267767 
0.08713141520298777 
0.08834136308144168 
0.07909181224059401 
0.08577857319940305 
0.08659344530228805 
0.08234029409621335 
0.09624749476035989 
0.09115265907958935 
0.08219839520847132 
0.08315948195575991 
0.07965117481112205 
0.0809176786118955 
0.09010351687940316 
0.08038932182606673 
0.08879218831731449 
0.08466655634146843 
0.08175648591686042 
0.08364827194897109 
0.08772365615448824 
0.0845942376658287 
0.09108675187366123 
0.09073503459575437 
0.09199458789997392 
0.09026379989931216 
0.08249183632301367 
0.08506189145970434 
0.08694627001066502 
0.09473595360727158 
0.08125489717173043 
0.08861841324174922 
0.0865110226540496 
0.07746249240879455 
0.09059409052484224 
0.07732987340916542 
0.08974611593485018 
0.08939883673148322 
0.07772810913071773 
0.07984318377866953 
0.08738540409452586 
0.08537979639620692 
0.09158673143534726 
0.09329988169092057 
0.08510414099521346 
0.09243500638736003 
0.09583939961126224 
0.09062950317703843 
0.08427406041902027 
0.08451014468960678 
0.08919866013972363 
0.0858008973193192 
0.09572310566244342 
0.07995508520848787 
0.09110186485864781 
0.08045787766291401 
0.09705961034085099 
0.08480789050270017 
0.08650723953118539 
0.08651424783548545 
0.09187143728608684 
0.08087594380770698 
0.08371154863799674 
0.0837271676870281 
0.08083825226325175 
0.08420378004957987 
0.08500403860430554 
0.0944991271654557 
0.08706928514566822 
0.09088739501657468 
0.08523312263132904 
0.08711750093830067 
0.07706016844797704 
0.0869181984744309 
0.0876264951708218 
0.0890466593673327 
0.08623264774144214 
0.0845915909134453 
0.08739401539698403 
0.088434668910078 
0.0890769825784148 
0.08754533838014072 
0.0881577068516615 
0.08993378775087281 
0.0887876502559766 
0.0817034673937275 
0.08914840998458437 
0.08918009938711915 
0.07899008593885692 
0.08100468892895046 
0.10029529944807579 
0.09650665415373809 
0.08467303299984495 
0.08564897501964448 
0.0841616374208309 
0.09306037242941911 
0.09672760410215521 
0.08845467483535398 
0.09424338675386873 
0.08517208813615337 
0.09065344591031023 
0.08714109173637312 
0.08702261643244782 
0.08752770541938241 
0.07822588707638407 
0.08569959983630017 
0.0861413485531665 
0.09755591465282729 
0.08208333977365383 
0.07941769260760374 
0.08988922591437266 
0.08305195542745168 
0.08538506258194964 
0.08356759966512232 
0.08841577543488535 
0.08912396566760196 
0.08424694594718989 
0.09353502086691495 
0.09741142387422506 
0.08740790741851827 
0.0906539278681211 
0.09244892865469498 
0.08082414281911736 
0.08352599025725463 
0.08099142858423594 
0.09000502921460676 
0.07773983810182888 
0.09499831723280153 
0.0830774864642436 
0.0816845535296682 
0.08382496590353686 
0.08952607510787382 
0.08915648553199332 
0.08136025125574611 
0.08201245747064088 
0.1013682840000709 
0.08647688606722924 
0.08793178088674213 
0.08318377801428833 
0.08570081656757828 
0.0848391675932137 
0.08577454731885292 
0.07944898510064846 
0.0869148438869977 
0.08403643850932963 
0.08362137578628141 
0.08744692319098989 
0.08082442174157439 
0.07793345613653736 
0.08575129235462708 
0.08910346979693247 
0.0788617510490475 
0.09033773897239626 
0.0928283316730098 
0.08998633475051056 
0.08935650376002476 
0.09067342013745709 
0.10029417728623038 
0.08882802065666628 
0.09040609316011335 
0.08419742786101835 
0.08332609961949489 
0.0945509102176153 
0.08817790436102452 
0.09553213189024616 
0.09259523520884189 
0.09822043946802361 
0.08638426222466487 
0.09102421049024362 
0.08939934371535735 
0.08705614371418753 
0.08861460772520173 
0.08472409176266113 
0.08639722862006485 
0.0825399113639593 
0.08685228466985513 
0.07962078496981556 
0.08369038276001983 
0.08041880285783483 
0.08550948234967388 
0.08404253219257984 
0.09195896297356784 
0.08338628592595514 
0.08345396131454533 
0.08358584825285816 
0.09270019938125078 
0.08249325152559422 
0.09172013343997147 
0.09210248848006655 
0.07735937954482035 
0.08783107605257799 
0.08673946231958175 
0.09029842349064669 
0.07887174044448947 
0.09501926116034995 
0.09388589587024317 
0.08929997678695957 
0.08092113025777709 
0.08977386361810347 
0.08806347216783125 
0.08734384607263072 
0.08030231488995877 
0.08946062179608817 
0.08081917277831907 
0.0861057173092979 
0.0908265869667424 
0.08383140655701497 
0.0880987571983682 
0.08712904504137607 
0.09344487561067143 
0.08614295655791995 
0.08725170441509092 
0.09229926881547103 
0.08900943637644372 
0.08397320087260407 
0.08737514059910809 
0.08349695633406444 
0.09059232485810746 
0.08061822270275813 
0.08167575625435579 
0.09256044205640672 
0.08835752646167795 
0.07850876950363005 
0.08080584430457409 
0.0829739573282737 
0.08662070020799612 
0.08195482855399348 
0.07722481001839947 
0.08623949608828511 
0.09014500253404696 
0.09002760762634944 
0.083060892540755 
0.0932494092281172 
0.08289157235396619 
0.08576581231294642 
0.08378832111821706 
0.08398786318790313 
0.0814308065280102 
0.0923559579395506 
0.08412883304216885 
0.08455184489414988 
0.08103391297045283 
0.08680857965462312 
0.089326975238374 
0.08889368751284683 
0.08241946164549338 
0.07929176511602945 
0.0870100802497837 
0.0815153935601211 
0.08853922102387538 
0.08337508193368302 
0.0865630444100636 
0.08014219235279116 
0.08888122410260829 
0.08644327956913067 
0.08806621359490861 
0.07372735848031114 
0.09419193353079594 
0.0848923268635379 
0.0867028176179223 
0.08870303950928086 
0.09340601713178161 
0.09011708881517064 
0.08410755808170503 
0.08039354110694012 
0.08452032344996065 
0.0889017422954083 
0.08774762730413072 
0.08903539914845827 
0.0920795803314008 
0.09064498148359733 
0.08381690824013097 
0.09295256972148407 
0.08845296942167673 
0.08275894330772217 
0.09005440764148874 
0.08894718187805598 
0.08849635292584036 
0.08736671544374532 
0.08370593532875174 
0.08149719256101912 
0.07616270865253388 
0.08569332604645737 
0.08362997462569338 
0.08868696196297055 
0.08832337635374134 
0.08824465479952953 
0.0820717495812175 
0.09378723351701532 
0.08177013926323876 
0.08959487744897435 
0.09890008354033554 
0.08079964210144273 
0.08488903269765423 
0.08096701882338828 
0.0883253815393113 
0.09211483355381757 
0.08168426137525996 
0.08974485564651453 
0.08724553953848106 
0.08505790157227273 
0.0860982373123265 
0.08103684807067517 
0.08619714872733154 
0.08477684497862752 
0.08962993754886003 
0.08645309560669898 
0.10235801604190804 
0.08465826037433848 
0.0835758218216148 
0.08669379367426087 
0.09237581601885994 
0.07805588385780995 
0.08488243386277992 
0.09160932693974891 
0.0841891682450709 
0.10080669426097207 
0.09047994056577043 
0.08572429055770599 
0.08531521950911305 
0.09527912046949785 
0.07870673268315842 
0.08886480016552442 
0.08583987660106399 
0.08619856738000004 
0.07798932971715118 
0.07893925175800527 
0.09302848842400305 
0.09226439759440123 
0.08376317034251239 
0.08353975403282472 
0.07940672268340182 
0.07564498718328604 
0.08760491885117291 
0.08209248479861558 
0.0847652612324797 
0.08245408690436881 
0.07613104721495949 
0.09039396166551728 
0.08564106294257481 
0.08506833673424322 
0.08388287052539253 
0.09451923069259291 
0.09274515195384914 
0.0849084011637991 
0.08721819768487662 
0.08520904981051677 
0.0907448165974695 
0.09510807237996789 
0.08203990717211596 
0.08476474873375024 
0.08695352364998553 
0.09086672893561573 
0.09298369584476325 
0.08978186068638278 
0.08825120667960679 
0.08737603321828913 
0.08750443463439096 
0.08593537777369499 
0.08352022793207832 
0.08897729239127689 
0.09132011591322688 
0.0880879633970526 
0.08339770867179594 
0.08975128219038675 
0.08698233860668095 
0.08609005059933693 
0.09403477403418649 
0.08137892914060414 
0.08593682169917637 
0.08316560895818687 
0.09721867178221359 
0.0916736506590463 
0.09169581664168405 
0.08029156201037131 
0.08285945312062645 
0.08669905721973753 
0.09052031583249624 
0.08839039610283585 
0.08980439107672199 
0.08513325105900538 
0.09664370688708047 
0.08723934739653774 
0.07758128112408673 
0.09310395571883612 
0.08361546903161729 
0.0888777243811715 
0.08452003349620663 
0.08035324753524503 
0.07668950603524158 
0.08459680200942149 
0.08599844946150839 
0.09654590141369529 
0.0975898630099637 
0.08382629192911385 
0.09361417075373164 
0.08409832978189273 
0.09023695725312125 
0.08363836472546615 
0.08795731683551138 
0.08546669122136086 
0.08588770151063067 
0.09413029975257832 
0.0749133577323542 
0.08384704021097196 
0.08925430044220878 
0.09478308882690363 
0.09374859965266737 
0.09525942883401663 
0.09262899274816808 
0.08566742647882367 
0.08670309157067257 
0.08660970892937744 
0.08718499782765778 
0.08967967080633618 
0.08297053170972947 
0.09917119040488159 
0.08486409188836797 
0.08906426580984973 
0.07925378405229622 
0.09787950212208021 
0.08970042246045032 
0.08009513363646906 
0.08372292094589046 
0.08475378327383164 
0.0986959376501162 
0.09438763659749094 
0.08995237163153312 
0.0882155458792744 
0.09254699288768843 
0.08507399954283325 
0.08708686944576435 
0.08303349578897178 
0.09062578050535558 
0.08479237389554518 
0.08079520435075335 
0.08097619328758608 
0.07751577167403143 
0.08425131984724096 
0.08013178515515536 
0.09170114091758358 
0.09667098520795775 
0.08353082788716602 
0.08369319887646162 
0.08226895956235132 
0.08412927375053986 
0.08393775928974344 
0.09343438566207553 
0.07709605981095127 
0.08817305203240114 
0.09230600854737982 
0.08584372490042597 
0.08936308769534516 
0.08539736391531914 
0.07923685725614074 
0.09025603613343118 
0.08531222507780141 
0.08210657180747981 
0.08294332045211719 
0.08009536966310017 
0.08878622872084282 
0.08428169005911278 
0.08960026669373193 
0.09245776968982872 
0.08665897774164491 
0.08179380725110896 
0.09533995217617859 
0.08515669305729234 
0.0873329888314142 
0.08766917147593843 
0.08783098876925043 
0.08909407740464372 
0.09768546786049534 
0.09015062461336663 
0.09489033718433515 
0.09481377870086191 
0.08561352340381616 
0.08454764037974158 
0.08205300401428238 
0.07599613804379061 
0.08293543743268302 
0.0953541777668883 
0.08170760266359002 
0.08727030153096113 
0.08563987372480293 
0.09465648462758411 
0.0935908387151586 
0.0912347089721211 
0.08748008700595747 
0.09624582015018755 
0.08533461581586799 
0.08680784343901815 
0.08570240369642486 
0.0902603152312778 
0.08298862242103142 
0.08496237545262328 
0.08567180668997526 
0.08523030673457041 
0.0907244576664409 
0.07880313945026764 
0.08308173568849962 
0.08594635880342905 
0.08301713110518195 
0.09326896060777659 
0.0838883643532361 
0.09730235619414757 
0.08169413704942553 
0.09391366920479452 
0.07864769928347477 
0.08697585269713613 
0.09274517510092202 
0.0845878868163771 
0.07923443438218539 
0.09004679491470712 
0.09347090827581747 
0.08354849930623591 
0.0871742997049433 
0.08836429493023797 
0.08856033652007589 
0.10030996427405915 
0.08584613850813713 
0.0911065213100502 
0.09388108411727597 
0.09237850248628834 
0.08128293244880347 
0.07803713038512591 
0.08018965581123257 
0.08557399488771085 
0.09339734698653802 
0.08561509082002888 
0.08204835761686011 
0.08332726975999105 
0.08050299955281529 
0.0784737759552484 
0.09612074318897045 
0.09099954072649703 
0.09153287706930234 
0.0847247804077113 
0.08285992640151095 
0.07979521436430317 
0.0865542621811495 
0.08513033177386736 
0.08892589509690486 
0.08467672460988694 
0.07959578906859537 
0.08405256794071636 
0.08438232517508956 
0.08280733634695756 
0.07861001886329967 
0.08910957705768076 
0.09541711762459537 
0.09573281034436507 
0.09721917994917412 
0.08254637442729248 
0.0818974275614758 
0.08870742373292788 
0.08937502998428017 
0.09071972788774825 
0.08714418003504311 
0.09624427445135432 
0.08241788863556161 
0.08168740454291734 
0.08187488691169263 
0.08528330542396614 
0.08551935638040802 
0.08238199495366258 
0.08651560092034069 
0.07901309982164534 
0.07979860156443044 
0.09955533607680107 
0.08391967227108629 
0.08421129966196501 
0.08628926677274495 
0.0891945932895197 
0.08759378933117618 
0.08997787184315707 
0.09194956588817112 
0.08485915250596483 
0.08935276122472188 
0.0808323505882412 
0.09090665491727043 
0.08892911579536746 
0.0866653258640786 
0.0831505748733829 
0.08352494598540292 
0.09182251229582954 
0.09784423090403492 
0.08290699845915889 
0.09274717631792027 
0.08138295176464432 
0.08867787473297155 
0.08686366871596785 
0.0889693138063484 
0.09122997865776186 
0.09867155802928758 
0.08428100788521557 
0.08587166478790458 
0.09387139526815508 
0.08258313180702369 
0.08274316242641906 
0.08115758804891052 
0.08601899884950562 
0.08407259376068173 
0.09023704318153926 
0.09086934347850713 
0.08351486340718464 
0.08464217646265691 
0.08601280773979128 
0.08423608923798526 
0.08741044798439652 
0.08700206505743074 
0.08676473438662345 
0.08731465143676817 
0.07931579351555312 
0.09109515971262193 
0.07744461443587047 
0.09541183547979121 
0.09703301228932491 
0.09165762276178303 
0.094402064828731 
0.08292444765025593 
0.0966997366228041 
0.08612575847970082 
0.09618180187972473 
0.08284052893690115 
0.08547403707988983 
0.08856764569730247 
0.08262244527297284 
0.08164039797279253 
0.08388127508540405 
0.08592687523430793 
0.09540096908579734 
0.08348467961946905 
0.08851781791572814 
0.08798607146439993 
0.08643361587685476 
0.0841901700512986 
0.08082370091317233 
0.08387242252021043 
0.08398847000374277 
0.08902929332896074 
0.08918272014223705 
0.08460141546284751 
0.08524697611427988 
0.07741953156682566 
0.08728209797651303 
0.08501373420131683 
0.0894534883150438 
0.08645348630559013 
0.0962733469020896 
0.08674825376624591 
0.09284905462624776 
0.08718953874251463 
0.08611614035106316 
0.09247477370935961 
0.08141428035400182 
0.08632506900006143 
0.08596792754632493 
0.07867710914368439 
0.08377202257813383 
0.08095900025147887 
0.0934891433627469 
0.082936141972779 
0.08395777358080411 
0.08093944410400819 
0.08849278046961746 
0.09384375902054375 
0.0932192764013808 
0.07801222845832069 
0.0840939611221348 
0.08879769082114113 
0.08651718613916029 
0.08511668185184385 
0.08281207545900712 
0.08578287517161537 
0.0880654774391774 
0.08422981882254457 
0.08871687857761958 
0.07976523562379839 
0.08493314659360664 
0.08606103833055623 
0.08575636682204664 
0.09279548129464597 
0.09146589945773458 
0.0851413508610923 
0.08506512607443714 
0.08287104248356786 
0.08553785749947354 
0.0932842579747659 
0.07730644580403208 
0.08566516807812749 
0.0850251255718637 
0.0862724551014223 
0.08668197384861516 
0.09228805538377668 
0.08344975139737798 
0.0992334173139062 
0.09244523749541647 
0.09284175741824653 
0.0875973320479041 
0.08886037928726234 
0.0861952971865875 
0.08476399359494056 
0.08545792540380136 
0.083433535868996 
0.08892294082560999 
0.08729866483736286 
0.08310136597329866 
0.08797086453799356 
0.09144932963030515 
0.08721766454990777 
0.08959999428685209 
0.09051875842899723 
0.08650040408386354 
0.07828865983523615 
0.09521485035182138 
0.08229668064184427 
0.08223817625244081 
0.09219778364037332 
0.08430634031243273 
0.08215656034821331 
0.084192486296543 
0.07965430321281307 
0.07984795322196646 
0.08336697389612013 
0.08526572963517863 
