0.1460644317004003 
0.1373336693010541 
0.14875003210980872 
0.14280250489441723 
0.1337828695517376 
0.15359380220506463 
0.13410798335299776 
0.14012006582424266 
0.13891022586907353 
0.1339943850822173 
0.14294994902638986 
0.14933784868820665 
0.144101315131201 
0.14223183660019914 
0.14997709238647713 
0.13738047215070176 
0.1373461496647253 
0.1496171889156313 
0.13555031375408105 
0.14314907971335813 
0.15261184280904394 
0.1315401272049132 
0.14560660587821223 
0.13836689660781085 
0.14796698697249602 
0.12378719696484475 
0.12506759719178243 
0.13292307860854835 
0.1296445603812973 
0.1371491574931062 
0.1367660822990532 
0.14907124446741113 
0.14428902608092145 
0.14240628275463346 
0.15325148134944303 
0.13130111273211584 
0.1413264659506654 
0.15067113458455117 
0.12557873451786658 
0.14433229144563214 
0.1545452991702085 
0.14127465306048173 
0.13423586024789255 
0.12561845352612364 
0.14096010772066694 
0.132546750523733 
0.14940019773578117 
0.13215730711056595 
0.12942369973696555 
0.12959128807520912 
0.14556029620120758 
0.1272026575567677 
0.14521358756074054 
0.13730756474585737 
0.15468120359002174 
0.13402495583683904 
0.12269700733365076 
0.14118451936507193 
0.13855306909397405 
0.13903886579696553 
0.1372771118196993 
0.14199989946150401 
0.14285981346312776 
0.13276972897920883 
0.13771768798356626 
0.14864899605428172 
0.1500955989072429 
0.1475796032786547 
0.13827068926562333 
0.14065269463826996 
0.1336386948217256 
0.14314869107537267 
0.14286674440353753 
0.13370014210135084 
0.14406470284442224 
0.13152495926856603 
0.139260804638691 
0.14547856136104326 
0.14773360574757233 
0.14026142791253277 
0.13496511564206784 
0.15209052454784824 
0.14396208491340443 
0.1312933938563856 
0.13739346877278338 
0.1440366862856807 
0.13066705581400592 
0.1385567879288372 
0.1582290260419298 
0.1332223825666297 
0.1347707838142141 
0.1575586769026024 
0.1344472130842534 
0.14037978311812221 
0.14142243267793833 
0.13433852211290132 
0.13393950427467638 
0.14294604384368081 
0.14226209049075136 
0.12740260156026095 
0.1302318157478707 
0.13280530710480773 
0.14413192417341927 
0.14604703152510595 
0.13519592544883421 
0.13260463795767435 
0.14238577027701904 
0.14044152306289787 
0.13709686495227846 
0.13578288574192948 
0.14623382742595548 
0.12961394973854634 
0.13586121770151402 
0.13519626587272668 
0.14605039157477245 
0.16036326490054553 
0.15346781751408883 
0.14282222570595926 
0.1289058452693491 
0.13727111266454906 
0.14794132027746212 
0.14178171785594254 
0.13584602908009544 
0.1511111553789852 
0.1517592470876512 
0.13838242588423982 
0.1327034797717872 
0.1462743576290877 
0.13273335654264343 
0.14769087945033907 
0.1473187163574012 
0.13926710849370721 
0.13838725746691585 
0.13667163674784338 
0.13747480045272348 
0.14067876831398587 
0.14038250080660505 
0.14519778231924074 
0.148050352319157 
0.13677699944526459 
0.13724592262278498 
0.15158412812995942 
0.14358203063937927 
0.14427376862250602 
0.1322609353862597 
0.13232440220547373 
0.13484730576016274 
0.1442283445996827 
0.13923815622560565 
0.1389371643615986 
0.13786024755304732 
0.13183982955918191 
0.1383184409817454 
0.13529621597826907 
0.14189663864277968 
0.13845354794064432 
0.1398088642189457 
0.13342257543948344 
0.13963276427293908 
0.13654421188788268 
0.13780938863810704 
0.13788860620468643 
0.14122920418962576 
0.1269348967085575 
0.14372048686154626 
0.1440900311168418 
0.14490981927132765 
0.1418424775572768 
0.13131520693439874 
0.13605681683482426 
0.14911194557409949 
0.13168877353065048 
0.13361121528516984 
0.15028751756719996 
0.14385613511579362 
0.15116742752260273 
0.14608769826512868 
0.133549767622529 
0.14128105223630896 
0.13438043162350205 
0.14278727345608036 
0.12986921963541265 
0.13897803262967923 
0.1512895179438722 
0.14832194106041394 
0.13681832273143033 
0.14243238718394255 
0.1482099659532261 
0.14403047823602716 
0.1449329925830217 
0.1470692264214225 
0.1394945200785237 
0.13064202287504817 
0.14578177137491466 
0.14347384308816055 
0.1238236329495113 
0.12842288886813338 
0.1376248650922655 
0.1330394353455621 
0.1376635453934764 
0.14843819944965853 
0.14484327900599112 
0.14008223360395583 
0.14869706301325838 
0.13969081389346746 
0.14551632131010722 
0.14409026541972655 
0.14746641897338048 
0.13974784055761152 
0.13816039742280467 
0.1451209595183955 
0.1385395586461831 
0.14605398825050878 
0.14138462023404388 
0.14453092019595887 
0.1353476899758803 
0.14304102002122543 
0.1536865075907342 
0.1424762561434715 
0.1455288082703967 
0.12824874146356113 
0.1258873917824834 
0.14919354943140303 
0.14128004009136824 
0.13481445484396565 
0.1415691127800447 
0.14440663356108785 
0.140158223715378 
0.13933311639041204 
0.13430650940899516 
0.13675705686466302 
0.12794499868827724 
0.1347177875505706 
0.1352577675154395 
0.14890100926771527 
0.1353657465960692 
0.14100966855071584 
0.1377611602506748 
0.13205115795226727 
0.15129381217324173 
0.13937245677903792 
0.1396518359353036 
0.14575673014464235 
0.13698837580869172 
0.14363471876996042 
0.14804957195127652 
0.14657059904901407 
0.14088495137485335 
0.13930688268495878 
0.13222071319465178 
0.12814707045667167 
0.14196165940529118 
0.1401825474155227 
0.14468991975510037 
0.13232010852012313 
0.13565825134810117 
0.14283151432177224 
0.14841898705682938 
0.15842685365760933 
0.1305614893892305 
0.1375324127364887 
0.1491488447621609 
0.13738220961169106 
0.1350718854098776 
0.13848107993275666 
0.14147218899402142 
0.1452952849202011 
0.14763152631188436 
0.13836171675188608 
0.14280386368099335 
0.14286728361795628 
0.14313143873409265 
0.13341674922513516 
0.14130196432976827 
0.14511359830892373 
0.14303467513381035 
0.14412245130079132 
0.13867613029467715 
0.14628321393225047 
0.1450435537798579 
0.15555433604120725 
0.1531044203907771 
0.15478032263538086 
0.13470072592698515 
0.14474625993944634 
0.12680597541624203 
0.14930227426165169 
0.149431822661285 
0.1360371550204802 
0.14700085994060677 
0.14795766489945966 
0.13568175814354205 
0.1294001502156675 
0.14930152680654002 
0.13611561887516177 
0.13134077271487343 
0.1395831666286855 
0.14332736991459627 
0.14035105018913713 
0.14178666563098763 
0.13009937136580385 
0.13860675627026375 
0.15360916053750173 
0.1443069681345074 
0.13768708649858852 
0.14738600771590962 
0.14894069623372103 
0.13227920794150066 
0.14840243405076234 
0.13413365760264104 
0.15398366091940632 
0.13406596921417577 
0.14273052977645106 
0.1422022972656369 
0.14066358473745996 
0.15510885205787212 
0.14848156452882416 
0.13145661580949392 
0.13382278341529522 
0.1411846538488241 
0.12588830183915709 
0.144280775314628 
0.15474964704334263 
0.13582798088718817 
0.132981251958706 
0.1446548871910132 
0.13956478496648916 
0.13839334487784793 
0.14121670000230735 
0.14693956935985708 
0.1411733405016064 
0.12878364604062564 
0.14703881168832664 
0.13391664675371207 
0.14198884845108115 
0.13592340651189597 
0.1550088286303749 
0.15054579285094158 
0.14748553201022685 
0.14080613491307 
0.14638584335233662 
0.13985540380963854 
0.14719481167460505 
0.14119453291973988 
0.1385615174973272 
0.14611809010735177 
0.1385374993186076 
0.14404559647936288 
0.14756382817977112 
0.13224097110648955 
0.1412008516660623 
0.1427813765628117 
0.13920104294875058 
0.13428791773012091 
0.14614546198656186 
0.13956984815861234 
0.14304541045814897 
0.13634023731705477 
0.1306768536404878 
0.1472488333077717 
0.14106183322002774 
0.14105006166103087 
0.14671088889576092 
0.13992099016831605 
0.13233695753562566 
0.13312436016042217 
0.14653563583780096 
0.14748902173886072 
0.13274743836935318 
0.1477867433280494 
0.13144061662027232 
0.15457183933932211 
0.13379867305618753 
0.1374032751491445 
0.13786130019043247 
0.14637031309200277 
0.13766608148200743 
0.1339260170837756 
0.121630081896999 
0.1359420100720857 
0.14053086747179105 
0.13612774752127063 
0.14131019679880383 
0.1281698505328026 
0.15251090993022348 
0.13897150343494316 
0.13654938860148372 
0.13852581075811357 
0.13286171014188045 
0.1296066722923767 
0.13619719533342223 
0.13871756275774225 
0.13855295297012166 
0.13626316311185407 
0.12715967874820344 
0.15117676607058894 
0.1519161173638446 
0.13219625157557988 
0.12998907801583542 
0.1350326206721871 
0.14011734356329386 
0.1367651313214911 
0.140422750706935 
0.14295645951027813 
0.12788085632985513 
0.1511534772016789 
0.1436870618355766 
0.1461122756339223 
0.1410596526121949 
0.13765100564755522 
0.14515939184874704 
0.12841135723044333 
0.13240027622749895 
0.1559237003289665 
0.14518502793013577 
0.12765800556494974 
0.14145839405971602 
0.13697876047588323 
0.14566139756661284 
0.14345904839034074 
0.14189817747608208 
0.13043238550551806 
0.14794058494075976 
0.13203208512668702 
0.13108700165622394 
0.14366170906385772 
0.13106308484245596 
0.12839072470387952 
0.13027728349372275 
0.14297461435577227 
0.14025145421004734 
0.130859626857668 
0.1339143435347361 
0.13795988003303877 
0.11478983600946009 
0.13713401948333162 
0.1416924511325477 
0.14584866405701646 
0.13931945576581745 
0.1272147764172249 
0.1418572259449175 
0.14262510366362072 
0.1410733289047718 
0.13433553835505832 
0.14025675317363603 
0.14105436195912907 
0.1479521896538606 
0.14316840434972525 
0.14476605847119398 
0.14518529922784612 
0.13840073699847044 
0.14144297321312815 
0.15162425331853435 
0.13614166383219947 
0.14455658010106343 
0.1367446887413201 
0.1399168765183141 
0.13849979722985362 
0.14062061388464148 
0.1317619940087882 
0.14128682906509485 
0.1386917996796217 
0.13939526991314397 
0.13399469738871192 
0.1382425178712942 
0.13907145352773798 
0.13208717736707984 
0.13774342775102033 
0.13905819304128902 
0.1257774220495124 
0.13710279741104955 
0.12834287730963767 
0.13912405662888877 
0.15226302549719187 
0.13722873370021363 
0.1344020463279766 
0.13378515165293456 
0.13387447956513174 
0.1469690306923032 
0.13779128788245548 
0.1465106698065479 
0.14295269383435782 
0.13586249241235243 
0.13659743753264286 
0.1518414956405273 
0.14172151022835677 
0.1360118366693656 
0.14601343396086525 
0.14324568903424467 
0.13571000448830586 
0.1341528996768149 
0.14717926067670334 
0.13393531633638445 
0.14781876683015635 
0.13455235049830153 
0.14629494112928196 
0.133455933876866 
0.1328939124232058 
0.13462286063594228 
0.1392544259716383 
0.1480201922444964 
0.1375248932440595 
0.1465456103508719 
0.1393547339206756 
0.14315932463907155 
0.13983367726816048 
0.14487757418710107 
0.15250493702781473 
0.138855680431429 
0.14434823561287083 
0.15575921867897982 
0.1588642984032779 
0.14310280983628143 
0.13218645213271277 
0.1480866814169026 
0.13184622495763607 
0.14081852292304345 
0.14491203574035938 
0.13682627437059175 
0.14601784247563163 
0.1369276505373581 
0.12964065243784842 
0.14950586296077098 
0.14575837862743327 
0.14525420614257886 
0.1327030802825621 
0.12726037789053352 
0.13107135174021342 
0.13732139948516192 
0.13853859107369748 
0.13509016569232263 
0.1443420781902627 
0.13735389709551796 
0.12270018925536877 
0.13138452137059 
0.13298990384774784 
0.14493124315976247 
0.14775613609605903 
0.14351910114624067 
0.13659480373909366 
0.12994367654346992 
0.13538708151276183 
0.13268327757421955 
0.1463286574169401 
0.15537821158983203 
0.14444849872789134 
0.14177227197552678 
0.14701801418600674 
0.1360566594427104 
0.13696840233774563 
0.15150683161547676 
0.12987909229364053 
0.14135816138402843 
0.1532249429572233 
0.1485021894599364 
0.14667438626408433 
0.1324532195250774 
0.13648179729452503 
0.13412191705307522 
0.12912480846161312 
0.14330991321574904 
0.15226990257711812 
0.13656470354918024 
0.14183319666678057 
0.1382257372745326 
0.1420786726871758 
0.12675150922019243 
0.14181835128025586 
0.13939001367085535 
0.15314995112093865 
0.1343131184061978 
0.14288400222176467 
0.1452960425620278 
0.13464047062555193 
0.1465144092576174 
0.14492892130150337 
0.15041951285505706 
0.14766501536598559 
0.13326892491620945 
0.13759607692691908 
0.1428959358526873 
0.14782173717010588 
0.1363815795837362 
0.13196470101298796 
0.12931676198919914 
0.14737962781400735 
0.13460122007325226 
0.13171957280600763 
0.14682078435715554 
0.136127109092637 
0.137380289909779 
0.1369365650844213 
0.14244923643914076 
0.13323657754167656 
0.12132967826659938 
0.14221425507769728 
0.14828688569995166 
0.1449349448393011 
0.13268251228719719 
0.13580011064017328 
0.15144045326810882 
0.1399302520042239 
0.14000294196461002 
0.14700166035673706 
0.13855835977820155 
0.1302053231623182 
0.15141375118484549 
0.16252476542764469 
0.13795997978137733 
0.14395622502571082 
0.13054395585121872 
0.1517160966343654 
0.1441517012956484 
0.1531775900902386 
0.14654450361132995 
0.1415204555601523 
0.13598561189633954 
0.14056960673224622 
0.1451342074012397 
0.13804225192172714 
0.12932337069068292 
0.1438490369767277 
0.1343008690729089 
0.13765662676148152 
0.14765372583725328 
0.15229731748908512 
0.13976082456788763 
0.13848581135314222 
0.14315720004086274 
0.1435075791543845 
0.13079901092305923 
0.1363716187561368 
0.14380422317730207 
0.1576032025733654 
0.14441823610115145 
0.14734173138243817 
0.13878321078349087 
0.13855681839363818 
0.14470345197036916 
0.14089310756247947 
0.14666447692353374 
0.14239576899508305 
0.13279775445212869 
0.1392713566878541 
0.1382744205843747 
0.12869584408939444 
0.13962887140559677 
0.13736018371108458 
0.13249242347379567 
0.15399134667869147 
0.13441200163766398 
0.14401222768167016 
0.1327781599853382 
0.14170628119103448 
0.14097278856900652 
0.15080173309141318 
0.14729262359315082 
0.135237801555463 
0.150099128810696 
0.13291163009314946 
0.1462057270899906 
0.13291601961266244 
0.13685550921784118 
0.13537682389206449 
0.1423719566294535 
0.12577391937947544 
0.13994716265790427 
0.13228813618789365 
0.13049424019770117 
0.14351288818463245 
0.14208561213587734 
0.13208774780224705 
0.13688172995063996 
0.12875936816670883 
0.13486388826707557 
0.1430212113863242 
0.134563510738738 
0.13836324138026612 
0.13554302285055206 
0.14636013004331425 
0.13745842637490496 
0.14406326574666622 
0.1351504481354948 
0.1362410008870562 
0.147788533014164 
0.13507815261662526 
0.14039827024759124 
0.14129637238655876 
0.15208038938076973 
0.1444458261493263 
0.1353961824889207 
0.1319805041961339 
0.12123273960750719 
0.13844459772825793 
0.14025066575424883 
0.13747268934677484 
0.14926559930956235 
0.14035622112925686 
0.1385687032826903 
0.15304820839773825 
0.1325707595311405 
0.14704237324014577 
0.13300683086360784 
0.13950498860651372 
0.13509196827722733 
0.14110483021413614 
0.14676435120669376 
0.13775537342925054 
0.14932156779130346 
0.15512294674323673 
0.13935648444310006 
0.1279007632444422 
0.131776541787924 
0.142376975336303 
0.12705863319288022 
0.1419538997260641 
0.1337183823727241 
0.1485729180944077 
0.144781456728641 
0.13486875012661634 
0.13818620818274763 
0.14225830243062706 
0.1513140368311791 
0.14629502935017152 
0.1487206932937651 
0.14240368784951818 
0.151939680833122 
0.14193855870073172 
0.14056361637888434 
0.14074600969018775 
0.14288741710642566 
0.14919598279986493 
0.13948164047425063 
0.1392192934706491 
0.1273849352305199 
0.14494597137855256 
0.15025466092587406 
0.13243435503714096 
0.13521711891730856 
0.12876771081735544 
0.1362059507905904 
0.1442643038017878 
0.13627301307428544 
0.14786237985578182 
0.14159671123719283 
0.1358499604738469 
0.1358866003714049 
0.1497610814350623 
0.15000715438555803 
0.13373333287036315 
0.1286663277821098 
0.13899807233939887 
0.14288451749021872 
0.13641926143159452 
0.13329629766294793 
0.12886552405146595 
0.1500513655789753 
0.14064355663316153 
0.14898913959475835 
0.16486520347173475 
0.13610637554378321 
0.13688873924670056 
0.15099295104078328 
0.1311202731908382 
0.15821029122466623 
0.13049885537190914 
0.13161832808797924 
0.13721797613656644 
0.15039183398313496 
0.14154254040042538 
0.126359510309047 
0.14038653036654414 
0.1386350575686639 
0.14512365427198087 
0.14222921653368245 
0.1469861766438905 
0.1429456777826383 
0.1509721606032809 
0.13001723795575934 
0.1467781800723365 
0.12976761990431632 
0.1356493287934605 
0.15112085407701306 
0.15045791100568662 
0.12916094963216448 
0.13027805611928875 
0.1336204026017767 
0.1468128012015234 
0.122867198366923 
0.14901334041548853 
0.126731198440986 
0.1406198896395401 
0.1365714982087932 
0.13651436109332382 
0.13091065891202125 
0.13678067547864284 
0.1334105897068021 
0.13326578525820423 
0.1360501875620623 
0.13167486842765705 
0.13763853281675364 
0.13113504773867102 
0.1350429741613991 
0.13768706737924455 
0.12867208198678587 
0.13656262888043516 
0.13515767555854916 
0.14217775306965766 
0.1456548713824742 
0.13973534903972418 
0.14168592417603382 
0.131229396614745 
0.14495812155522042 
0.13370377343349968 
0.13238578295152648 
0.13667954439852578 
0.1568964344892641 
0.1472670366554396 
0.13436005774632845 
0.14491126137707488 
0.1389093157013131 
0.12992614627998048 
0.1449691073090599 
0.14226454082318596 
0.14118392509765806 
0.14633343129666884 
0.13455582911646694 
0.13645017941956308 
0.15017384354105917 
0.1330983406357682 
0.14145918553598968 
0.146595238888785 
0.14463583323863732 
0.13119499675646065 
0.14586603139290852 
0.14432663797899054 
0.14152091789084653 
0.1469531083231914 
0.13822315256504988 
0.13535822339388562 
0.1360120180863997 
0.14650273981267906 
0.1397798881454733 
0.14844501855163672 
0.15360678608484543 
0.1399775418193658 
0.1445674278008938 
0.1368806488797962 
0.1426311754258122 
0.12973968800484437 
0.12940693319108634 
0.14425593771714731 
0.14525723985960876 
0.13542177567257263 
0.13963255659527576 
0.1445771870330392 
0.13069066511209396 
0.13306396755952712 
0.13920681192790485 
0.1362027785815724 
0.13338881001475086 
0.14706780922567309 
0.150048615828821 
0.13876898069810267 
0.1558922728953221 
0.14995192857397835 
0.13245831154666063 
0.13806692150702055 
0.13569641047318598 
0.14656283528911038 
0.13809586883889938 
0.13164616367259593 
0.16492959358438983 
0.13405509192985937 
0.14008826228372318 
0.14179395593440255 
0.1397527477674764 
0.14657195340634185 
0.14805100423016931 
0.14905640576416357 
0.13092471826636248 
0.14586173403039734 
0.14790621854698707 
0.12940396721656622 
0.1398804826259491 
0.1532307155672513 
0.13216887525614293 
0.13429770725264142 
0.1545542570180182 
0.1308016537754683 
0.14293195319052904 
0.14101069647546405 
0.13400149011793058 
0.15592875991088315 
0.14968680918955188 
0.1411478732045633 
0.13658476378090814 
0.14489737264120348 
0.15321448217126135 
0.14491572411172815 
0.1403315415081793 
0.1618969554533094 
0.13692647545866218 
0.13968664838476672 
0.14835028022951516 
0.12999872637030443 
0.14375039006073612 
0.14530362338877245 
0.14192658980499068 
0.12654803368682901 
0.1367228559254734 
0.1571087064284083 
0.1599624520328134 
0.1364247609036605 
0.1442618599886859 
0.1297395732906236 
0.14550480832856136 
0.14086356297526684 
0.1351764792831132 
0.1431767736458872 
0.146041800096253 
0.13564497015454774 
0.13278551231625724 
0.1325638618807505 
0.13781835975046236 
0.1405893019078271 
0.12848293537118358 
0.13768334427495646 
0.13619071815343617 
0.1473652259406629 
0.13176170685764962 
0.14386424248498275 
0.13963430793168252 
0.13260026333217267 
0.1357069812792252 
0.14335267011096575 
0.1489071857724828 
0.1380360691503458 
0.14519345636461714 
0.15110491609096274 
0.13566075432613744 
0.14207252480319205 
0.13331568960739332 
0.1404555100240421 
0.13801085894403203 
0.1420873679165431 
0.14282194794054776 
0.14126407392086912 
0.13027188099713735 
0.1367134805249749 
0.13103222574447718 
0.15290059833166794 
0.12663745759289954 
0.14235741089041956 
0.14357475206893658 
0.14541350099903624 
0.1425818503330156 
0.14741603043058907 
0.13904608353919248 
0.13430427896217295 
0.14140352383859697 
0.1404081582825228 
0.14274980192925033 
0.14734043908667974 
0.14157315164126644 
0.13551424146813348 
0.14119670079839253 
0.14966202579134297 
0.13082984694111252 
0.13866546938375882 
0.14062812305099198 
0.13413724040351901 
0.13725113738177003 
0.1393120386172222 
0.1422589420064394 
0.13535808954758724 
0.13676259900387028 
0.14270090814791733 
0.1308081713834829 
0.13102949513773365 
0.14514712770441027 
0.14064617724719305 
0.13682072941291198 
0.14161959863431975 
0.13665735418597888 
0.12681908998197894 
0.13240229283235525 
0.1314570704522878 
0.13658530058840282 
0.13969282350625503 
0.14847258051583476 
0.15450514971780255 
0.14231027900797605 
0.14156659271279468 
0.13720365576653423 
0.13838907945379234 
0.1383274264655046 
0.1550166730201436 
0.13371312583540748 
0.14461330921893378 
