0.1047949381328501 
0.10933312354845422 
0.10572697360197893 
0.09190619891381778 
0.08922945043650414 
0.10646498507975193 
0.11551725912619348 
0.10717021900265655 
0.10969802923114459 
0.1044036250143873 
0.10461371662933405 
0.10257171241100853 
0.09891213604163782 
0.08774829135044676 
0.09828272312099429 
0.10138287777780489 
0.09318784493111068 
0.09469873107751542 
0.10624493660007045 
0.09493885225671307 
0.10501754458504627 
0.10145554409616159 
0.10218518641241583 
0.10673930117522298 
0.09109025316171007 
0.10488741415568371 
0.09883471040705802 
0.08801782284787896 
0.09881422533735502 
0.09920356128382249 
0.1040348708088463 
0.10457009180138985 
0.10338740416292569 
0.09976346399912986 
0.09846796824724677 
0.09746149898449455 
0.0950709968223771 
0.0982482036015674 
0.10246862287104092 
0.10897595654450129 
0.08682427098411095 
0.10356400643804256 
0.09109195030485716 
0.0864011912894937 
0.0894949670161029 
0.09714042982506359 
0.09949101699740534 
0.09611073751886622 
0.09566790568104827 
0.09944243850684394 
0.09642706814982832 
0.09756777729348914 
0.10471933522630436 
0.10104449283030441 
0.09535260759901777 
0.10075649976660765 
0.10310585118809142 
0.10109140569477491 
0.10436570897237248 
0.09457232284095761 
0.09626667355358284 
0.087960022585138 
0.09509413664619082 
0.09553391822332916 
0.09740636160501072 
0.10037245223551233 
0.09779362139783448 
0.10263965839636661 
0.09553776014203999 
0.09832357398033821 
0.09696847204540938 
0.09653417317667563 
0.09646188064224315 
0.0974071927880911 
0.09221344092076895 
0.1090547766225906 
0.09720834314183746 
0.10395526565677085 
0.09611268514082193 
0.0970804017042143 
0.09712312943985503 
0.09756953861263216 
0.09233879958522351 
0.09949954353309651 
0.10951351836152692 
0.08681590191956882 
0.1190109251585602 
0.09377505995026045 
0.08940537257451223 
0.0871461688683131 
0.09488189758484818 
0.08945070359281629 
0.09266418510250705 
0.09181241797639127 
0.10253785077058614 
0.098639685354734 
0.10083982577565515 
0.0950675340138564 
0.10372329301868724 
0.09254267927032613 
0.09811272852649294 
0.10722664125400563 
0.09022121990567422 
0.10931331314521815 
0.09905942383977741 
0.10067622097580048 
0.0848035766592198 
0.0906373328669534 
0.09380144598476102 
0.10059350991917626 
0.09369271726699875 
0.1060712319065863 
0.09656259100441984 
0.09054721933557333 
0.09364542083493899 
0.0955965893809861 
0.09454191996484382 
0.10236447035034289 
0.1018202081958689 
0.0934128240429717 
0.0948119099250751 
0.08948633614760251 
0.08763304943463338 
0.09337398811006788 
0.09923691267388611 
0.10535666316062671 
0.0933020658445541 
0.09752090918449179 
0.09538598801125525 
0.09892504870960214 
0.1111482097917771 
0.10419126320760023 
0.08953673668398131 
0.09800431905551743 
0.10369995928926712 
0.09528646257774495 
0.09691982896021804 
0.09259089046219808 
0.08367736483642652 
0.10389089447102318 
0.09396975218032598 
0.09905048750084705 
0.10180933180622233 
0.09710985708014401 
0.10375126498118407 
0.09625394329233912 
0.094709227401204 
0.10052287367382735 
0.10020060882519381 
0.09744691554699801 
0.10365864926629653 
0.09586100534925107 
0.10402679385240768 
0.10171805443149419 
0.08881339251027251 
0.09998051631353257 
0.08974375107048743 
0.09064827843266528 
0.10318249803037693 
0.10128424336406223 
0.09839843186627621 
0.09416104685498586 
0.10162858944334925 
0.12034923740339712 
0.09052203667470053 
0.0931744393167268 
0.10782171455469437 
0.10186377361375014 
0.09920618900807071 
0.10506505120675054 
0.09219509120657057 
0.09803709611929555 
0.09301980852303887 
0.10813836044798 
0.10074477854471982 
0.09516735537246014 
0.10056210073842184 
0.10566064365682494 
0.09771859303440872 
0.10057398553156487 
0.09480272032039297 
0.09021359075337892 
0.09658430960730727 
0.10808450499217793 
0.08925234493121838 
0.10436848140482329 
0.09355643178229509 
0.09434634289957781 
0.09161884723778953 
0.09740932281368479 
0.10418976980240757 
0.09806711023043756 
0.07934016691339058 
0.0952595104981564 
0.09667264510098546 
0.10314577481695911 
0.09494134180125618 
0.10060487441832439 
0.10107067783544157 
0.0978503988123846 
0.1062136441369454 
0.09375460958740818 
0.09653849920106174 
0.11094522511238472 
0.10087590911570224 
0.0947581146635495 
0.08811174161537012 
0.10079235908962517 
0.09661568231352638 
0.104369687539999 
0.08605443843770075 
0.09279433810108313 
0.09854356889936655 
0.09787621353191889 
0.09213381916572055 
0.0871218828390642 
0.11824335798796531 
0.09820888537312511 
0.10468247926448972 
0.10345839250975501 
0.10519868566979648 
0.09720027106010756 
0.10175282720038084 
0.10576172776483087 
0.09233840614985185 
0.10091019925200781 
0.11363975888002037 
0.09470947166067109 
0.09994995371182454 
0.09137786234247396 
0.10295386459531362 
0.10717526667231636 
0.10493485278866603 
0.09809697239581798 
0.10502850079382552 
0.09500251577260556 
0.09649935558609105 
0.0955471752352484 
0.09712049092252052 
0.09028787891828263 
0.09744782116373325 
0.10207023939012135 
0.09377435911570399 
0.10245717511653624 
0.09592592938167602 
0.0957586025190699 
0.10660788549520182 
0.09248747953986178 
0.10420381878798377 
0.10239737081896784 
0.09244350588694195 
0.09671526503237549 
0.0915345389030596 
0.0972087458125799 
0.09357618630251227 
0.09375761995450814 
0.10460203072683137 
0.09950909090711672 
0.09592192710426958 
0.09877901345808648 
0.08556433666629505 
0.09392274018696964 
0.09723774782157706 
0.10651284286189783 
0.09696641238064237 
0.09693662890678627 
0.09067161647689653 
0.10145160035608754 
0.09449791629651692 
0.09278773880009718 
0.10428781330766686 
0.09998173086910407 
0.09939417774031664 
0.09579433930241608 
0.0896931862924224 
0.0964732872214099 
0.09611230388002635 
0.10529253367188658 
0.08166399681809297 
0.0961743603464972 
0.09793260107987463 
0.09386086766483333 
0.1051953258625941 
0.10523143241746118 
0.09833153303659811 
0.08498362841326848 
0.08965820653247371 
0.08720890563927472 
0.09822148269291033 
0.08913017673813689 
0.09843169552681819 
0.10146022097824844 
0.10206462543997571 
0.10363399847544358 
0.09106019802006295 
0.09784960954619616 
0.09673072215468238 
0.10708821520284008 
0.09492939488047504 
0.10794750744778238 
0.0922136545044173 
0.10859981923309547 
0.08730054194105223 
0.09837504822691429 
0.09842301984529297 
0.09704363039499521 
0.09817654693796563 
0.08934034742115116 
0.10324965394871774 
0.08715321251732215 
0.10048916945581064 
0.10351755829254221 
0.0890909553408623 
0.09238982933338075 
0.08663484570798011 
0.09030466117258583 
0.10590350542311251 
0.09569974374700575 
0.09438463090097023 
0.09861251777767814 
0.10672511334925065 
0.09717901177965996 
0.09619833183390018 
0.08793551132519296 
0.10977820730970594 
0.10653151782152123 
0.10917002137715319 
0.09611057183897513 
0.10687269302660383 
0.09726068550309934 
0.11033243197177857 
0.08535348161071481 
0.1051628536722982 
0.08883372365162652 
0.10499526073147816 
0.08865559762396638 
0.09548776261716099 
0.09852116431216246 
0.09827221965601139 
0.10756984850211529 
0.08890744723638971 
0.10426794314580856 
0.09777598360692476 
0.10435729986210028 
0.0894836074168656 
0.09275655255649891 
0.08457021709854771 
0.11328469308093556 
0.09604284788686097 
0.10475670452354083 
0.09896986608023416 
0.1009702333309951 
0.10397092334101887 
0.1092591195970035 
0.09332500257681875 
0.09959358683056739 
0.09301970928218604 
0.09607611795898528 
0.0934396313629578 
0.09975662489562157 
0.10202787956988128 
0.0887736388180835 
0.0905455949150844 
0.10467276131223495 
0.10693037354715682 
0.11313124964846023 
0.09559605117080741 
0.09051958447675088 
0.09359215506508617 
0.10491452075224508 
0.11295287891919772 
0.10136434278273206 
0.11225423569356179 
0.10541425092740332 
0.11120847206501318 
0.10189309817418636 
0.10213423322227673 
0.10008708572749363 
0.09369696059847321 
0.09928510125032006 
0.10680854452026495 
0.10860412680295758 
0.0936172499265057 
0.09511244950257373 
0.0998433697518967 
0.09551818294842969 
0.09885575978112915 
0.09917037839539676 
0.10633033504066444 
0.09013781419292298 
0.09739739190999809 
0.10267814671255998 
0.10935058004446457 
0.10054199679954487 
0.09811668863757594 
0.11228809649832247 
0.09769259580227757 
0.09270013776509275 
0.09587677398452864 
0.1202007363435616 
0.09385016806681336 
0.10470593417662488 
0.09246745977704536 
0.09215433924236982 
0.09287401805076859 
0.09514575961478945 
0.10649215138834704 
0.09964851571758887 
0.10216048457390427 
0.12242450471233089 
0.09951815237177229 
0.0943310712021673 
0.09612263753677874 
0.08905006070496196 
0.09609597513348615 
0.10754829653120666 
0.09113928394386082 
0.10548932390807435 
0.09457921394015564 
0.10319051006024553 
0.09492328160708946 
0.10689677082745132 
0.08722106442833799 
0.10158793272810304 
0.09936716407134202 
0.09620026512438509 
0.10868343964621455 
0.0984282148093253 
0.0989474129337969 
0.11129019241335637 
0.10733647389095861 
0.1276865259372299 
0.10170539658527383 
0.10554128129267769 
0.09514734554742829 
0.10133758082926088 
0.10179480122727702 
0.1089790386487934 
0.10216247197753413 
0.09542581713395427 
0.10378640875491299 
0.09321687622048168 
0.11173697040355901 
0.0975318091181526 
0.0960148433799777 
0.10559548674195733 
0.0976913036736127 
0.09192820470490679 
0.10106922292206127 
0.10157733616113242 
0.08764290324803553 
0.0988667871604216 
0.09504477117578311 
0.09937129348864758 
0.09784930340461866 
0.10050085172985304 
0.10805874289758957 
0.093234188745742 
0.08997396248347998 
0.11176747809238163 
0.09211188474473542 
0.10956150803883281 
0.09125045140593899 
0.09299438742314665 
0.09286734567311188 
0.0938007624346082 
0.09754970436411328 
0.08772427417811955 
0.1055599043186505 
0.1056904036220018 
0.10206996211669042 
0.09071651952494747 
0.09685608758407295 
0.09860793008579573 
0.1081048213105575 
0.08861827364629633 
0.10673464124273863 
0.08954309228603428 
0.09560864455829551 
0.09711729075907989 
0.09041879069335888 
0.09691547388699359 
0.10484007775732328 
0.10140482512816473 
0.09375439995961024 
0.10364906403723921 
0.09215655432180322 
0.10003577246713682 
0.10182353151080599 
0.0983054742225346 
0.10096184980677078 
0.10138713333804615 
0.09665001603295634 
0.09889450645333113 
0.1121846777764361 
0.09610521228321554 
0.0880759569019752 
0.09632532911054578 
0.09319006249913117 
0.09611682061883217 
0.09462574674550571 
0.08772247492475402 
0.09714431223516629 
0.09415606484536522 
0.10283375508654523 
0.09700614299776365 
0.11166109938351926 
0.08639183533542943 
0.09495863799876421 
0.09218825208572477 
0.08611503180456039 
0.09031334519375141 
0.1085645738181795 
0.09318276389888333 
0.09623898995605173 
0.10176739369780771 
0.10171032928956598 
0.10328256276130224 
0.10425027108679331 
0.09412990895035937 
0.10072826476037387 
0.10237595242862968 
0.09733533249799974 
0.09882543787703456 
0.09703963845252507 
0.09450608548922153 
0.09696350431719954 
0.1094415641182768 
0.10213878175690182 
0.10209582859459398 
0.08358823650600822 
0.10072613745677471 
0.09414896468654566 
0.09113937352592617 
0.10550598660019402 
0.10556514382367459 
0.0948064815603061 
0.08934030213059596 
0.09438612130022186 
0.0983499267268111 
0.10613703457112973 
0.1133736953116442 
0.10718734995161525 
0.09609097479727598 
0.09522894352928507 
0.1055412659766053 
0.10058923488795755 
0.10196158767253623 
0.10564567752853429 
0.10215487877566654 
0.09179596178525919 
0.11144685002080448 
0.10304015976329572 
0.09073594388265506 
0.0888111943659217 
0.0878692889381123 
0.09825016983642956 
0.10290393065661083 
0.10574691860152756 
0.10137320442768859 
0.10916082577690389 
0.08566731209637532 
0.10283957379138543 
0.09720311471459263 
0.10830079153694794 
0.10408314479485385 
0.10309696766204496 
0.09430278298817939 
0.09981579728837732 
0.09945082796854209 
0.09950877417482314 
0.08940613887036988 
0.09363675125462426 
0.10978253178608739 
0.08839881803900862 
0.09509344551413691 
0.0903301319993098 
0.1005734780294579 
0.09892228181966393 
0.1098637912512928 
0.10326446986518283 
0.10758640825879351 
0.09607587730249442 
0.09413399552277038 
0.09935390784814284 
0.12123916338402371 
0.08938519413599297 
0.10311214799760889 
0.09413396103290311 
0.09055866425307463 
0.11611693830432254 
0.10112658491086188 
0.10067710666040042 
0.09698993563261867 
0.1082475569224799 
0.09927530870813825 
0.09930611426774782 
0.09374928843940858 
0.09476779259628704 
0.08990978849571224 
0.09096924301238012 
0.11644673326290021 
0.09906359056136284 
0.0838374535230564 
0.09442595771917951 
0.09604815160377977 
0.07530314877359884 
0.09987959068992387 
0.08909817332907125 
0.0919408805907959 
0.09577656961970203 
0.07979482431059479 
0.10503765704478438 
0.10411531057963781 
0.09057077029906116 
0.08098628432123138 
0.10640076992230194 
0.11106229361355621 
0.09467949257562527 
0.09538833231469498 
0.09214512588960791 
0.1094234897876549 
0.10377048745132691 
0.08305628424413954 
0.08760122663226193 
0.09866043683504568 
0.10531745174485083 
0.10793596428894284 
0.10236150722117186 
0.10539710605273703 
0.1043455126370975 
0.10359762674097447 
0.10362632976241716 
0.09362299465982662 
0.09052646944954475 
0.10445017643006854 
0.10206071347610868 
0.09626448959336158 
0.10118520233907555 
0.10231368964402866 
0.09636689957334023 
0.08886942149767528 
0.08029468454211183 
0.09266870520249015 
0.11208503332386892 
0.12096273731184572 
0.09866095994117001 
0.09625935673505964 
0.09491399976994024 
0.09437165539137962 
0.10206248813055646 
0.09121178761417209 
0.09120093385312357 
0.10004531921872264 
0.09672431764823272 
0.11170285257121508 
0.09926480749078379 
0.08541195416285928 
0.10753598653828056 
0.08531043791774187 
0.09834029523562417 
0.09714656190068167 
0.08877783582081741 
0.09960870053471602 
0.0961185336036918 
0.10292334322218608 
0.10569158050762967 
0.11428423903710759 
0.10132069868413643 
0.11090381874635738 
0.0954970452155064 
0.0979384977018787 
0.100514255674822 
0.09015435292331668 
0.0947708036019823 
0.0915149871521202 
0.10871442413823021 
0.0871764214248156 
0.0945422541311781 
0.09982855863506696 
0.09866182041634002 
0.10962814568045089 
0.10506900769021162 
0.10372470006759714 
0.09941391098926322 
0.1006147120959374 
0.09655437096345809 
0.09755676606999765 
0.09637500746598929 
0.08891229374012041 
0.10411742634581506 
0.09438473954435737 
0.10563169950666103 
0.09400745224225594 
0.10891602196940181 
0.10658283228926185 
0.08794503436871222 
0.09921361213663187 
0.0887774035431426 
0.11001483770579384 
0.1104960180115491 
0.10170915289526206 
0.10611078395798504 
0.10116089804044891 
0.09455123129655373 
0.10277505256524722 
0.0948739404151553 
0.10103664884947287 
0.09848292818716547 
0.09393417127289412 
0.09001591304176014 
0.08922468575721075 
0.10108053138504842 
0.09320930391024938 
0.10530364306337456 
0.11748202736733342 
0.10190087331640624 
0.09154580769914704 
0.09777807244908168 
0.09862191962177233 
0.0893804546017608 
0.10944950234631419 
0.09177437401402384 
0.09567152547482907 
0.11883124670294774 
0.09731497985290213 
0.09831734913269838 
0.10774599399609815 
0.09188100490978292 
0.08940438874032969 
0.10265081789609254 
0.09683042366558244 
0.09372695467852495 
0.08515886214576324 
0.10811718249029591 
0.09318908028977008 
0.10745254011234878 
0.11645676689963091 
0.10605344438205924 
0.10054775343748777 
0.10705212054583454 
0.09219009339687664 
0.09582541027874544 
0.09452571588489671 
0.09553866867911757 
0.09752807801310254 
0.09970313648487251 
0.10362300460850057 
0.11193557497156001 
0.09358155107809875 
0.09621532785617284 
0.09581459187065947 
0.10380577946386794 
0.08292154824976984 
0.09366823046338167 
0.1076370411193487 
0.0927829596455205 
0.0928944832967404 
0.10063070051345 
0.10680255995271604 
0.10601905993958671 
0.10328135686274784 
0.10502268154371133 
0.10816961958919231 
0.10307386708110831 
0.09646968380107306 
0.11072498397831988 
0.1099724382600257 
0.09379522631415253 
0.0966936508502222 
0.10146381473247586 
0.10285321330780754 
0.10059035107278634 
0.08942380246310785 
0.09617941694116405 
0.09555277740056431 
0.09856411369483495 
0.10703236369885459 
0.09906028854194163 
0.11078362669926171 
0.09403331776224101 
0.11156252970092005 
0.08819634198391149 
0.08548160788341361 
0.106784261928077 
0.09750668115646835 
0.09796708122031943 
0.10572949466217134 
0.10963201621771489 
0.09845522255478695 
0.09980023369983654 
0.10084024573911228 
0.09260425458857685 
0.10211851284294707 
0.10206227539545827 
0.09469448879322201 
0.10562175561173316 
0.09987737587640806 
0.08472385588285583 
0.0948277181116572 
0.09676454288952024 
0.09870481886529636 
0.12006889659844941 
0.09096641315875535 
0.09073930721964137 
0.0952510728061407 
0.09402745021227961 
0.09174115985643128 
0.10042724902490868 
0.09634120819640186 
0.11199549496467334 
0.09623677705711295 
0.09477694283373515 
0.09416234598967062 
0.09887467838389127 
0.10146180209420587 
0.09225943536522904 
0.0909027010614778 
0.09229517695708528 
0.0910785324366652 
0.09584970996451855 
0.1082752772393525 
0.09199621569712402 
0.09254164536003819 
0.10444766150480826 
0.1146851848404943 
0.11530672201064109 
0.10533900017922909 
0.09460723652673715 
0.09431162249164916 
0.09624259023816661 
0.09285795734832161 
0.09899147764638766 
0.10573074086366477 
0.08746562371743814 
0.09754332470683527 
0.08618152431213702 
0.0977324764450519 
0.08603610926229666 
0.09693562834764766 
0.09539854919313656 
0.09022143821123059 
0.09418113067931837 
0.11521746755849048 
0.09157479184965536 
0.09178816143896804 
0.10053391280797663 
0.09251508584678408 
0.10494909155969395 
0.09762611458993964 
0.09662984857222767 
0.09921633468240945 
0.09735136004915451 
0.08969197758513489 
0.09392369318940959 
0.10190677409029723 
0.09786438296873394 
0.093235411461024 
0.094947117695065 
0.10348061215359537 
0.10850078177623478 
0.09364470906048103 
0.09851768537190501 
0.09057946298983481 
0.08855162526712453 
0.10427899823808277 
0.09245902269781804 
0.09815163952900018 
0.10922134416097223 
0.10086966082181979 
0.10008601296756806 
0.11054148788633654 
0.0861520402214556 
0.0980869823735029 
0.09790353574498442 
0.09339777262056456 
0.09670226443768976 
0.10750714571322534 
0.10280754050599351 
0.09741045224392939 
0.10123548219885248 
0.09502002870718101 
0.09197672038489692 
0.09944109472951808 
0.10361421652654819 
0.0935221648894579 
0.10681396844723098 
0.09653466877004328 
0.09341272731807244 
0.10407297019846987 
0.10863303714474405 
0.11200449444017761 
0.09905762390820018 
0.09503534693725792 
0.10114313556524267 
0.10978126043716871 
0.09427555916205854 
0.10692294254386464 
0.1069817502031262 
0.09605388878486035 
0.10639758770599334 
0.09165096369536421 
0.08559243259445787 
0.10681897637942325 
0.103964702480447 
0.11077722499790585 
0.09433060344617464 
0.10204376831485219 
0.09680854193605827 
0.1066579539240478 
0.10293167190874047 
0.09370487751624886 
0.10717076091950681 
0.0971008428117595 
0.10573298136041036 
0.1063163292830348 
0.10308636547492231 
0.08938177613743274 
0.09069617738707599 
0.09741494955266612 
0.09287874411641829 
0.10031181873120619 
0.09566978714745408 
0.11214729675075505 
0.09231394160228733 
0.09781416479177889 
0.10186607252845653 
0.09135726262668825 
0.10273147859763702 
0.09743546186907986 
0.09930306538190187 
0.09859157507859027 
0.08778860075778362 
0.10703130645881409 
0.10463062029861055 
0.10379102676755302 
0.08796850645424058 
0.09322810950957583 
0.0949231144338134 
0.10147572814923092 
0.10652397978194868 
0.09761450333472162 
0.08650000668153404 
0.09022138155710556 
0.10385572362634468 
0.09854152190616483 
0.09678647540160165 
0.09836132416773273 
0.09669368217076717 
0.11115216202065233 
0.09578741886877 
0.10058041423540758 
0.09607954975311148 
0.09929718310605092 
0.09910504372724033 
0.08828928892294789 
0.1047614930786197 
0.10795530487069874 
0.10053985074088954 
0.09809490669974644 
0.09737579890423854 
0.10167399254883383 
0.1041305465212399 
0.08053225059466294 
0.10143604742089977 
0.10173576075411112 
0.10259449863490608 
0.09343311891275584 
0.12077626693347004 
0.0954280864315205 
0.10693541692240231 
0.09937672628438741 
0.10359700743953998 
0.09446156528106288 
0.10524789704425659 
0.09133568114573716 
0.08864478426170112 
0.09609190369002843 
0.09659491155823305 
0.10394595751264879 
0.10439920067351581 
0.09758870362797437 
0.10746740775565435 
0.1010918301520916 
0.10336787875518492 
0.09259342174604551 
0.10233298537536398 
0.09987941589047472 
0.09546343291265515 
0.10472075584898871 
0.10119114909891465 
0.09139964743527826 
0.10515135399867351 
0.10228259238693209 
0.09395560554058612 
0.09173150554014466 
0.09933843844513957 
0.0883005637742174 
0.10657324754179011 
0.10052621149513923 
