0.6989690721649484 0.25595238095238093 0.9178541492036881  
0.670020120724346 0.2605633802816901 0.9301700984780662  
0.7222222222222222 0.2674825174825175 0.9159592529711376  
0.7280898876404495 0.22564935064935066 0.9304192685102587  
0.6335877862595419 0.2442622950819672 0.933206106870229  
0.7002141327623126 0.2301038062283737 0.9173262972735268  
0.7225950782997763 0.25950413223140495 0.9203539823008849  
0.7013274336283186 0.22727272727272727 0.9389587073608617  
0.7066974595842956 0.24806201550387597 0.9329710144927537  
0.7222222222222222 0.23303834808259588 0.9302752293577982  
0.6868250539956804 0.2313167259786477 0.9196197061365601  
0.5765765765765766 0.23992994746059546 0.9204545454545454  
0.6770642201834862 0.23613595706618962 0.9332096474953617  
0.624765478424015 0.23397435897435898 0.9453658536585365  
0.7344913151364765 0.23848684210526316 0.9222886421861657  
0.634469696969697 0.2700348432055749 0.9259259259259259  
0.7033707865168539 0.22351233671988388 0.933206106870229  
0.7124735729386892 0.23476702508960573 0.9079061685490878  
0.6904231625835189 0.24915824915824916 0.9192273924495171  
0.6945701357466063 0.24821428571428572 0.9211864406779661  
0.754424778761062 0.22906793048973143 0.9307201458523245  
0.6762749445676275 0.20567375886524822 0.9249512670565302  
0.7094594594594594 0.22238372093023256 0.9266666666666666  
0.6995798319327731 0.2326454033771107 0.9241261722080136  
0.6726546906187625 0.2440273037542662 0.9324200913242009  
0.7215189873417721 0.22633136094674555 0.939922480620155  
0.6993464052287581 0.22784810126582278 0.9404216315307058  
0.6596194503171248 0.2532894736842105 0.9182561307901907  
0.7268623024830699 0.24549918166939444 0.9175531914893617  
0.68 0.2161290322580645 0.9289568345323741  
0.7157894736842105 0.2521440823327616 0.9154804270462633  
0.7065727699530516 0.22782874617737003 0.9382940108892922  
0.6716417910447762 0.22920203735144312 0.9172597864768683  
0.6714285714285714 0.23919753086419754 0.9578544061302682  
0.6885964912280702 0.2220447284345048 0.9354545454545454  
0.6578411405295316 0.2646566164154104 0.9323583180987203  
0.6853448275862069 0.21901528013582344 0.9229406554472985  
0.6508264462809917 0.2355848434925865 0.9468377635197067  
0.6931330472103004 0.22734026745913818 0.9213806327900288  
0.7407407407407407 0.24521739130434783 0.9233449477351916  
0.6933638443935927 0.2331288343558282 0.9322964318389753  
0.6581532416502947 0.2474747474747475 0.9499536607970342  
0.7067209775967414 0.22633136094674555 0.9349753694581281  
0.7002053388090349 0.2542372881355932 0.9416826003824091  
0.6977777777777778 0.21311475409836064 0.9295900178253119  
0.6631578947368421 0.2545454545454545 0.9109766637856526  
0.6097087378640776 0.2649434571890145 0.9312977099236641  
0.6797520661157025 0.24 0.9372822299651568  
0.6332665330661322 0.22338830584707647 0.937007874015748  
0.6682027649769585 0.20718232044198895 0.9453125  
0.7744874715261959 0.2553191489361702 0.9355123674911661  
0.6908713692946058 0.22937293729372937 0.9369287020109689  
0.7114967462039046 0.24572317262830481 0.9406307977736549  
0.6613226452905812 0.23178807947019867 0.9416126042632067  
0.6963906581740976 0.210016155088853 0.945054945054945  
0.7641277641277642 0.25 0.9329940627650551  
0.6612903225806451 0.24367088607594936 0.9364326375711575  
0.6297786720321932 0.2363013698630137 0.9227974568574023  
0.6497975708502024 0.23444976076555024 0.9264844486333648  
0.6921348314606741 0.25121555915721233 0.9267857142857143  
0.7286652078774617 0.2558983666061706 0.9156729131175468  
0.6861167002012073 0.2542901716068643 0.9367816091954023  
0.745049504950495 0.251896813353566 0.9436997319034852  
0.681912681912682 0.25037481259370314 0.9458413926499033  
0.6833333333333333 0.2682060390763766 0.9341527655838455  
0.6771037181996086 0.22522522522522523 0.9363799283154122  
0.6365546218487395 0.23008849557522124 0.9319066147859922  
0.7044534412955465 0.22824302134646962 0.9351251158480074  
0.7272727272727273 0.23493975903614459 0.9511961722488038  
0.6818181818181818 0.23579545454545456 0.9479768786127167  
0.6793587174348698 0.23777403035413153 0.9403669724770642  
0.6751592356687898 0.24048442906574394 0.9311562224183584  
0.7714285714285715 0.2327718223583461 0.9260595130748422  
0.6953907815631263 0.24455611390284757 0.9419889502762431  
0.6417322834645669 0.22916666666666666 0.9271402550091075  
0.6024734982332155 0.25510204081632654 0.9406614785992218  
0.6846473029045643 0.21578099838969403 0.9360518999073216  
0.6637744034707158 0.2301710730948678 0.9304267161410018  
0.6794871794871795 0.2296416938110749 0.93  
0.7090909090909091 0.23025210084033612 0.9154315605928509  
0.7158119658119658 0.23738872403560832 0.9423076923076923  
0.702819956616052 0.26013513513513514 0.9211691762621789  
0.725 0.23853211009174313 0.9393382352941176  
0.6233269598470363 0.24618320610687022 0.9312775330396476  
0.6893787575150301 0.23076923076923078 0.9453551912568307  
0.6619718309859155 0.2620578778135048 0.9397930385700847  
0.6997792494481236 0.2549019607843137 0.9178082191780822  
0.700228832951945 0.2287145242070117 0.9415357766143106  
0.6900826446280992 0.24100719424460432 0.9176882661996497  
0.6718146718146718 0.2322695035460993 0.9390909090909091  
0.6666666666666666 0.2368 0.9316239316239316  
0.744131455399061 0.24058919803600654 0.9283842794759826  
0.6830265848670757 0.25848142164781907 0.9497206703910615  
0.6715481171548117 0.24882629107981222 0.9427230046948357  
0.6581196581196581 0.25477707006369427 0.9281767955801105  
0.7074829931972789 0.2267884322678843 0.9437269372693727  
0.6561181434599156 0.2324159021406728 0.928842504743833  
0.6491935483870968 0.23924268502581755 0.9294117647058824  
0.6536082474226804 0.2281303602058319 0.9245960502692998  
0.5967741935483871 0.2410179640718563 0.9497907949790795  
0.6659663865546218 0.2571912013536379 0.9381165919282511  
0.7075268817204301 0.23197492163009403 0.9341983317886933  
0.6769596199524941 0.22857142857142856 0.9319186560565871  
0.7002237136465325 0.259581881533101 0.9319552110249785  
0.6780684104627767 0.24915254237288137 0.94337899543379  
0.7442455242966752 0.21875 0.9346826126954921  
0.6600441501103753 0.2361111111111111 0.937095282146161  
0.6993166287015945 0.25081967213114753 0.9320388349514563  
0.7058823529411765 0.23623188405797102 0.9295238095238095  
0.6639839034205232 0.24420677361853832 0.9208185053380783  
0.6503067484662577 0.22795341098169716 0.934981684981685  
0.6546184738955824 0.23267326732673269 0.937847866419295  
0.6633858267716536 0.2245557350565428 0.9383886255924171  
0.6612576064908722 0.2283464566929134 0.9478178368121443  
0.7215777262180975 0.20853080568720378 0.9221824686940966  
0.6760869565217391 0.21739130434782608 0.9264305177111717  
0.6472868217054264 0.24110032362459546 0.9312977099236641  
0.6889763779527559 0.2518939393939394 0.9267015706806283  
0.7321428571428571 0.2365415986949429 0.9241748438893844  
0.6470588235294118 0.25871559633027524 0.9524245196706312  
0.6895833333333333 0.2539130434782609 0.927240461401952  
0.7288557213930348 0.2496124031007752 0.9295154185022027  
0.6967592592592593 0.21574344023323616 0.9417293233082706  
0.630648330058939 0.24155405405405406 0.9241443108233117  
0.6659751037344398 0.24587458745874588 0.9478976234003657  
0.750599520383693 0.24006622516556292 0.9276485788113695  
0.6634241245136187 0.23255813953488372 0.9642857142857143  
0.7219626168224299 0.24958123953098826 0.9299913569576491  
0.5858778625954199 0.24838709677419354 0.9132947976878613  
0.639921722113503 0.2345679012345679 0.9491691104594331  
0.6823529411764706 0.26996197718631176 0.9232111692844677  
0.6722689075630253 0.2372322899505766 0.9399454049135578  
0.6952965235173824 0.25265017667844525 0.9325643300798581  
0.7145877378435518 0.24332810047095763 0.9375  
0.6560636182902585 0.24205748865355523 0.9489194499017681  
0.6673511293634496 0.27121771217712176 0.9306157849089333  
0.6101010101010101 0.23786407766990292 0.9354536950420954  
0.6832669322709163 0.23895253682487724 0.9420018709073901  
0.7322654462242563 0.22464898595943839 0.9284420289855072  
0.6600441501103753 0.2377952755905512 0.9223034734917733  
0.6673596673596673 0.2636363636363636 0.9322328410078193  
0.7089201877934272 0.24077046548956663 0.9240953221535746  
0.6873661670235546 0.22848200312989045 0.9321561338289963  
0.692144373673036 0.21710526315789475 0.9247506799637353  
0.7392241379310345 0.22781065088757396 0.9385796545105566  
0.6842105263157895 0.24462809917355371 0.9346642468239564  
0.7616926503340757 0.25982905982905985 0.9407665505226481  
0.6361746361746362 0.2364217252396166 0.9348837209302325  
0.763855421686747 0.2087087087087087 0.9409627611262489  
0.6976241900647948 0.24126455906821964 0.9320214669051878  
0.7124463519313304 0.24511278195488723 0.9486203615604186  
0.692929292929293 0.21833333333333332 0.9356025758969642  
0.7008196721311475 0.23731587561374795 0.9187442289935365  
0.6637168141592921 0.24846625766871167 0.9443413729128015  
0.6118546845124283 0.22018348623853212 0.9462686567164179  
0.694672131147541 0.235 0.93327239488117  
0.6936170212765957 0.23252279635258358 0.9316888045540797  
0.6832298136645962 0.24077046548956663 0.9470260223048327  
0.7308584686774942 0.2231012658227848 0.9472743521000894  
0.7039473684210527 0.24302134646962234 0.9418084153983886  
0.7112676056338029 0.2259083728278041 0.9207479964381122  
0.7213483146067415 0.23652694610778444 0.941066417212348  
0.6991701244813278 0.2470389170896785 0.9269612263300271  
0.6614173228346457 0.23444976076555024 0.9245463228271251  
0.6549019607843137 0.24027072758037224 0.9315448658649399  
0.6706349206349206 0.23717948717948717 0.9364326375711575  
0.6969026548672567 0.27065026362038663 0.9336778639104221  
0.6504854368932039 0.21976401179941002 0.9322548028311426  
0.7065217391304348 0.21895424836601307 0.9405405405405406  
0.7040358744394619 0.22473867595818817 0.9328743545611016  
0.7162471395881007 0.24390243902439024 0.9362831858407079  
0.6506717850287908 0.2545757071547421 0.9358490566037736  
0.6348884381338742 0.24056603773584906 0.9306742640075973  
0.7151767151767152 0.233502538071066 0.9063063063063063  
0.7097505668934241 0.24592833876221498 0.9325643300798581  
0.6875 0.26570915619389585 0.9179039301310044  
0.6647509578544061 0.23580034423407917 0.9295644114921223  
0.6778947368421052 0.25 0.9222886421861657  
0.7112068965517241 0.24422442244224424 0.9388489208633094  
0.6936416184971098 0.23267326732673269 0.9403973509933775  
0.6454183266932271 0.24102564102564103 0.9278538812785389  
0.7292682926829268 0.235202492211838 0.915929203539823  
0.7116182572614108 0.23195876288659795 0.9266547406082289  
0.6587771203155819 0.23476968796433878 0.9481037924151696  
0.7012195121951219 0.2669039145907473 0.9273049645390071  
0.7155172413793104 0.2364963503649635 0.952565343659245  
0.6978723404255319 0.21283255086071987 0.9356943150046598  
0.6781609195402298 0.2378472222222222 0.933579335793358  
0.6639175257731958 0.23927392739273928 0.9376718606782768  
0.7100840336134454 0.24179620034542315 0.9432120674356699  
0.7216981132075472 0.22925457102672292 0.9455587392550143  
0.6860215053763441 0.2159090909090909 0.9346049046321526  
0.6652173913043479 0.21732522796352582 0.9370300751879699  
0.6748878923766816 0.22835820895522388 0.9296435272045028  
0.6704980842911877 0.23986486486486486 0.9222846441947565  
0.6836935166994106 0.2534013605442177 0.9262672811059908  
0.6810699588477366 0.24074074074074073 0.9246823956442831  
0.7406593406593407 0.2630691399662732 0.9338624338624338  
0.6578947368421053 0.21879815100154082 0.9405756731662024  
0.6659751037344398 0.26396917148362237 0.9170194750211685  
0.7730496453900709 0.25254237288135595 0.9281437125748503  
0.6510204081632653 0.24880382775119617 0.923943661971831  
0.7015250544662309 0.2390158172231986 0.9263431542461005  
0.7020833333333333 0.26534296028880866 0.9207317073170732  
0.6484375 0.2368839427662957 0.9423631123919308  
0.6813417190775681 0.2297734627831715 0.9310027598896045  
0.7082452431289641 0.22897196261682243 0.9456419868791003  
0.649155722326454 0.2301710730948678 0.9363817097415507  
0.6543478260869565 0.22748091603053436 0.9465791940018744  
0.6867749419953596 0.24915824915824916 0.9273984442523768  
0.6946902654867256 0.2482876712328767 0.9336823734729494  
0.7296037296037297 0.2545155993431856 0.9291958041958042  
0.655705996131528 0.22685185185185186 0.9469026548672567  
0.7171052631578947 0.24061433447098976 0.9307017543859649  
0.7123287671232876 0.25 0.924074074074074  
0.6898047722342733 0.22561863173216884 0.9448742746615088  
0.7280898876404495 0.23255813953488372 0.9215859030837005  
0.7054794520547946 0.23190789473684212 0.9436619718309859  
0.7219827586206896 0.24058919803600654 0.926829268292683  
0.7056179775280899 0.22861842105263158 0.9264836138175376  
0.6910229645093946 0.2602739726027397 0.9249329758713136  
0.7027027027027027 0.2288135593220339 0.9233449477351916  
0.6986899563318777 0.24060150375939848 0.9367327667610954  
0.676 0.2601054481546573 0.9362084456424079  
0.7002237136465325 0.23025210084033612 0.9280701754385965  
0.7130977130977131 0.24390243902439024 0.9281277728482697  
0.7023060796645703 0.2326007326007326 0.9206212251941329  
0.7105831533477321 0.2632612966601179 0.9206611570247933  
0.6547085201793722 0.24664429530201343 0.9201754385964912  
0.7236533957845434 0.24 0.9438914027149321  
0.7101769911504425 0.24378881987577639 0.91804788213628  
0.7435344827586207 0.2426470588235294 0.9207836456558773  
0.6528925619834711 0.2411242603550296 0.9500978473581213  
0.6713995943204868 0.22125435540069685 0.9174887892376682  
0.722707423580786 0.24290220820189273 0.9357798165137615  
0.6945054945054945 0.2286158631415241 0.9280442804428044  
0.642570281124498 0.25874125874125875 0.9325539568345323  
0.7450980392156863 0.2161290322580645 0.9263431542461005  
0.6739130434782609 0.25121555915721233 0.930316742081448  
0.7258771929824561 0.2515432098765432 0.9545454545454546  
0.7204545454545455 0.24261275272161742 0.924476797088262  
0.6831275720164609 0.2226027397260274 0.9334532374100719  
0.6353383458646616 0.22625215889464595 0.9495798319327731  
0.6680161943319838 0.22535211267605634 0.9428571428571428  
0.7018255578093306 0.23824451410658307 0.9543292102759277  
0.7238307349665924 0.23389830508474577 0.9300087489063867  
0.7245762711864406 0.21844660194174756 0.9322344322344323  
0.7488151658767772 0.23220338983050848 0.9188034188034188  
0.7177242888402626 0.24914089347079038 0.9238845144356955  
0.7379912663755459 0.2231012658227848 0.9377289377289377  
0.6299376299376299 0.24879614767255218 0.924860853432282  
0.7240663900414938 0.24516129032258063 0.9481481481481482  
0.666030534351145 0.24328859060402686 0.9463276836158192  
0.7062634989200864 0.23832528180354268 0.9353369763205829  
0.6536203522504892 0.21637426900584794 0.9523809523809523  
0.6753246753246753 0.24633431085043989 0.9576107899807321  
0.7395348837209302 0.2401263823064771 0.9249329758713136  
0.6877637130801688 0.2559852670349908 0.9158798283261803  
0.6540880503144654 0.2504145936981758 0.9364791288566243  
0.6591836734693878 0.2183734939759036 0.9523346303501945  
0.737885462555066 0.2204724409448819 0.9368709972552608  
0.7 0.23183391003460208 0.926391382405745  
0.6460554371002132 0.21745562130177515 0.9479267116682739  
0.6605691056910569 0.2618595825426945 0.9088564058469476  
0.7 0.23956723338485317 0.934841628959276  
0.6673114119922631 0.23333333333333334 0.9475555555555556  
0.696652719665272 0.2545126353790614 0.94  
0.687089715536105 0.2178060413354531 0.9324817518248175  
0.6693711967545639 0.23089700996677742 0.9273229070837167  
0.7061310782241015 0.2564102564102564 0.9466192170818505  
0.7375886524822695 0.2190923317683881 0.9178571428571428  
0.7035398230088495 0.22839506172839505 0.94362292051756  
0.6951983298538622 0.2328519855595668 0.9268929503916449  
0.7346938775510204 0.22267206477732793 0.946  
0.6948453608247422 0.23850085178875638 0.9225225225225225  
0.6414414414414414 0.24067164179104478 0.9358386801099908  
0.6914660831509847 0.22885572139303484 0.9349376114081996  
0.6402439024390244 0.25402504472271914 0.9071618037135278  
0.6843177189409368 0.24394184168012925 0.9365671641791045  
0.7061503416856492 0.23454545454545456 0.922883487007544  
0.7178899082568807 0.26800670016750416 0.939077458659704  
0.6867219917012448 0.2709447415329768 0.9157155399473222  
0.7317073170731707 0.22297297297297297 0.9271290605794557  
0.6252189141856392 0.22144112478031636 0.9347408829174664  
0.7383177570093458 0.22190611664295876 0.9362511893434824  
0.6869158878504673 0.271875 0.9236983842010772  
0.6942355889724311 0.22418879056047197 0.9248868778280543  
0.6983122362869199 0.25043478260869567 0.9205648720211828  
0.6560509554140127 0.23618090452261306 0.9228007181328546  
0.6769911504424779 0.26306620209059234 0.9290657439446367  
0.6789587852494577 0.2402044293015332 0.9426807760141094  
0.6569200779727096 0.23125 0.9504373177842566  
0.7297297297297297 0.22532894736842105 0.9249771271729186  
0.7101769911504425 0.24537037037037038 0.9510166358595195  
0.7193396226415094 0.2529711375212224 0.9213002566295979  
0.6993736951983298 0.2485981308411215 0.9460616438356164  
0.6504854368932039 0.26359143327841844 0.9358490566037736  
0.6902654867256637 0.2607204116638079 0.9267654751525719  
0.6823027718550106 0.22776911076443057 0.9253731343283582  
0.6710526315789473 0.2462686567164179 0.9356060606060606  
0.7324263038548753 0.233587786259542 0.9244935543278084  
0.6819923371647509 0.2459605026929982 0.9329102447869447  
0.7181208053691275 0.23424878836833601 0.9220430107526881  
0.7008196721311475 0.25728987993138935 0.9306930693069307  
0.7482993197278912 0.25077399380804954 0.9506849315068493  
0.7017167381974249 0.2593220338983051 0.9182948490230906  
0.6985446985446986 0.22644376899696048 0.9376797698945349  
0.6881496881496881 0.2186046511627907 0.9346590909090909  
0.7175398633257403 0.21610169491525424 0.9420289855072463  
0.6962524654832347 0.22955974842767296 0.9518768046198267  
0.7389380530973452 0.2204968944099379 0.9392265193370166  
0.7048192771084337 0.25539568345323743 0.9273049645390071  
0.6858407079646017 0.23417721518987342 0.930783242258652  
0.7090909090909091 0.23374613003095976 0.9297445255474452  
0.6617647058823529 0.2453151618398637 0.9419124218051832  
0.7363420427553444 0.24427480916030533 0.930379746835443  
0.7234567901234568 0.24306688417618272 0.9201030927835051  
0.7380952380952381 0.2195945945945946 0.9175531914893617  
0.6826347305389222 0.23348694316436253 0.9388349514563107  
0.6924603174603174 0.2436548223350254 0.9162833486660533  
0.6594202898550725 0.2320754716981132 0.9190909090909091  
0.695364238410596 0.24462809917355371 0.9386120996441281  
0.6646825396825397 0.25118483412322273 0.9358851674641149  
0.7169811320754716 0.2283464566929134 0.931433659839715  
0.6815415821501014 0.24375 0.9361296472831268  
0.7009132420091324 0.252442996742671 0.9265486725663716  
0.6728778467908902 0.2478031634446397 0.9283185840707965  
0.6608315098468271 0.21578099838969403 0.9338768115942029  
0.7454545454545455 0.2692967409948542 0.9309749784296808  
0.7154989384288747 0.2698412698412698 0.9187062937062938  
0.7261904761904762 0.22063492063492063 0.9302120141342756  
0.695067264573991 0.21348314606741572 0.9380053908355795  
0.7316455696202532 0.23962264150943396 0.8965791567223548  
0.7058823529411765 0.21825962910128388 0.9582089552238806  
0.7074688796680498 0.24 0.9447619047619048  
0.6854663774403471 0.23434991974317818 0.9344262295081968  
0.6231060606060606 0.22464898595943839 0.928923988153998  
0.7190775681341719 0.2512315270935961 0.9288321167883211  
0.7218543046357616 0.23519458544839256 0.9173989455184535  
0.6990740740740741 0.26485568760611206 0.9190353143841516  
0.6125954198473282 0.22280701754385965 0.9319852941176471  
0.7108167770419426 0.24564183835182252 0.9262295081967213  
0.7106481481481481 0.23478260869565218 0.9225531914893617  
0.711453744493392 0.26198083067092653 0.9210526315789473  
0.6693386773547094 0.24558303886925795 0.918531781557744  
0.7139784946236559 0.2140625 0.9433611884865367  
0.6405622489959839 0.21745562130177515 0.9365079365079365  
0.7442827442827443 0.25183823529411764 0.9196197061365601  
0.6840077071290944 0.24302134646962234 0.9468690702087287  
0.6808943089430894 0.2538593481989708 0.9394760614272809  
0.6971677559912854 0.23348694316436253 0.9365671641791045  
0.6958424507658644 0.21870047543581617 0.9296160877513712  
0.6590038314176245 0.22590361445783133 0.9497991967871486  
0.6848072562358276 0.2815884476534296 0.9132266217354675  
0.6255060728744939 0.24726134585289514 0.9313632030505243  
0.745920745920746 0.23154362416107382 0.9196197061365601  
0.6666666666666666 0.23482428115015974 0.9256505576208178  
0.735357917570499 0.23529411764705882 0.9404761904761905  
0.731651376146789 0.2287480680061824 0.9317561419472248  
0.7136150234741784 0.2231139646869984 0.9293909973521624  
0.6981519507186859 0.20454545454545456 0.9358860195903829  
0.6881496881496881 0.21752738654147105 0.9340866290018832  
0.7175925925925926 0.25274725274725274 0.9308176100628931  
0.7006369426751592 0.23219814241486067 0.9333333333333333  
0.6686274509803921 0.26334519572953735 0.918018018018018  
0.7278617710583153 0.2459546925566343 0.9373297002724795  
0.6845360824742268 0.29473684210526313 0.9440993788819876  
0.7113636363636363 0.23777403035413153 0.9321148825065274  
0.673469387755102 0.2565359477124183 0.9268518518518518  
0.6818181818181818 0.25946969696969696 0.9333333333333333  
0.6848739495798319 0.23974763406940064 0.9319029850746269  
0.7104072398190046 0.24149108589951376 0.931433659839715  
0.6929460580912863 0.22797927461139897 0.9241748438893844  
0.6638830897703549 0.24 0.9410698096101541  
0.6405622489959839 0.2504288164665523 0.9309718437783833  
0.7477272727272727 0.22776911076443057 0.9209809264305178  
0.738255033557047 0.2483221476510067 0.9288849868305531  
0.6761710794297352 0.27099236641221375 0.9280205655526992  
0.650294695481336 0.23076923076923078 0.9376744186046512  
0.6621621621621622 0.23648648648648649 0.9291044776119403  
0.6674008810572687 0.2495446265938069 0.9228159457167091  
0.6750972762645915 0.24486301369863014 0.9363468634686347  
0.711864406779661 0.23316912972085385 0.9318801089918256  
0.6680672268907563 0.23766816143497757 0.9392478302796529  
0.7248322147651006 0.21990369181380418 0.9334532374100719  
0.6583850931677019 0.2504472271914132 0.9140350877192982  
0.7134020618556701 0.2483221476510067 0.9400544959128065  
0.6200787401574803 0.22580645161290322 0.9259962049335864  
0.6857749469214437 0.2281303602058319 0.9361702127659575  
0.7077244258872651 0.23510466988727857 0.9343807763401109  
0.6846652267818575 0.25565217391304346 0.9326923076923077  
0.6909871244635193 0.22540250447227192 0.9256698357821953  
0.7393483709273183 0.24605678233438485 0.9190600522193212  
0.6857142857142857 0.22488038277511962 0.94  
0.6444906444906445 0.24179620034542315 0.9278074866310161  
0.6724137931034483 0.20980091883614088 0.9314553990610329  
0.7572115384615384 0.22720247295208656 0.9204647006255585  
0.6976744186046512 0.23208722741433022 0.9342342342342342  
0.6444866920152091 0.24257425742574257 0.9542857142857143  
0.6889352818371608 0.22469982847341338 0.9285714285714286  
0.6902654867256637 0.2366288492706645 0.9245283018867925  
0.6538461538461539 0.24377224199288255 0.9236234458259325  
0.6714285714285714 0.2440273037542662 0.9493670886075949  
0.648 0.2416 0.9413434247871334  
0.6355140186915887 0.2608695652173913 0.9494756911344138  
0.6328413284132841 0.2370486656200942 0.9561316051844466  
0.7142857142857143 0.2432 0.9372759856630825  
0.7133620689655172 0.22966507177033493 0.919340054995417  
0.7020833333333333 0.23407917383820998 0.936663693131133  
0.6565040650406504 0.2441077441077441 0.9242700729927007  
0.6507276507276507 0.23880597014925373 0.9371584699453552  
0.660455486542443 0.23228995057660626 0.9468864468864469  
0.7168141592920354 0.2296416938110749 0.9292114695340502  
0.6867469879518072 0.2532051282051282 0.9452830188679245  
0.6907894736842105 0.226890756302521 0.9274977895667551  
0.6058823529411764 0.24871355060034306 0.9201101928374655  
0.701098901098901 0.2504288164665523 0.9300699300699301  
0.6703056768558951 0.2368839427662957 0.915068493150685  
0.7234513274336283 0.24155405405405406 0.9253075571177505  
0.7360774818401937 0.2540861812778603 0.9215328467153284  
0.7131313131313132 0.2564102564102564 0.9301270417422868  
0.6652173913043479 0.27948303715670436 0.9356300997280145  
0.6895074946466809 0.2444113263785395 0.9540229885057471  
0.7841726618705036 0.24247491638795987 0.9263067694944301  
0.5847457627118644 0.26833631484794274 0.9448209099709584  
0.6456211812627292 0.24162257495590828 0.9208185053380783  
0.6738197424892703 0.25180897250361794 0.9541463414634146  
0.7148936170212766 0.2627986348122867 0.9342806394316163  
0.6603375527426161 0.2310177705977383 0.9247015610651974  
0.6521739130434783 0.25846702317290554 0.9354260089686098  
0.6616257088846881 0.22274143302180685 0.9584569732937686  
0.688034188034188 0.22644927536231885 0.9096385542168675  
0.7389277389277389 0.2280431432973806 0.9284420289855072  
0.6931567328918322 0.203601108033241 0.9473684210526315  
0.6911111111111111 0.20974889217134415 0.943127962085308  
0.6701680672268907 0.25117739403453687 0.9438727782974743  
0.647450110864745 0.2564102564102564 0.900523560209424  
0.6990291262135923 0.229020979020979 0.9406392694063926  
0.6497975708502024 0.23898305084745763 0.9316939890710383  
0.68 0.24183006535947713 0.9269406392694064  
0.728110599078341 0.25153374233128833 0.9388686131386861  
0.7117903930131004 0.23465703971119134 0.9179487179487179  
0.6687898089171974 0.24 0.9447513812154696  
0.6720647773279352 0.2419871794871795 0.9304511278195489  
0.6866952789699571 0.24911660777385158 0.9295652173913044  
0.6236363636363637 0.25127334465195245 0.9405560882070949  
0.6929637526652452 0.22776911076443057 0.9458955223880597  
0.7024608501118568 0.21739130434782608 0.9431714023831348  
0.6926713947990544 0.21417565485362094 0.9369369369369369  
0.7350230414746544 0.22065727699530516 0.9368800721370604  
0.6419213973799127 0.25951557093425603 0.9389179755671903  
0.7208237986270023 0.2585278276481149 0.9191919191919192  
0.6798336798336798 0.24625623960066556 0.9372727272727273  
0.7015945330296127 0.24579124579124578 0.9355961705831157  
0.6810699588477366 0.25043478260869567 0.9268510258697591  
0.7442922374429224 0.24153846153846154 0.9277879341864717  
0.6416184971098265 0.23870967741935484 0.9204218600191755  
0.7142857142857143 0.25220458553791886 0.9253333333333333  
0.6989010989010989 0.2309941520467836 0.9300095877277086  
0.6989247311827957 0.24110032362459546 0.9253867151956324  
0.6942800788954635 0.2365747460087083 0.9513184584178499  
0.6692307692307692 0.22328244274809161 0.9253075571177505  
0.7627494456762749 0.2409288824383164 0.944337811900192  
0.6864035087719298 0.23054755043227665 0.938953488372093  
0.7020316027088036 0.24617737003058104 0.9327188940092166  
0.722972972972973 0.22096317280453256 0.938953488372093  
0.6809421841541756 0.2512396694214876 0.9261261261261261  
0.6162790697674418 0.23824959481361427 0.9542421353670162  
0.6653225806451613 0.2620232172470978 0.9279778393351801  
0.7094594594594594 0.2492063492063492 0.927797833935018  
0.714 0.2570921985815603 0.9266547406082289  
0.6802973977695167 0.22281639928698752 0.9427516158818098  
0.7057471264367816 0.2331288343558282 0.9388127853881278  
0.7543859649122807 0.23817567567567569 0.9391534391534392  
0.7165532879818595 0.25309734513274335 0.9217687074829932  
0.6514522821576764 0.233502538071066 0.9224526600541028  
0.7056179775280899 0.2463768115942029 0.9122362869198313  
0.65439672801636 0.23482428115015974 0.9325210871602624  
0.6964285714285714 0.2433392539964476 0.9154568744662681  
0.6378986866791745 0.23050259965337955 0.9281716417910447  
0.6897321428571429 0.2311111111111111 0.927289896128423  
0.7429245283018868 0.2306451612903226 0.9305799648506151  
0.6284046692607004 0.23529411764705882 0.9368327402135231  
0.76 0.23950233281493002 0.9332748024582967  
0.6589473684210526 0.23846153846153847 0.9470198675496688  
0.716589861751152 0.2329803328290469 0.9264029438822448  
0.6777041942604857 0.2521891418563923 0.9335060449050087  
0.6666666666666666 0.24888888888888888 0.9438528557599225  
0.7021739130434783 0.23577235772357724 0.931345980126468  
0.6736242884250474 0.23851590106007067 0.945821854912764  
0.6912442396313364 0.2567783094098884 0.9473684210526315  
0.7058823529411765 0.25 0.9287037037037037  
0.674468085106383 0.22782608695652173 0.9261213720316622  
0.6990950226244343 0.21577380952380953 0.9531835205992509  
0.7182203389830508 0.2539964476021314 0.9171752397558849  
0.7058823529411765 0.2639593908629442 0.9309417040358744  
0.6979591836734694 0.23709677419354838 0.9505597014925373  
0.6742738589211619 0.22705314009661837 0.9527340129749768  
0.6790890269151139 0.2465753424657534 0.9372197309417041  
0.6795918367346939 0.23206106870229007 0.9469623915139826  
0.608 0.2395104895104895 0.9225225225225225  
0.7459954233409611 0.21939586645468998 0.9166666666666666  
0.640495867768595 0.26666666666666666 0.9241261722080136  
0.7160194174757282 0.22372372372372373 0.9347826086956522  
0.6987704918032787 0.23255813953488372 0.933920704845815  
0.7186147186147186 0.22815533980582525 0.9292196007259528  
0.6716101694915254 0.2463768115942029 0.9412304866850322  
0.6946902654867256 0.24054982817869416 0.9250871080139372  
0.6590909090909091 0.2287878787878788 0.9393063583815029  
0.7086092715231788 0.2222222222222222 0.9253996447602132  
0.7012987012987013 0.22380952380952382 0.9256880733944954  
0.6595744680851063 0.26360544217687076 0.9312906220984215  
0.6768558951965066 0.22897196261682243 0.9343807763401109  
0.6613226452905812 0.22388059701492538 0.9407407407407408  
0.7052845528455285 0.2542056074766355 0.9324675324675324  
0.7142857142857143 0.23943661971830985 0.9318777292576419  
0.6989010989010989 0.23483670295489892 0.933579335793358  
0.6600441501103753 0.256 0.9302536231884058  
0.6666666666666666 0.2175925925925926 0.9559099437148217  
0.6846307385229541 0.21138211382113822 0.9380863039399625  
0.676 0.23252032520325203 0.92970946579194  
0.6838709677419355 0.23434991974317818 0.9341864716636198  
0.7540983606557377 0.22150882825040127 0.9275618374558304  
0.6516007532956686 0.261136712749616 0.945  
0.6954732510288066 0.24917491749174916 0.9458715596330275  
0.7016806722689075 0.22943722943722944 0.9466929911154985  
0.7177242888402626 0.22517482517482518 0.9623762376237623  
0.7013274336283186 0.24620060790273557 0.9421641791044776  
0.7199170124481328 0.2697594501718213 0.9203935599284436  
0.7036199095022625 0.2673434856175973 0.9303742384682332  
0.6826086956521739 0.26120857699805067 0.9114971050454922  
0.7433035714285714 0.23817567567567569 0.9264448336252189  
0.6878727634194831 0.2022653721682848 0.9330819981149858  
0.6660194174757281 0.24546952224052718 0.9443396226415094  
0.6726546906187625 0.2295839753466872 0.937984496124031  
0.702355460385439 0.23115577889447236 0.9409660107334525  
0.6609442060085837 0.24848484848484848 0.9082719082719083  
0.6437007874015748 0.23529411764705882 0.9416267942583733  
0.6935483870967742 0.21103896103896103 0.9411214953271028  
0.6582809224318659 0.25217391304347825 0.954679802955665  
0.7185185185185186 0.22922636103151864 0.9453197405004634  
0.6355140186915887 0.2539964476021314 0.922509225092251  
0.6612244897959184 0.25862068965517243 0.9253597122302158  
0.7309236947791165 0.25261324041811845 0.9459459459459459  
0.6681222707423581 0.254606365159129 0.9343389529724934  
0.6417322834645669 0.24758842443729903 0.9477186311787072  
0.72 0.2048780487804878 0.9221128021486124  
0.7233115468409586 0.2230769230769231 0.9310344827586207  
0.735224586288416 0.2376237623762376 0.9228100607111882  
0.6835443037974683 0.239880059970015 0.9394812680115274  
0.6454352441613588 0.2570480928689884 0.9196750902527075  
0.7124183006535948 0.22607260726072606 0.9382273948075202  
0.7019867549668874 0.2627257799671593 0.9366071428571429  
0.6535433070866141 0.22151898734177214 0.9568138195777351  
0.6633663366336634 0.24153846153846154 0.9542356377799416  
0.6647509578544061 0.2524084778420039 0.9219982471516214  
0.7100213219616205 0.2052877138413686 0.9457943925233645  
0.6834061135371179 0.2125984251968504 0.9421487603305785  
0.6860215053763441 0.24509803921568626 0.9330316742081448  
0.6094570928196147 0.23880597014925373 0.9563492063492064  
0.6653543307086615 0.2028301886792453 0.9393063583815029  
0.6717391304347826 0.24056603773584906 0.9337016574585635  
0.6976744186046512 0.23786407766990292 0.9486709440879927  
0.7030567685589519 0.22990353697749197 0.9301270417422868  
0.6680161943319838 0.24280575539568344 0.931095406360424  
0.630188679245283 0.23593466424682397 0.9282470481380564  
0.6807228915662651 0.21350364963503649 0.9163732394366197  
0.7297297297297297 0.21810089020771514 0.9155313351498637  
0.6428571428571429 0.23737373737373738 0.9298724954462659  
0.6587982832618026 0.2395104895104895 0.9195804195804196  
0.6397058823529411 0.260797342192691 0.9498069498069498  
0.6126629422718808 0.22408026755852842 0.9474689589302769  
0.6700404858299596 0.2470978441127695 0.9345622119815669  
0.6641221374045801 0.25139664804469275 0.9313113291703836  
0.7101449275362319 0.23697478991596638 0.9338768115942029  
0.7427293064876958 0.24316109422492402 0.9396471680594243  
0.7338129496402878 0.25405405405405407 0.9181818181818182  
0.7028824833702882 0.23420647149460708 0.933456561922366  
0.6674157303370787 0.23440134907251264 0.9344405594405595  
0.6707317073170732 0.24065040650406505 0.947906976744186  
0.734375 0.21794871794871795 0.9252252252252252  
0.7110609480812641 0.22075782537067545 0.9222614840989399  
0.7041036717062635 0.22337278106508876 0.947267497603068  
0.5863874345549738 0.23168908819133036 0.9531914893617022  
0.6003787878787878 0.24347826086956523 0.9286376274328082  
0.6982758620689655 0.225130890052356 0.9213973799126638  
0.6757894736842105 0.2259083728278041 0.9348230912476723  
0.6617954070981211 0.2607879924953096 0.9290598290598291  
0.7126696832579186 0.24956369982547993 0.910025706940874  
0.6535433070866141 0.23088235294117648 0.9486921529175051  
0.6771488469601677 0.2273476112026359 0.9289617486338798  
0.7406542056074766 0.23162939297124602 0.9228723404255319  
0.691304347826087 0.2236024844720497 0.9183673469387755  
0.684931506849315 0.2440944881889764 0.944980694980695  
0.6698841698841699 0.25226860254083483 0.9281221922731356  
0.670995670995671 0.23773006134969324 0.9279026217228464  
0.7222222222222222 0.2484725050916497 0.9339242546333602  
0.6948051948051948 0.23851851851851852 0.937799043062201  
0.7063829787234043 0.24352331606217617 0.9267431597528685  
0.6980728051391863 0.2345132743362832 0.9353905496624879  
0.6673346693386774 0.24035087719298245 0.9344115004492363  
0.7033707865168539 0.25125628140703515 0.9219298245614035  
0.6686046511627907 0.23076923076923078 0.9417206290471786  
0.6490196078431373 0.24757281553398058 0.937381404174573  
0.7442922374429224 0.2631578947368421 0.9137323943661971  
0.6761710794297352 0.24429967426710097 0.9377901578458682  
0.6625 0.25164473684210525 0.9360146252285192  
0.7303370786516854 0.2300469483568075 0.9253187613843351  
0.6713709677419355 0.24399260628465805 0.9388646288209607  
0.7100456621004566 0.24213836477987422 0.9305054151624549  
0.6316831683168317 0.23076923076923078 0.9368131868131868  
0.6724511930585684 0.2348111658456486 0.9163669064748201  
0.7482993197278912 0.24143302180685358 0.935395814376706  
0.7293064876957495 0.20637119113573407 0.9447186574531096  
0.7552941176470588 0.23905723905723905 0.9251934651762683  
0.6765327695560254 0.21699544764795145 0.9352380952380952  
0.6435452793834296 0.2356902356902357 0.9270346117867165  
0.6825726141078838 0.24305555555555555 0.9323843416370107  
0.630648330058939 0.2545454545454545 0.9465716829919858  
0.7093821510297483 0.2313915857605178 0.9210292812777284  
0.6972477064220184 0.22687861271676302 0.9516129032258065  
0.7592137592137592 0.25041736227045075 0.9209183673469388  
0.7240618101545254 0.2655172413793103 0.9355961705831157  
0.6820175438596491 0.2300163132137031 0.9389038634321654  
0.7274881516587678 0.24566473988439305 0.9382022471910112  
0.6857142857142857 0.25654450261780104 0.9376083188908145  
0.7081447963800905 0.21044546850998463 0.9292929292929293  
0.6808035714285714 0.23684210526315788 0.9245115452930728  
0.6895161290322581 0.2428842504743833 0.9283865401207938  
0.7167755991285403 0.23440134907251264 0.9203539823008849  
0.6741344195519349 0.24378109452736318 0.9099264705882353  
0.70509977827051 0.23211446740858505 0.9246823956442831  
0.6790890269151139 0.24615384615384617 0.9245960502692998  
0.7042553191489361 0.24770642201834864 0.9220222793487575  
0.6504065040650406 0.25121555915721233 0.923578751164958  
0.7488584474885844 0.2233502538071066 0.9141370338248048  
0.684322033898305 0.26174496644295303 0.9389587073608617  
0.6702819956616052 0.23089430894308943 0.9385171790235082  
0.6758349705304518 0.2598870056497175 0.9299474605954466  
0.6972704714640199 0.2354948805460751 0.9203688181056161  
0.6888412017167382 0.26380368098159507 0.9342105263157895  
0.6989473684210527 0.24459234608985025 0.930379746835443  
0.6483739837398373 0.2382608695652174 0.9210762331838565  
0.6809421841541756 0.23943661971830985 0.9128160418482999  
0.7155361050328227 0.25117739403453687 0.9448529411764706  
0.745920745920746 0.24794745484400657 0.9318181818181818  
0.7111111111111111 0.23421926910299004 0.9221238938053097  
0.6640316205533597 0.23871906841339155 0.9464105156723963  
0.6923076923076923 0.22015503875968992 0.9375  
0.6724890829694323 0.24085365853658536 0.9307116104868914  
0.6952965235173824 0.23873873873873874 0.9483933787731256  
0.6894273127753304 0.22354694485842028 0.9403973509933775  
0.6630901287553648 0.26356589147286824 0.9467787114845938  
0.6730769230769231 0.22485207100591717 0.9508670520231214  
0.6536412078152753 0.25314183123877915 0.940677966101695  
0.6776315789473685 0.24750830564784054 0.9314946619217082  
0.6367041198501873 0.21612349914236706 0.9258215962441314  
0.6965376782077393 0.23274478330658105 0.9419475655430711  
0.7002341920374707 0.19806763285024154 0.9232804232804233  
0.6699801192842942 0.22629969418960244 0.9580487804878048  
0.7066115702479339 0.24745762711864408 0.927797833935018  
0.6680080482897385 0.22487223168654175 0.918943533697632  
0.7128099173553719 0.26497277676951 0.9197907585004359  
0.6962305986696231 0.2492354740061162 0.9322191272051996  
0.6625258799171843 0.2329635499207607 0.9363295880149812  
0.6764705882352942 0.20411160058737152 0.9365853658536586  
0.6712962962962963 0.2429210134128167 0.9212233549582948  
0.6761904761904762 0.2363919129082426 0.9419124218051832  
0.6931330472103004 0.22082018927444794 0.9353049907578558  
0.6892430278884463 0.23300970873786409 0.943502824858757  
0.7358916478555305 0.2282793867120954 0.9227430555555556  
0.7058823529411765 0.25449101796407186 0.9458955223880597  
0.6632231404958677 0.2692307692307692 0.9201388888888888  
0.6753246753246753 0.21823617339312407 0.9448144624167459  
0.6765375854214123 0.21638330757341576 0.9187956204379562  
0.7668269230769231 0.23089171974522293 0.9138840070298769  
0.6652806652806653 0.24496124031007752 0.9403409090909091  
0.7251732101616628 0.2242152466367713 0.937962962962963  
0.6509635974304069 0.22975206611570248 0.927027027027027  
0.6508264462809917 0.23846153846153847 0.9351145038167938  
0.7406542056074766 0.23863636363636365 0.9305799648506151  
0.744920993227991 0.23511450381679388 0.9428044280442804  
0.6395563770794824 0.23696682464454977 0.9523809523809523  
0.6981132075471698 0.22408536585365854 0.9313632030505243  
0.6515463917525773 0.23889739663093415 0.9425287356321839  
0.6748971193415638 0.2354948805460751 0.9216216216216216  
0.6464088397790055 0.23711340206185566 0.9479659413434248  
0.6768558951965066 0.22755417956656346 0.9285714285714286  
0.7560386473429952 0.22151898734177214 0.9242957746478874  
0.6505791505791506 0.23217550274223034 0.9265890778871978  
0.6923076923076923 0.25196850393700787 0.9543828264758497  
0.709349593495935 0.23869801084990958 0.9384344766930519  
0.6906187624750499 0.23316062176165803 0.9437386569872959  
0.6865671641791045 0.2328767123287671 0.9289772727272727  
0.6282306163021869 0.24333333333333335 0.9295644114921223  
0.6506550218340611 0.226691042047532 0.9167374681393373  
0.624765478424015 0.2241112828438949 0.9510978043912176  
0.6596958174904943 0.23076923076923078 0.9282945736434108  
0.6762749445676275 0.23877917414721722 0.9156729131175468  
0.679372197309417 0.2545126353790614 0.9128595600676819  
0.6938325991189427 0.24347826086956523 0.9184735472679966  
0.714622641509434 0.22585669781931464 0.9408602150537635  
0.7417840375586855 0.24183006535947713 0.9230769230769231  
0.6884531590413944 0.23134328358208955 0.9230769230769231  
0.6887550200803213 0.23148148148148148 0.9575289575289575  
0.6033210332103321 0.24440298507462688 0.9239130434782609  
0.6857142857142857 0.22818791946308725 0.9195402298850575  
0.6302186878727635 0.2609457092819615 0.924187725631769  
0.6681034482758621 0.2457627118644068 0.9299645390070922  
0.7373737373737373 0.23125 0.9179755671902269  
0.7399527186761229 0.22362204724409449 0.9288256227758007  
0.6754385964912281 0.2207001522070015 0.9289055191768008  
0.6719681908548708 0.2434640522875817 0.936269915651359  
0.6544715447154471 0.20414673046251994 0.9444967074317968  
0.6991150442477876 0.22096774193548388 0.9351351351351351  
0.6693548387096774 0.241852487135506 0.9229374433363554  
0.7037815126050421 0.24864864864864866 0.9113814074717637  
0.6916666666666667 0.23166666666666666 0.9401088929219601  
0.6770186335403726 0.2593283582089552 0.9277730008598453  
0.6674157303370787 0.2572347266881029 0.9219730941704036  
0.6238532110091743 0.25870646766169153 0.9429400386847195  
0.6659836065573771 0.2504288164665523 0.9252925292529253  
0.6666666666666666 0.23777403035413153 0.9439163498098859  
0.6090909090909091 0.23867595818815332 0.94234404536862  
0.7082494969818913 0.23376623376623376 0.9405241935483871  
0.6448412698412699 0.25 0.9223385689354275  
0.7045951859956237 0.2591973244147157 0.90150842945874  
0.6921487603305785 0.235 0.9499089253187614  
0.6590038314176245 0.23089171974522293 0.9563953488372093  
0.7072649572649573 0.2495446265938069 0.9261802575107296  
0.7409200968523002 0.222397476340694 0.918942731277533  
0.7534246575342466 0.22503725782414308 0.9450139794967382  
0.6528599605522682 0.2176759410801964 0.9210526315789473  
0.66796875 0.24813432835820895 0.9241622574955908  
0.6960556844547564 0.24050632911392406 0.9294012511170688  
0.6203703703703703 0.23202614379084968 0.9388349514563107  
0.6737864077669903 0.23208191126279865 0.9435707678075855  
0.6931567328918322 0.24471299093655588 0.9306466729147141  
0.6902654867256637 0.21543408360128619 0.9350180505415162  
0.6390532544378699 0.24455611390284757 0.9387755102040817  
0.7420091324200914 0.22916666666666666 0.9253731343283582  
0.7274725274725274 0.22392638036809817 0.9441860465116279  
0.7533039647577092 0.2375601926163724 0.9312217194570136  
0.744920993227991 0.25 0.9223744292237442  
0.6799163179916318 0.2413793103448276 0.9219427580225499  
0.6781376518218624 0.2400611620795107 0.9555125725338491  
0.7528344671201814 0.20520673813169985 0.9319852941176471  
0.7167381974248928 0.2532347504621072 0.9174468085106383  
0.6831896551724138 0.2577132486388385 0.9160239931448158  
0.6296296296296297 0.2469982847341338 0.9263351749539595  
0.6574468085106383 0.21885521885521886 0.9275491949910555  
0.6257088846880907 0.2473604826546003 0.9505050505050505  
0.7324263038548753 0.24149659863945577 0.9401561144839549  
0.6875 0.24499229583975346 0.9334619093539055  
0.7439293598233996 0.23580786026200873 0.9606525911708254  
0.7149220489977728 0.23162939297124602 0.9322493224932249  
0.6666666666666666 0.24268502581755594 0.9236912156166814  
0.6528925619834711 0.24804992199687986 0.9536423841059603  
0.6950207468879668 0.24881889763779527 0.9352112676056338  
0.6877729257641921 0.2670250896057348 0.9176672384219554  
0.7152173913043478 0.23166666666666666 0.9313725490196079  
0.7045951859956237 0.28063943161634103 0.9388984509466437  
0.7444933920704846 0.22148760330578512 0.9269813000890472  
0.7077625570776256 0.25577812018489987 0.9251141552511416  
0.6709129511677282 0.23015873015873015 0.9343200740055504  
0.650887573964497 0.2358974358974359 0.9458715596330275  
0.6918103448275862 0.2720125786163522 0.94362292051756  
0.7270642201834863 0.2631578947368421 0.9369057908383751  
0.7529976019184652 0.22358346094946402 0.9199640287769785  
0.7217391304347827 0.23679727427597955 0.9480176211453745  
0.6466019417475728 0.2348993288590604 0.9365079365079365  
0.72 0.2218487394957983 0.9268502581755593  
0.7240618101545254 0.2764811490125673 0.9215017064846417  
0.654320987654321 0.2534722222222222 0.9196428571428571  
0.6681318681318681 0.252129471890971 0.9368421052631579  
0.68 0.22150882825040127 0.9269612263300271  
0.676829268292683 0.2608695652173913 0.9432234432234432  
0.6869747899159664 0.2310405643738977 0.9157155399473222  
0.6930022573363431 0.22870662460567823 0.9375565610859729  
0.6673306772908366 0.24 0.9324675324675324  
0.7096114519427403 0.21025641025641026 0.9386281588447654  
0.6865079365079365 0.25326797385620914 0.9455909943714822  
0.6087751371115173 0.2693548387096774 0.9300492610837439  
0.6914414414414415 0.23259493670886075 0.9330922242314648  
0.7200854700854701 0.25181159420289856 0.9285714285714286  
0.6560509554140127 0.23754152823920266 0.9224526600541028  
0.7242990654205608 0.2220472440944882 0.9195710455764075  
0.6954436450839329 0.254416961130742 0.9132610508757297  
0.7202643171806168 0.23627287853577372 0.9396628216503993  
0.6273291925465838 0.25471698113207547 0.9200376293508937  
0.6596638655462185 0.2425828970331588 0.9329214474845543  
0.6814345991561181 0.23389830508474577 0.9320214669051878  
0.7216748768472906 0.23309352517985613 0.9435707678075855  
0.6614785992217899 0.24482758620689654 0.9209558823529411  
0.6358267716535433 0.22492401215805471 0.952755905511811  
0.6708074534161491 0.21465076660988075 0.9370503597122302  
0.6788008565310493 0.24561403508771928 0.9231441048034934  
0.693304535637149 0.23390894819466249 0.9306839186691312  
0.6787878787878788 0.22895622895622897 0.9204025617566332  
0.6900452488687783 0.21273031825795644 0.9282589676290464  
0.6871165644171779 0.24065040650406505 0.9313543599257885  
0.6673728813559322 0.22257551669316375 0.938945420906568  
0.7906976744186046 0.25691056910569104 0.9186440677966101  
0.6443965517241379 0.22706065318818042 0.92  
0.7207792207792207 0.24572317262830481 0.947075208913649  
0.6778947368421052 0.2474747474747475 0.9146451033243486  
0.6752475247524753 0.23500810372771475 0.9349056603773584  
0.7234513274336283 0.22712933753943218 0.926094890510949  
0.7016806722689075 0.23183391003460208 0.9379432624113475  
0.6778242677824268 0.24540901502504173 0.9366515837104072  
0.6352459016393442 0.2361111111111111 0.9311270125223614  
0.693304535637149 0.2468553459119497 0.9464450600184672  
0.6926605504587156 0.22839506172839505 0.9280510018214936  
0.6860986547085202 0.2531446540880503 0.9327272727272727  
0.7171052631578947 0.23008849557522124 0.9181739879414298  
0.6888412017167382 0.26936026936026936 0.9331550802139037  
0.6861471861471862 0.24552845528455283 0.9294117647058824  
0.6881287726358148 0.2488479262672811 0.9497098646034816  
0.6835164835164835 0.2222222222222222 0.9369786839666358  
0.7388392857142857 0.22650231124807396 0.9419354838709677  
0.6586826347305389 0.2478920741989882 0.9319852941176471  
0.6352941176470588 0.24754098360655738 0.9397363465160076  
0.6773504273504274 0.23739837398373984 0.9290263876251137  
0.6797020484171322 0.23339011925042588 0.9310018903591682  
0.7353629976580797 0.2390625 0.9246636771300448  
0.6601178781925344 0.24680073126142596 0.9378330373001776  
0.7467248908296943 0.24473257698541329 0.94579945799458  
0.6956521739130435 0.23824451410658307 0.9509896324222432  
0.6520912547528517 0.24253731343283583 0.93125  
0.721030042918455 0.23274478330658105 0.9222323879231473  
0.6471816283924844 0.228486646884273 0.9358600583090378  
0.7039473684210527 0.2495921696574225 0.9317160826594789  
0.7046511627906977 0.25396825396825395 0.9265822784810127  
0.6784232365145229 0.2098138747884941 0.9251577998196574  
0.6860215053763441 0.22258064516129034 0.9279854147675478  
0.7180616740088106 0.2463295269168026 0.9282511210762332  
0.7214912280701754 0.2646566164154104 0.9247121346324181  
0.6908713692946058 0.24092409240924093 0.9378427787934186  
0.7040816326530612 0.22699386503067484 0.9307692307692308  
0.6485355648535565 0.22149837133550487 0.9247706422018349  
0.6118067978533095 0.24954792043399637 0.9261682242990654  
0.7318181818181818 0.2613065326633166 0.9353711790393013  
0.728310502283105 0.2303839732888147 0.9353711790393013  
0.6841085271317829 0.23003194888178913 0.9355769230769231  
0.6195426195426196 0.22018348623853212 0.9369627507163324  
0.6273408239700374 0.21317157712305027 0.9365079365079365  
0.6475247524752475 0.25084175084175087 0.9215143120960295  
0.7020316027088036 0.24655436447166923 0.9300184162062615  
0.6630901287553648 0.23467600700525393 0.9170305676855895  
0.6652542372881356 0.22690437601296595 0.9313815187557182  
0.6521739130434783 0.2471169686985173 0.9513564078578111  
0.6461232604373758 0.241852487135506 0.927007299270073  
0.6860215053763441 0.22403560830860533 0.9415148609779482  
0.6442307692307693 0.23448275862068965 0.9306839186691312  
0.7096774193548387 0.20699708454810495 0.9519774011299436  
0.6666666666666666 0.24098360655737705 0.9320822162645219  
0.6798336798336798 0.22392638036809817 0.9504289799809342  
0.6468253968253969 0.24766355140186916 0.9372586872586872  
0.6470588235294118 0.2649122807017544 0.9292196007259528  
0.6768916155419223 0.2393617021276596 0.9282550930026572  
0.6757990867579908 0.24285714285714285 0.9281867145421903  
0.6895874263261297 0.24336973478939158 0.9331395348837209  
0.7196078431372549 0.24956063268892795 0.927470534904805  
0.6419491525423728 0.21991701244813278 0.9604863221884499  
0.6716417910447762 0.21568627450980393 0.9342359767891683  
0.7321814254859611 0.24875621890547264 0.9336917562724014  
0.6277777777777778 0.23423423423423423 0.9411223551057958  
0.6542443064182195 0.23853211009174313 0.9454545454545454  
0.7585470085470085 0.24256651017214398 0.92  
0.7029478458049887 0.2353896103896104 0.9368888888888889  
0.6673596673596673 0.21207658321060383 0.9510763209393346  
0.6377358490566037 0.2454212454212454 0.9358047016274864  
0.6666666666666666 0.23880597014925373 0.9171974522292994  
0.6624472573839663 0.2504118616144975 0.9309718437783833  
0.7020833333333333 0.2375366568914956 0.9450980392156862  
0.6909871244635193 0.2487644151565074 0.9278629395852119  
0.745958429561201 0.23919753086419754 0.9227974568574023  
0.6986607142857143 0.23376623376623376 0.9275491949910555  
0.6451612903225806 0.22448979591836735 0.9313632030505243  
0.7195402298850575 0.2377952755905512 0.920863309352518  
0.6938325991189427 0.23873873873873874 0.9397363465160076  
0.7192982456140351 0.2376237623762376 0.93125  
0.6505050505050505 0.22757475083056478 0.928110599078341  
0.6561264822134387 0.2443280977312391 0.9310970081595649  
0.7155756207674944 0.24405705229793978 0.9259927797833934  
0.6176991150442478 0.2345679012345679 0.9380952380952381  
0.7026431718061674 0.2286634460547504 0.935862691960253  
0.6531007751937985 0.22019867549668873 0.9331450094161958  
0.7336448598130841 0.23979591836734693 0.9236706689536878  
0.6143667296786389 0.26226993865030673 0.938061938061938  
0.684 0.2568493150684932 0.9225865209471766  
0.7142857142857143 0.24367088607594936 0.9368800721370604  
0.7323943661971831 0.22388059701492538 0.923572744014733  
0.6909871244635193 0.25796178343949044 0.9540441176470589  
0.6765873015873016 0.2391304347826087 0.9481481481481482  
0.6862385321100918 0.2542955326460481 0.9374407582938389  
0.65 0.23825503355704697 0.9383057090239411  
0.634765625 0.24305555555555555 0.9241316270566727  
0.6696035242290749 0.2422145328719723 0.9147826086956522  
0.7242990654205608 0.2237442922374429 0.9325432999088423  
0.5942549371633752 0.2695167286245353 0.9254829806807727  
0.6704805491990846 0.24825174825174826 0.9156010230179028  
0.7412280701754386 0.25 0.9466546112115732  
0.7299107142857143 0.208398133748056 0.9248395967002749  
0.7417218543046358 0.23588039867109634 0.9307897071872228  
0.6947791164658634 0.24842767295597484 0.9351145038167938  
0.7010309278350515 0.2508650519031142 0.9490616621983914  
0.6506276150627615 0.23462088698140202 0.9412935323383085  
0.6888412017167382 0.23979591836734693 0.9379432624113475  
0.670995670995671 0.21461897356143078 0.9238625812441968  
0.6989010989010989 0.20771513353115728 0.9392212725546059  
0.7175257731958763 0.22547332185886404 0.9372759856630825  
0.68 0.24423963133640553 0.9384469696969697  
0.6294117647058823 0.26595744680851063 0.9061371841155235  
0.7081339712918661 0.23825503355704697 0.922945205479452  
0.751578947368421 0.2476038338658147 0.9444958371877891  
0.7068181818181818 0.22481751824817517 0.9489120151371807  
0.7142857142857143 0.2305084745762712 0.9415929203539823  
0.5888501742160279 0.25170068027210885 0.953921568627451  
0.6614349775784754 0.2671232876712329 0.9123263888888888  
0.6926147704590818 0.23467600700525393 0.9279279279279279  
0.6516393442622951 0.22483221476510068 0.9298724954462659  
0.694560669456067 0.23624595469255663 0.932780847145488  
0.7033707865168539 0.2220447284345048 0.927992799279928  
0.726457399103139 0.24297520661157024 0.9098143236074271  
0.6600790513833992 0.24522292993630573 0.9322519083969466  
0.6615087040618955 0.2516778523489933 0.9317118802619271  
0.673866090712743 0.2463295269168026 0.9249547920433996  
0.6935817805383023 0.24217462932454695 0.9459706959706959  
0.702355460385439 0.23232323232323232 0.9322033898305084  
0.67 0.22935779816513763 0.9513618677042801  
0.7096069868995634 0.24416796267496113 0.9472710453283997  
0.6936936936936937 0.2348111658456486 0.9238263950398583  
0.7 0.23042168674698796 0.9416342412451362  
0.6912065439672802 0.21996879875195008 0.9306083650190115  
0.6427255985267035 0.24842105263157896 0.9269759450171822  
0.7296037296037297 0.25982905982905985 0.9263698630136986  
0.6609195402298851 0.24436741767764297 0.9353647276084949  
0.6965065502183406 0.21226415094339623 0.921875  
0.7116182572614108 0.22885572139303484 0.9243391066545124  
0.7257019438444925 0.22603978300180833 0.9236706689536878  
0.6839080459770115 0.20489296636085627 0.9592445328031809  
0.7093821510297483 0.24324324324324326 0.9399641577060932  
0.7088888888888889 0.2304 0.9376693766937669  
0.7463054187192119 0.22857142857142856 0.9389179755671903  
0.7066115702479339 0.24483306836248012 0.9476145930776426  
0.6722338204592901 0.2532051282051282 0.9481000926784059  
0.6823027718550106 0.2533783783783784 0.9134701159678859  
0.6762295081967213 0.25333333333333335 0.9391560353287537  
0.6674008810572687 0.26161790017211706 0.9032258064516129  
0.6365348399246704 0.24869565217391304 0.9442379182156134  
0.7129629629629629 0.2280966767371601 0.9393382352941176  
0.685823754789272 0.2182410423452769 0.9550669216061185  
0.7104072398190046 0.22115384615384615 0.9476284584980237  
0.724669603524229 0.22468354430379747 0.9352189781021898  
0.6807610993657506 0.23546944858420268 0.9344894026974951  
0.7183098591549296 0.26 0.9083044982698962  
0.7033707865168539 0.2400611620795107 0.9307479224376731  
0.6900212314225053 0.23792486583184258 0.9314236111111112  
0.7155963302752294 0.2143928035982009 0.9295644114921223  
0.6558704453441295 0.2618629173989455 0.9392314566577301  
0.6936170212765957 0.24428822495606328 0.9291338582677166  
0.7235955056179775 0.23684210526315788 0.9177377892030848  
0.6770833333333334 0.20512820512820512 0.9490114464099896  
0.7167019027484144 0.254071661237785 0.9315068493150684  
0.6406570841889117 0.2253968253968254 0.9502347417840376  
0.7232704402515723 0.2624356775300172 0.9224598930481284  
0.6803455723542117 0.2322357019064125 0.9220665499124343  
0.6401590457256461 0.24077328646748683 0.9261261261261261  
0.7199074074074074 0.2231638418079096 0.9385796545105566  
0.683371298405467 0.22795341098169716 0.9308231173380035  
0.6612903225806451 0.26666666666666666 0.9147286821705426  
0.6788793103448276 0.23747980613893377 0.9335759781619655  
0.6965065502183406 0.24163027656477437 0.944069431051109  
0.6914660831509847 0.23924268502581755 0.9230769230769231  
0.7286652078774617 0.22331460674157302 0.9378084896347483  
0.6282828282828283 0.21739130434782608 0.9228650137741047  
0.7063829787234043 0.2304075235109718 0.9385474860335196  
0.6444444444444445 0.2366288492706645 0.9492682926829268  
0.6729957805907173 0.22884012539184953 0.9560747663551402  
0.6987179487179487 0.23053892215568864 0.9407265774378585  
0.7145877378435518 0.26277372262773724 0.9405684754521964  
0.6693548387096774 0.24456521739130435 0.9206349206349206  
0.6986899563318777 0.23615635179153094 0.9243243243243243  
0.680672268907563 0.23415492957746478 0.9499121265377856  
0.7355555555555555 0.23848684210526316 0.9297153024911032  
0.6844262295081968 0.2598684210526316 0.9456721915285451  
0.6853002070393375 0.252991452991453 0.9416517055655296  
0.6565874730021598 0.214168039538715 0.9334532374100719  
0.6630196936542669 0.22419928825622776 0.9191745485812554  
0.7272727272727273 0.2358490566037736 0.9486203615604186  
0.665083135391924 0.25 0.9265341400172861  
0.6018867924528302 0.24558823529411763 0.9423868312757202  
0.6514285714285715 0.24738675958188153 0.9335180055401662  
0.7076566125290024 0.2374429223744292 0.9213893967093236  
0.654275092936803 0.25384615384615383 0.9279359430604982  
0.7089397089397089 0.24816176470588236 0.9386343993085566  
0.6807228915662651 0.24907063197026022 0.9284467713787086  
0.6938775510204082 0.2132921174652241 0.9323583180987203  
0.6626984126984127 0.22103386809269163 0.9239033124440466  
