0.7077244258872651 0.6825396825396826 0.7232496697490093  
0.6795918367346939 0.7789473684210526 0.6917443408788282  
0.6624203821656051 0.7688442211055276 0.7136243386243386  
0.675 0.7315789473684211 0.6898148148148148  
0.7078891257995735 0.7198067632850241 0.649402390438247  
0.6841004184100419 0.6927083333333334 0.6898148148148148  
0.6814345991561181 0.7810945273631841 0.6901128069011281  
0.6817204301075269 0.7567567567567568 0.6827676240208878  
0.6538461538461539 0.8247422680412371 0.6776315789473685  
0.6430107526881721 0.8061224489795918 0.6666666666666666  
0.6824034334763949 0.7262569832402235 0.6922576447625244  
0.6823027718550106 0.7569060773480663 0.6344647519582245  
0.7439516129032258 0.6910994764397905 0.6729096989966555  
0.7040169133192389 0.7604166666666666 0.6387607119314437  
0.6324786324786325 0.7837837837837838 0.7063440156965337  
0.7023060796645703 0.7598039215686274 0.6662225183211192  
0.6603375527426161 0.7738693467336684 0.6481113320079522  
0.6794354838709677 0.6968085106382979 0.6975967957276369  
0.6609808102345416 0.7474747474747475 0.691089108910891  
0.6732456140350878 0.7164948453608248 0.7095300261096605  
0.6779324055666004 0.7967032967032966 0.6820307281229125  
0.650319829424307 0.7923497267759563 0.6202614379084967  
0.6481481481481481 0.788659793814433 0.6478029294274301  
0.7040169133192389 0.6666666666666666 0.7117531188443861  
0.737417943107221 0.7606382978723404 0.664281067013663  
0.6951219512195121 0.8406593406593407 0.6432360742705571  
0.6715481171548117 0.7619047619047619 0.6772277227722773  
0.6540880503144654 0.8020833333333334 0.6682088565763384  
0.6750524109014675 0.746268656716418 0.6881648936170213  
0.6594827586206896 0.7486033519553073 0.6712150747238467  
0.6827309236947792 0.75 0.6915322580645161  
0.6764044943820224 0.7842105263157895 0.6683904330963154  
0.6702127659574468 0.7142857142857143 0.6769533814839134  
0.7060085836909872 0.8201058201058201 0.6548788474132285  
0.6811279826464208 0.776536312849162 0.6673151750972762  
0.6828752642706131 0.7783251231527094 0.6772908366533864  
0.6751592356687898 0.7206703910614525 0.6801566579634465  
0.6832971800433839 0.7647058823529411 0.6734028683181226  
0.6605316973415133 0.788659793814433 0.6410940627084724  
0.6924643584521385 0.7157360406091371 0.7095046854082999  
0.6674008810572687 0.7916666666666666 0.6634114583333334  
0.7142857142857143 0.8166666666666667 0.6686236138290933  
0.6953907815631263 0.7611940298507462 0.6403508771929824  
0.7060041407867494 0.8208955223880597 0.657543391188251  
0.6840958605664488 0.7692307692307693 0.6711711711711712  
0.6589958158995816 0.7526881720430108 0.69433465085639  
0.6916299559471366 0.7592592592592593 0.6455026455026455  
0.7121212121212122 0.7630057803468208 0.6955397543632837  
0.6556016597510373 0.8232044198895028 0.6267281105990783  
0.6170212765957447 0.8620689655172413 0.6293888166449935  
0.7068607068607069 0.7878787878787878 0.7045908183632734  
0.6908713692946058 0.7637362637362637 0.6752305665349143  
0.7068965517241379 0.8229166666666666 0.6644823066841415  
0.6860706860706861 0.7777777777777778 0.6679815910585142  
0.6833333333333333 0.7692307692307693 0.6731898238747553  
0.6659528907922913 0.8054054054054054 0.7189542483660131  
0.6680244399185336 0.8020833333333334 0.6584389593062041  
0.7017937219730942 0.6764705882352942 0.6631853785900783  
0.6673596673596673 0.8166666666666667 0.646285338593031  
0.6844444444444444 0.7524271844660194 0.6802096985583224  
0.6908713692946058 0.7382198952879581 0.7123923127899271  
0.6973415132924335 0.7912621359223301 0.6577000672494956  
0.6515151515151515 0.8556701030927835 0.6920052424639581  
0.6847599164926931 0.8652849740932642 0.6476821192052981  
0.7177242888402626 0.7587939698492462 0.6972477064220184  
0.7134020618556701 0.7575757575757576 0.6821148825065274  
0.6338912133891214 0.8041237113402062 0.6344370860927152  
0.6987951807228916 0.7679558011049724 0.6713240186294078  
0.7049180327868853 0.8082901554404145 0.6622251832111925  
0.6622516556291391 0.83 0.6435578809679529  
0.7004132231404959 0.7877094972067039 0.6747860434496379  
0.7035398230088495 0.7473118279569892 0.6832901554404145  
0.6666666666666666 0.7875647668393783 0.6833000665335994  
0.7067209775967414 0.8066298342541437 0.6774834437086092  
0.6950959488272921 0.7542857142857143 0.6618985695708712  
0.7148846960167715 0.746268656716418 0.6429521276595744  
0.6832298136645962 0.7528089887640449 0.6640368178829718  
0.6335403726708074 0.7914438502673797 0.6633597883597884  
0.6503067484662577 0.7382198952879581 0.6810918774966711  
0.65 0.7445652173913043 0.691699604743083  
0.67 0.8121827411167513 0.6599326599326599  
0.6778242677824268 0.7777777777777778 0.6905710491367862  
0.6577319587628866 0.8167539267015707 0.6786188579017264  
0.7041036717062635 0.7166666666666667 0.686809616634178  
0.7494553376906318 0.7258064516129032 0.675341574495771  
0.6882845188284519 0.7836538461538461 0.6677807486631016  
0.6604166666666667 0.7566137566137566 0.7085261070720423  
0.6740088105726872 0.7784090909090909 0.6952319587628866  
0.7106382978723405 0.6802030456852792 0.6917491749174918  
0.7058823529411765 0.7660818713450293 0.6805006587615283  
0.6787878787878788 0.7956989247311828 0.653564290473018  
0.6788008565310493 0.7616580310880829 0.6984231274638634  
0.7091295116772823 0.8290155440414507 0.6719367588932806  
0.6829787234042554 0.8071065989847716 0.6627062706270627  
0.6539278131634819 0.7960199004975125 0.6675496688741722  
0.6782608695652174 0.8054054054054054 0.6655823031880286  
0.6386036960985626 0.8351648351648352 0.6470588235294118  
0.6954643628509719 0.7354497354497355 0.6712418300653594  
0.673036093418259 0.726775956284153 0.6740837696335078  
0.7176724137931034 0.7892156862745098 0.5997357992073976  
0.6701902748414377 0.7676767676767676 0.6922567835870285  
0.7 0.7628865979381443 0.6640316205533597  
0.6447963800904978 0.8135593220338984 0.674344209852847  
0.6834061135371179 0.7967914438502673 0.7039687703318153  
0.7094736842105264 0.7736842105263158 0.6809492419248517  
0.6367614879649891 0.7979274611398963 0.6631853785900783  
0.6557017543859649 0.788659793814433 0.6612271540469974  
0.6518046709129511 0.827027027027027 0.6920052424639581  
0.65 0.8578947368421053 0.6455026455026455  
0.6875 0.7445652173913043 0.6818181818181818  
0.691304347826087 0.7365591397849462 0.6647135416666666  
0.6892177589852009 0.7704918032786885 0.6625163826998689  
0.6962809917355371 0.7942857142857143 0.650032829940906  
0.690677966101695 0.8146067415730337 0.652088772845953  
0.6547368421052632 0.7135135135135136 0.6773981603153745  
0.6617021276595745 0.7142857142857143 0.66973079448457  
0.6844262295081968 0.7760416666666666 0.6498002663115846  
0.7172131147540983 0.7687861271676301 0.6982248520710059  
0.6776859504132231 0.7712765957446809 0.686092715231788  
0.7426160337552743 0.7305699481865285 0.6871287128712872  
0.6810699588477366 0.7807486631016043 0.6925115970841617  
0.6425438596491229 0.8341968911917098 0.6881930854533594  
0.6515151515151515 0.8087431693989071 0.6519193233571894  
0.66875 0.7409326424870466 0.6620278330019881  
0.6978260869565217 0.8142076502732241 0.6738141650422352  
0.6745689655172413 0.8146067415730337 0.6993506493506494  
0.7060041407867494 0.837696335078534 0.626657824933687  
0.6616702355460385 0.7883597883597884 0.7051114023591087  
0.6630669546436285 0.7549019607843137 0.6257425742574257  
0.6913319238900634 0.8042328042328042 0.6388157894736842  
0.7175257731958763 0.7244897959183674 0.7048634243837442  
0.6896551724137931 0.7619047619047619 0.6756049705689994  
0.6952965235173824 0.7526315789473684 0.699268130405855  
0.7085953878406709 0.8288770053475936 0.6620553359683794  
0.7096774193548387 0.8247422680412371 0.6342744583059751  
0.6989247311827957 0.7538461538461538 0.7049934296977661  
0.6411889596602972 0.7819148936170213 0.6565988181221274  
0.7116182572614108 0.8066298342541437 0.662936142198815  
0.6517311608961304 0.7955801104972375 0.6788079470198676  
0.6514161220043573 0.8031914893617021 0.657328990228013  
0.6844349680170576 0.7671957671957672 0.7040682414698163  
0.6565217391304348 0.7614213197969543 0.6865573770491803  
0.6673596673596673 0.7934782608695652 0.6611733684904416  
0.6892177589852009 0.7542857142857143 0.6649282920469362  
0.687374749498998 0.8415300546448088 0.652  
0.69593147751606 0.8131868131868132 0.6718851924331376  
0.7008196721311475 0.8085106382978723 0.7171314741035857  
0.6938775510204082 0.783068783068783 0.6475515463917526  
0.6687763713080169 0.8424242424242424 0.6714193130265717  
0.6828752642706131 0.8011049723756906 0.6819371727748691  
0.6789366053169734 0.8402061855670103 0.6651100733822548  
0.7014314928425358 0.7705882352941177 0.6677609980302035  
0.7008196721311475 0.7435897435897436 0.6637758505670447  
0.6578947368421053 0.8481675392670157 0.6631921824104234  
0.6708595387840671 0.7741935483870968 0.6260697827518104  
0.7121848739495799 0.7663043478260869 0.6708278580814717  
0.6749482401656315 0.7766497461928934 0.6537949400798935  
0.7006369426751592 0.7978723404255319 0.6690741956664478  
0.6745182012847966 0.844311377245509 0.6847545219638242  
0.693304535637149 0.8131868131868132 0.6844502277163305  
0.6544276457883369 0.7900552486187845 0.6723016905071522  
0.656441717791411 0.8315789473684211 0.669328010645376  
0.707983193277311 0.7525773195876289 0.6798941798941799  
0.680161943319838 0.7696335078534031 0.6466265865063461  
0.70020964360587 0.71 0.6691029900332226  
0.6912065439672802 0.7789473684210526 0.656686626746507  
0.6832971800433839 0.7817258883248731 0.7112860892388452  
0.6808943089430894 0.7967914438502673 0.6134397870924817  
0.7142857142857143 0.783625730994152 0.6709511568123393  
0.6767241379310345 0.7633136094674556 0.6998063266623629  
0.6716738197424893 0.7853403141361257 0.6937704918032787  
0.7182203389830508 0.765 0.6569536423841059  
0.6603375527426161 0.796875 0.6464379947229552  
0.7063655030800822 0.7263157894736842 0.6684385382059801  
0.6603375527426161 0.798941798941799 0.6919025674786043  
0.6903765690376569 0.7628865979381443 0.6960264900662252  
0.7081632653061225 0.7569060773480663 0.6637988087359364  
0.6939655172413793 0.7282608695652174 0.7040417209908736  
0.6903765690376569 0.7708333333333334 0.6904761904761905  
0.7142857142857143 0.7921348314606742 0.6626666666666666  
0.7012987012987013 0.7268041237113402 0.6657929226736566  
0.6542669584245077 0.7438423645320197 0.6800262812089356  
0.7014314928425358 0.7803468208092486 0.6815789473684211  
0.7091295116772823 0.8229166666666666 0.6254114549045424  
0.7069672131147541 0.7575757575757576 0.6991978609625669  
0.6845360824742268 0.8393782383419689 0.6542553191489362  
0.6599597585513078 0.8343558282208589 0.6596583442838371  
0.7065868263473054 0.8011695906432749 0.6701986754966888  
0.7045951859956237 0.7552083333333334 0.6673189823874756  
0.7100840336134454 0.8045977011494253 0.693864229765013  
0.6388308977035491 0.8489583333333334 0.6551952349437459  
0.6632016632016632 0.726775956284153 0.6778656126482213  
0.6623376623376623 0.7606382978723404 0.6507832898172323  
0.6733780760626398 0.765 0.6456026058631922  
0.7172131147540983 0.7395833333333334 0.655792276964048  
0.7175257731958763 0.7376237623762376 0.6722408026755853  
0.6983122362869199 0.7409326424870466 0.6726072607260726  
0.6877551020408164 0.8125 0.706  
0.6369426751592356 0.7932960893854749 0.6612271540469974  
0.6815286624203821 0.7098445595854922 0.7134387351778656  
0.6714579055441479 0.8010752688172043 0.7190192180251822  
0.6744186046511628 0.7959183673469388 0.650363516192994  
0.6722338204592901 0.7953216374269005 0.6977806788511749  
0.6849593495934959 0.765625 0.705607476635514  
0.7094017094017094 0.8054054054054054 0.6415958142576847  
0.6813417190775681 0.7553191489361702 0.6671061305207646  
0.700836820083682 0.8212290502793296 0.6616393442622951  
0.7134020618556701 0.7668393782383419 0.6263297872340425  
0.6473118279569893 0.8054054054054054 0.6592689295039165  
0.6681715575620768 0.7668393782383419 0.6940491591203105  
0.6569037656903766 0.7754010695187166 0.7053394858272907  
0.6879120879120879 0.7948717948717948 0.693864229765013  
0.7243589743589743 0.7819148936170213 0.6310615989515073  
0.697228144989339 0.75 0.6957377049180328  
0.6473029045643154 0.8217821782178217 0.6662216288384513  
0.6794871794871795 0.8201058201058201 0.640655737704918  
0.6764091858037579 0.7291666666666666 0.6922567835870285  
0.6836283185840708 0.7663043478260869 0.6934023285899095  
0.6979166666666666 0.7696335078534031 0.6790205162144275  
0.6680851063829787 0.7808988764044944 0.681877444589309  
0.6810699588477366 0.7562189054726368 0.6923076923076923  
0.6933333333333334 0.7219251336898396 0.686084142394822  
0.6611570247933884 0.8421052631578947 0.6578249336870027  
0.7041666666666667 0.7474747474747475 0.6928191489361702  
0.6986607142857143 0.7873563218390804 0.6782051282051282  
0.7072164948453609 0.7526881720430108 0.6922567835870285  
0.6907216494845361 0.6827956989247311 0.7061548643282595  
0.689727463312369 0.7243243243243244 0.7328947368421053  
0.6279569892473118 0.75 0.6896778435239974  
0.673202614379085 0.8478260869565217 0.6777128005198181  
0.6497975708502024 0.785 0.6700268817204301  
0.6913827655310621 0.7457627118644068 0.7177954847277557  
0.6825053995680346 0.8534031413612565 0.6354712041884817  
0.7290748898678414 0.6684210526315789 0.665149544863459  
0.6968421052631579 0.8020833333333334 0.6732673267326733  
0.6515463917525773 0.765625 0.6684385382059801  
0.6881720430107527 0.7589743589743589 0.6813403416557161  
0.6537634408602151 0.7570621468926554 0.6941558441558442  
0.670995670995671 0.8115183246073299 0.6723348593852191  
0.6997885835095138 0.8358974358974359 0.6796565389696169  
0.6673684210526316 0.8 0.671957671957672  
0.7078891257995735 0.7027027027027027 0.6793193717277487  
0.7176220806794055 0.7797619047619048 0.6591056383668179  
0.7205240174672489 0.757396449704142 0.6790996784565917  
0.7061224489795919 0.8491620111731844 0.6629213483146067  
0.7004310344827587 0.7624309392265194 0.6916070266753416  
0.6881287726358148 0.7714285714285715 0.6741721854304635  
0.6597077244258872 0.7828571428571428 0.7035340314136126  
0.6876310272536688 0.7837837837837838 0.6947368421052632  
0.7071129707112971 0.7790055248618785 0.6723571897570584  
0.6630196936542669 0.775 0.6537704918032787  
0.6952191235059761 0.8306010928961749 0.6840347361389446  
0.7122448979591837 0.7552083333333334 0.67  
0.7331838565022422 0.751269035532995 0.6673164392462638  
0.7076271186440678 0.8222222222222222 0.6143790849673203  
0.673866090712743 0.8316831683168316 0.6552406064601186  
0.6638830897703549 0.8 0.6840713813615333  
0.6834381551362684 0.6881188118811881 0.709913506320692  
0.6753246753246753 0.798941798941799 0.674069235793599  
0.6872340425531915 0.8238636363636364 0.6373697916666666  
0.6907216494845361 0.8187134502923976 0.6710353866317169  
0.7175732217573222 0.7486033519553073 0.6767213114754098  
0.6405919661733616 0.7903225806451613 0.6454366382140512  
0.6856540084388185 0.7040816326530612 0.6990740740740741  
0.6688888888888889 0.8031088082901554 0.6712150747238467  
0.7419354838709677 0.7325581395348837 0.6899676375404531  
0.7286652078774617 0.8103448275862069 0.696969696969697  
0.6796536796536796 0.7527472527472527 0.6644993498049415  
0.6932773109243697 0.7315789473684211 0.6649076517150396  
0.7106382978723405 0.8108108108108109 0.6967910936476752  
0.6380368098159509 0.7734806629834254 0.6798941798941799  
0.6723044397463002 0.7668393782383419 0.6734828496042217  
0.7055084745762712 0.671875 0.7015810276679841  
0.6849894291754757 0.8333333333333334 0.6260754467240238  
0.6849593495934959 0.7329842931937173 0.6831220813875917  
0.731006160164271 0.7087912087912088 0.6748182419035029  
0.6752136752136753 0.745945945945946 0.6860693263570962  
0.6576200417536534 0.7029702970297029 0.6835443037974683  
0.6956521739130435 0.7905759162303665 0.6657824933687002  
0.670995670995671 0.7087912087912088 0.7158647594278283  
0.6894273127753304 0.8247422680412371 0.7033898305084746  
0.701271186440678 0.7524752475247525 0.6916445623342176  
0.6653225806451613 0.7542857142857143 0.698874917273329  
0.7345679012345679 0.7078651685393258 0.6416337285902504  
0.6694915254237288 0.8297872340425532 0.6465177398160316  
0.6349892008639308 0.7767857142857143 0.6882943143812709  
0.614190687361419 0.8042328042328042 0.6627756160830091  
0.6895833333333333 0.7700534759358288 0.6884488448844884  
0.6358024691358025 0.7704918032786885 0.6794448116325181  
0.6637744034707158 0.755 0.7061143984220908  
0.6955555555555556 0.844311377245509 0.6830670926517571  
0.7310195227765727 0.7914438502673797 0.6375488917861799  
0.7090909090909091 0.7696629213483146 0.6699801192842942  
0.6673596673596673 0.8548387096774194 0.6792079207920793  
0.665938864628821 0.7925531914893617 0.701171875  
0.6935817805383023 0.7556818181818182 0.7255416940249507  
0.7204301075268817 0.7960199004975125 0.6543535620052771  
0.6709677419354839 0.7676767676767676 0.6998025016458196  
0.6570841889117043 0.7978142076502732 0.656084656084656  
0.6388308977035491 0.873015873015873 0.6525759577278731  
0.6485943775100401 0.7806122448979592 0.6747311827956989  
0.714859437751004 0.7248677248677249 0.6882943143812709  
0.6618556701030928 0.7967032967032966 0.6792079207920793  
0.7261146496815286 0.7978723404255319 0.6789231779382797  
0.7021276595744681 0.84375 0.6848684210526316  
0.6632860040567952 0.8052631578947368 0.6897931954636425  
0.6815415821501014 0.8097826086956522 0.6498338870431893  
0.6741344195519349 0.7921348314606742 0.6523463317911434  
0.6589958158995816 0.8315217391304348 0.6414473684210527  
0.710261569416499 0.7684210526315789 0.6615384615384615  
0.6958333333333333 0.8068181818181818 0.6684141546526867  
0.695049504950495 0.7395833333333334 0.7043771043771043  
0.6739130434782609 0.7914438502673797 0.6657980456026059  
0.6540880503144654 0.8118279569892473 0.6708360763660303  
0.6774193548387096 0.7955801104972375 0.6861979166666666  
0.6581740976645435 0.8333333333333334 0.6774193548387096  
0.6411378555798687 0.7842105263157895 0.6977198697068404  
0.6959183673469388 0.7558139534883721 0.680921052631579  
0.7169811320754716 0.7958115183246073 0.6387054161162483  
0.7064777327935222 0.7236180904522613 0.6689053055742109  
0.7250996015936255 0.6577540106951871 0.6771600803750837  
0.6716417910447762 0.7437185929648241 0.6968295904887715  
0.7142857142857143 0.7644230769230769 0.6498338870431893  
0.6509635974304069 0.8055555555555556 0.6814332247557003  
0.702928870292887 0.8082901554404145 0.6499007279947054  
0.6732456140350878 0.7989690721649485 0.683420365535248  
0.6701030927835051 0.698019801980198 0.7016722408026755  
0.6536796536796536 0.7701149425287356 0.666882276843467  
0.6949152542372882 0.8092783505154639 0.7117414248021108  
0.7278617710583153 0.75 0.6937293729372938  
0.6573275862068966 0.7433155080213903 0.6877857609405618  
0.6553911205073996 0.7732558139534884 0.6792452830188679  
0.6351648351648351 0.671957671957672 0.7327698309492848  
0.6985446985446986 0.7846153846153846 0.6394422310756972  
0.7074688796680498 0.8571428571428571 0.6534914361001317  
0.656964656964657 0.8295454545454546 0.6727868852459017  
0.6926315789473684 0.75 0.6211221122112212  
0.6901408450704225 0.8138297872340425 0.6800267201068805  
0.6884210526315789 0.7513513513513513 0.6859395532194481  
0.6771300448430493 0.7647058823529411 0.6964751958224543  
0.6844349680170576 0.7094972067039106 0.6610169491525424  
0.6909871244635193 0.7598039215686274 0.6726190476190477  
0.6703056768558951 0.75 0.7020725388601037  
0.68 0.8078817733990148 0.6748670212765957  
0.6900826446280992 0.7513513513513513 0.6781229345670853  
0.6902286902286903 0.8203592814371258 0.6623207301173403  
0.6904761904761905 0.786096256684492 0.6157860404435747  
0.717434869739479 0.7405405405405405 0.7102803738317757  
0.7537154989384289 0.7551020408163265 0.6587458745874587  
0.7251082251082251 0.7789473684210526 0.6797385620915033  
0.6722689075630253 0.7715736040609137 0.6653412856196156  
0.673728813559322 0.745945945945946 0.6668852459016393  
0.7063655030800822 0.7894736842105263 0.6285714285714286  
0.6565217391304348 0.7572815533980582 0.7150395778364116  
0.6645161290322581 0.797979797979798 0.6431863067807768  
0.6794055201698513 0.7379679144385026 0.6981627296587927  
0.6680584551148225 0.7461928934010152 0.6613545816733067  
0.7151898734177216 0.783068783068783 0.6761026991441738  
0.6934782608695652 0.7789473684210526 0.6684073107049608  
0.6523605150214592 0.8176470588235294 0.6811125485122898  
0.718816067653277 0.7048192771084337 0.6811406351263772  
0.6881496881496881 0.7393617021276596 0.6556510244547257  
0.6431535269709544 0.8256410256410256 0.6883720930232559  
0.6693711967545639 0.8108108108108109 0.660904255319149  
0.722457627118644 0.714975845410628 0.677977378576181  
0.7050209205020921 0.7638190954773869 0.6857142857142857  
0.7170626349892009 0.8038277511961722 0.704635761589404  
0.6589473684210526 0.7540106951871658 0.7046052631578947  
0.7096774193548387 0.7548076923076923 0.6633532140490391  
0.7415730337078652 0.7135416666666666 0.7067961165048544  
0.6791666666666667 0.7755102040816326 0.6633466135458167  
0.6610526315789473 0.764102564102564 0.6917989417989417  
0.698744769874477 0.7292817679558011 0.680236375574524  
0.6809421841541756 0.7783783783783784 0.6784313725490196  
0.6949891067538126 0.7448979591836735 0.6712508185985593  
0.6633064516129032 0.7684210526315789 0.6778074866310161  
0.6903765690376569 0.7437185929648241 0.7029900332225913  
0.7094017094017094 0.743455497382199 0.711096520026264  
0.6810699588477366 0.7796610169491526 0.663594470046083  
0.7101449275362319 0.7368421052631579 0.6600397614314115  
0.6516129032258065 0.7486338797814208 0.7092568448500652  
0.7229166666666667 0.7688172043010753 0.6695250659630607  
0.7 0.7473684210526316 0.6785714285714286  
0.6680672268907563 0.8368421052631579 0.6424802110817942  
0.6952789699570815 0.7696629213483146 0.6749024707412223  
0.6853448275862069 0.7329842931937173 0.6823837590045841  
0.7193347193347194 0.8176795580110497 0.680921052631579  
0.6923076923076923 0.7368421052631579 0.6350032530904359  
0.6814345991561181 0.76 0.6888454011741683  
0.694672131147541 0.7448979591836735 0.6748998664886515  
0.6673684210526316 0.7736842105263158 0.7033618984838497  
0.6722338204592901 0.7636363636363637 0.6963589076723017  
0.625 0.8 0.697029702970297  
0.6767895878524945 0.7833333333333333 0.6709928617780662  
0.6843267108167771 0.7070707070707071 0.6799477465708688  
0.6753246753246753 0.7287234042553191 0.6475195822454308  
0.6548856548856549 0.7945945945945946 0.679419525065963  
0.6818181818181818 0.772020725388601 0.6694641704325371  
0.7092050209205021 0.7736842105263158 0.6618229854689565  
0.6962025316455697 0.7043010752688172 0.683311432325887  
0.6680942184154176 0.7643979057591623 0.6751968503937008  
0.6916488222698073 0.7172774869109948 0.6824146981627297  
0.734375 0.7814207650273224 0.6769825918762089  
0.726457399103139 0.7704081632653061 0.6461038961038961  
0.7407407407407407 0.8210526315789474 0.649706457925636  
0.704312114989733 0.7947368421052632 0.6372093023255814  
0.6907894736842105 0.7715736040609137 0.684107259646828  
0.6727642276422764 0.7578947368421053 0.6686666666666666  
0.7124735729386892 0.7727272727272727 0.684931506849315  
0.6673553719008265 0.7512953367875648 0.6730897009966778  
0.6731182795698925 0.7868852459016393 0.6707953063885267  
0.6645833333333333 0.7966101694915254 0.6780327868852459  
0.6923076923076923 0.7121212121212122 0.6840369393139841  
0.7276595744680852 0.8186528497409327 0.6596445029624753  
0.695364238410596 0.7417582417582418 0.6780866192630899  
0.665948275862069 0.7474226804123711 0.65748031496063  
0.6904761904761905 0.8156424581005587 0.6904607397793641  
0.6545842217484008 0.7842105263157895 0.6579120157583717  
0.6798336798336798 0.7566137566137566 0.6964285714285714  
0.6696035242290749 0.7953488372093023 0.6675479180436219  
0.721881390593047 0.7246376811594203 0.6897711978465679  
0.6860986547085202 0.812206572769953 0.6776099803020355  
0.6722338204592901 0.8324873096446701 0.6613545816733067  
0.6927966101694916 0.7512953367875648 0.7125906394199077  
0.732484076433121 0.7352941176470589 0.6476443264764432  
0.674468085106383 0.7248677248677249 0.6795797767564018  
0.7072072072072072 0.8207547169811321 0.6408912188728703  
0.6871165644171779 0.7857142857142857 0.7027388109552438  
0.6659574468085107 0.7114427860696517 0.6664460622104567  
0.6932773109243697 0.725 0.6925630810092962  
0.7592190889370932 0.772972972972973 0.630859375  
0.6584867075664622 0.6906077348066298 0.6990740740740741  
0.6673684210526316 0.8314606741573034 0.670372792674951  
0.6610526315789473 0.8212290502793296 0.6243455497382199  
0.6617021276595745 0.8114285714285714 0.6473649967469096  
0.7057522123893806 0.8040201005025126 0.659046374918354  
0.6403508771929824 0.7246376811594203 0.6793943383805134  
0.7361963190184049 0.7197802197802198 0.6816677696889477  
0.6757894736842105 0.7268041237113402 0.6761401189689359  
0.68 0.7589743589743589 0.6712962962962963  
0.6991150442477876 0.8078817733990148 0.6738703339882122  
0.6995708154506438 0.6989247311827957 0.7019607843137254  
0.7046979865771812 0.7425742574257426 0.6692759295499021  
0.6720647773279352 0.8118279569892473 0.6591211717709721  
0.6866952789699571 0.7877094972067039 0.6955107351984385  
0.7489082969432315 0.7668393782383419 0.6407576747224036  
0.7080610021786492 0.8202247191011236 0.6563106796116505  
0.6666666666666666 0.8536585365853658 0.665158371040724  
0.6411378555798687 0.8224852071005917 0.6683804627249358  
0.6845493562231759 0.7704918032786885 0.6777560339204175  
0.6606741573033708 0.8064516129032258 0.693745970341715  
0.6716417910447762 0.7164179104477612 0.7222222222222222  
0.6957446808510638 0.7628865979381443 0.6791831357048749  
0.6666666666666666 0.7487179487179487 0.7049180327868853  
0.7057569296375267 0.75 0.68310322156476  
0.6707818930041153 0.8092783505154639 0.6757656458055925  
0.6894409937888198 0.729064039408867 0.6417112299465241  
0.7099391480730223 0.7526315789473684 0.694462975316878  
0.6583850931677019 0.8144329896907216 0.6445182724252492  
0.6842105263157895 0.7760416666666666 0.6712871287128713  
0.7096774193548387 0.8534031413612565 0.6274247491638796  
0.6810176125244618 0.6882352941176471 0.7015323117921386  
0.7034764826175869 0.83 0.6590756865371735  
0.6561844863731656 0.8556149732620321 0.6383399209486166  
0.6790393013100436 0.8090452261306532 0.6636065573770492  
0.6844349680170576 0.8125 0.6370808678500987  
0.6570247933884298 0.7835051546391752 0.6835106382978723  
0.6780383795309168 0.8032786885245902 0.6542483660130719  
0.6832298136645962 0.8144329896907216 0.6677740863787376  
0.6617647058823529 0.8486486486486486 0.6758711374095989  
0.714 0.7360406091370558 0.6976430976430976  
0.7379032258064516 0.7062146892655368 0.6766070245195493  
0.6449579831932774 0.7958115183246073 0.6785478547854785  
0.7211740041928721 0.7663043478260869 0.7001972386587771  
0.6694915254237288 0.7447916666666666 0.7140974967061924  
0.6695095948827292 0.7931034482758621 0.6647173489278753  
0.6638477801268499 0.7195767195767195 0.7111842105263158  
0.6941431670281996 0.7313432835820896 0.6546052631578947  
0.6638297872340425 0.7527472527472527 0.7006535947712418  
0.7098121085594989 0.7037037037037037 0.6571994715984147  
0.6588486140724946 0.7839195979899497 0.6486129458388376  
0.6645569620253164 0.7857142857142857 0.6939711664482306  
0.7291196388261851 0.7032967032967034 0.6763005780346821  
0.6468085106382979 0.8651685393258427 0.6929595827900913  
0.6986607142857143 0.8469945355191257 0.6453900709219859  
0.6561181434599156 0.7938144329896907 0.6651254953764861  
0.6868008948545862 0.7783783783783784 0.6974193548387096  
0.6694915254237288 0.8615384615384616 0.6435643564356436  
0.6757322175732218 0.7754010695187166 0.6796308503625577  
0.7505285412262156 0.7584269662921348 0.6727629000653168  
0.6396588486140725 0.8563829787234043 0.6963934426229508  
0.6724137931034483 0.8208955223880597 0.6611733684904416  
0.6773504273504274 0.7318435754189944 0.6859934853420195  
0.6574468085106383 0.8529411764705882 0.6601815823605707  
0.7182203389830508 0.7295918367346939 0.6948480845442536  
0.7073684210526315 0.7572815533980582 0.6915389740173218  
0.7434782608695653 0.8258426966292135 0.6599740932642487  
0.6989247311827957 0.8057142857142857 0.6666666666666666  
0.6978723404255319 0.7783783783783784 0.6843483955468238  
0.6823770491803278 0.8 0.6529255319148937  
0.6652078774617067 0.7135416666666666 0.6679712981082844  
0.63671875 0.7796610169491526 0.6851975887474883  
0.6609808102345416 0.7070707070707071 0.7155115511551156  
0.6427015250544662 0.8142076502732241 0.6701298701298701  
0.7209302325581395 0.7262569832402235 0.6928104575163399  
0.6587301587301587 0.7747252747252747 0.6844919786096256  
0.6817204301075269 0.765 0.6756756756756757  
0.6826086956521739 0.7486631016042781 0.6918566775244299  
0.683083511777302 0.8118279569892473 0.6376716808371484  
0.6729559748427673 0.73224043715847 0.6846254927726675  
0.6778242677824268 0.7193877551020408 0.6690981432360743  
0.6888888888888889 0.8378378378378378 0.6677762982689747  
0.6813186813186813 0.7461928934010152 0.6607843137254902  
0.7036247334754797 0.7417582417582418 0.6636185499673416  
0.7154639175257732 0.768361581920904 0.7085526315789473  
0.7142857142857143 0.7391304347826086 0.697841726618705  
0.6723044397463002 0.8074866310160428 0.6649145860709592  
0.6571428571428571 0.8290155440414507 0.6694915254237288  
0.6964285714285714 0.8103448275862069 0.6532051282051282  
0.687374749498998 0.7344632768361582 0.6640106241699867  
0.6855983772819473 0.7447916666666666 0.6626586506346025  
0.6780383795309168 0.7807486631016043 0.6697247706422018  
0.6708333333333333 0.770949720670391 0.6894287590282338  
0.7346072186836518 0.8173076923076923 0.6287425149700598  
0.7085953878406709 0.8074866310160428 0.6791831357048749  
0.6915113871635611 0.8412698412698413 0.6350993377483444  
0.6890756302521008 0.8298969072164949 0.6428571428571429  
0.6645702306079665 0.826530612244898 0.6693174287607687  
0.6995967741935484 0.7696078431372549 0.694331983805668  
0.6790393013100436 0.7523809523809524 0.7060766182298547  
0.6826086956521739 0.708994708994709 0.7188519243313763  
0.6782077393075356 0.7833333333333333 0.700198544010589  
0.7061224489795919 0.7062146892655368 0.6534653465346535  
0.7028688524590164 0.772020725388601 0.6668887408394404  
0.707983193277311 0.7163461538461539 0.6461949265687583  
0.702355460385439 0.7540983606557377 0.6866840731070496  
0.6567164179104478 0.6373056994818653 0.7296052631578948  
0.689873417721519 0.8 0.6460932370321734  
0.7078189300411523 0.6842105263157895 0.6686586985391766  
0.6752688172043011 0.8130841121495327 0.6447105788423154  
0.6481069042316259 0.8205128205128205 0.6631989596879063  
0.7157894736842105 0.7185929648241206 0.6631299734748011  
0.6778242677824268 0.8064516129032258 0.6778656126482213  
0.7551867219917012 0.8011049723756906 0.6912442396313364  
0.6652173913043479 0.7958115183246073 0.6877857609405618  
0.7149122807017544 0.8020833333333334 0.6499348109517601  
0.6721991701244814 0.7 0.6776315789473685  
0.6626746506986028 0.8055555555555556 0.6655562958027982  
0.6533613445378151 0.7578947368421053 0.7018469656992085  
0.675 0.8247422680412371 0.6485411140583555  
0.6481876332622601 0.7451923076923077 0.6770764119601329  
0.6869747899159664 0.7873563218390804 0.6840731070496083  
0.6809421841541756 0.8 0.6924092409240924  
0.7217391304347827 0.7954545454545454 0.6448900388098319  
0.7142857142857143 0.8532608695652174 0.6409417920209287  
0.7154639175257732 0.7528735632183908 0.690741956664478  
0.69375 0.7764705882352941 0.660574412532637  
0.6789587852494577 0.7988165680473372 0.6610824742268041  
0.6801705756929638 0.7692307692307693 0.6791831357048749  
0.7372881355932204 0.7912087912087912 0.6308900523560209  
0.6883910386965377 0.7371428571428571 0.6431398416886543  
0.6791208791208792 0.7927461139896373 0.6610169491525424  
0.7051282051282052 0.7945945945945946 0.6769130150425114  
0.6625514403292181 0.807909604519774 0.6747860434496379  
0.6976744186046512 0.7105263157894737 0.6938775510204082  
0.6958333333333333 0.7027027027027027 0.6736980883322347  
0.6918367346938775 0.6290322580645161 0.6912350597609562  
0.6265822784810127 0.765625 0.6649076517150396  
0.6892778993435449 0.75 0.664281067013663  
0.6490486257928119 0.7569060773480663 0.6884816753926701  
0.7280334728033473 0.8532608695652174 0.6473684210526316  
0.7214912280701754 0.7745664739884393 0.6387636831938184  
0.708779443254818 0.7028301886792453 0.6746506986027944  
0.703030303030303 0.7336956521739131 0.6946107784431138  
0.7057613168724279 0.7621621621621621 0.6823295830575777  
0.6817248459958932 0.7960199004975125 0.677376171352075  
0.6681222707423581 0.734375 0.7251958224543081  
0.6788008565310493 0.8042328042328042 0.6618610747051114  
0.675 0.7637362637362637 0.6852564102564103  
0.7284768211920529 0.7914438502673797 0.6608300907911803  
0.689727463312369 0.7555555555555555 0.6734426229508197  
0.6788793103448276 0.7204301075268817 0.6814621409921671  
0.690677966101695 0.8388888888888889 0.6457516339869281  
0.7241379310344828 0.7948717948717948 0.5883125410374261  
0.7013274336283186 0.7142857142857143 0.6531942633637549  
0.6652977412731006 0.7166666666666667 0.6963696369636964  
0.6729559748427673 0.7566137566137566 0.662269129287599  
0.7013274336283186 0.7239583333333334 0.7067620286085826  
0.6521739130434783 0.7447916666666666 0.7047113470471135  
0.7019027484143763 0.8263157894736842 0.6208031599736669  
0.6701244813278008 0.7582417582417582 0.6719367588932806  
0.6659663865546218 0.7967032967032966 0.6830708661417323  
0.6638830897703549 0.7539267015706806 0.6547619047619048  
0.7099391480730223 0.8469945355191257 0.650066401062417  
0.7125256673511293 0.7128205128205128 0.6886666666666666  
0.6753812636165577 0.7635467980295566 0.6519736842105263  
0.6929637526652452 0.7052023121387283 0.7525974025974026  
0.6888412017167382 0.7931034482758621 0.6477197620621282  
0.694560669456067 0.7305699481865285 0.6949040370615487  
0.6735537190082644 0.8238341968911918 0.6445182724252492  
0.7176724137931034 0.7287234042553191 0.6797385620915033  
0.6789587852494577 0.746268656716418 0.6914473684210526  
0.7278481012658228 0.7417582417582418 0.6671035386631717  
0.708779443254818 0.7806122448979592 0.6504279131007241  
0.6707818930041153 0.7804878048780488 0.6961770623742455  
0.7094017094017094 0.746268656716418 0.6675479180436219  
0.6943231441048034 0.8095238095238095 0.6671009771986971  
0.6632653061224489 0.7903225806451613 0.6746347941567065  
0.7130620985010707 0.7374301675977654 0.6998697916666666  
0.6602972399150743 0.7777777777777778 0.6814276272306675  
0.6904761904761905 0.7377049180327869 0.6655823031880286  
0.6724511930585684 0.7185929648241206 0.6695137976346912  
0.6748466257668712 0.7989690721649485 0.685790527018012  
0.6585858585858586 0.8418079096045198 0.633774834437086  
0.66875 0.797752808988764 0.7060367454068242  
0.65439672801636 0.7900552486187845 0.6494708994708994  
0.6872427983539094 0.717948717948718 0.6602265156562291  
0.7121212121212122 0.7909604519774012 0.679196370706416  
0.7039473684210527 0.7734806629834254 0.6880258899676376  
0.6288032454361054 0.7647058823529411 0.6910785619174434  
0.658008658008658 0.8134715025906736 0.6568434839554682  
0.6477987421383647 0.819672131147541 0.7115637319316689  
0.702355460385439 0.7777777777777778 0.7086354647330257  
0.7199074074074074 0.6945812807881774 0.6755009696186167  
0.6531914893617021 0.8018867924528302 0.668  
0.6917960088691796 0.75 0.704885993485342  
0.6702355460385439 0.7445652173913043 0.6610058785107773  
0.6703296703296703 0.7578947368421053 0.6772934287573195  
0.7184873949579832 0.6881720430107527 0.7078947368421052  
0.7029914529914529 0.7091836734693877 0.6851119894598156  
0.6633266533066132 0.735 0.667565745111261  
0.6583850931677019 0.7525773195876289 0.6770764119601329  
0.6963906581740976 0.7164179104477612 0.6821192052980133  
0.6824742268041237 0.7142857142857143 0.713527851458886  
0.6611570247933884 0.8072916666666666 0.6580345285524568  
0.6804979253112033 0.717391304347826 0.6952506596306068  
0.7052401746724891 0.7684729064039408 0.6877054569362262  
0.6791208791208792 0.7675675675675676 0.6731517509727627  
0.7049180327868853 0.7582417582417582 0.7023809523809523  
0.6244444444444445 0.7752808988764045 0.7065637065637066  
0.6701461377870563 0.8 0.668010752688172  
0.6974789915966386 0.786096256684492 0.6774193548387096  
0.7041942604856513 0.7172774869109948 0.6677503250975293  
0.6529774127310062 0.723404255319149 0.694757796947578  
0.6798336798336798 0.8247422680412371 0.6821499668214996  
0.6779661016949152 0.8118279569892473 0.699475065616798  
0.6794055201698513 0.734375 0.6859776168531929  
0.7044025157232704 0.8159203980099502 0.6223404255319149  
0.7130620985010707 0.7473684210526316 0.6491803278688525  
0.6695652173913044 0.8186528497409327 0.6500981033355134  
0.6854838709677419 0.8548387096774194 0.6493333333333333  
0.6909492273730684 0.8064516129032258 0.644199611147116  
0.6897321428571429 0.8333333333333334 0.6627450980392157  
0.7062780269058296 0.8085106382978723 0.6375968992248062  
0.7345309381237525 0.7421052631578947 0.670020120724346  
0.6574468085106383 0.8010752688172043 0.6861074705111402  
0.6910569105691057 0.6961325966850829 0.6534128561961564  
0.7139874739039666 0.7712765957446809 0.664026402640264  
0.6629711751662971 0.6871508379888268 0.6746134020618557  
0.707983193277311 0.8654970760233918 0.6397394136807818  
0.7169811320754716 0.7448979591836735 0.681245858184228  
0.6734279918864098 0.7252747252747253 0.6695421366954214  
0.7040816326530612 0.7448979591836735 0.7052139037433155  
0.6767241379310345 0.8029556650246306 0.6627062706270627  
0.6911447084233261 0.765625 0.6548788474132285  
0.6984815618221258 0.7239583333333334 0.6278613472858077  
0.625 0.7616822429906542 0.660904255319149  
0.6574074074074074 0.7794871794871795 0.6778135048231512  
0.6931330472103004 0.7608695652173914 0.660574412532637  
0.6961770623742455 0.7659574468085106 0.6693386773547094  
0.6820083682008368 0.7486033519553073 0.6970491803278689  
0.6917960088691796 0.8415841584158416 0.6631785480706344  
0.6729559748427673 0.7538461538461538 0.7019867549668874  
0.6666666666666666 0.7978142076502732 0.6485956890920966  
0.6305732484076433 0.7567567567567568 0.6598951507208388  
0.6354581673306773 0.8100558659217877 0.692871419053964  
0.6837606837606838 0.7939698492462312 0.6554455445544555  
0.6752688172043011 0.7772020725388601 0.6646981627296588  
0.6666666666666666 0.7239583333333334 0.6707953063885267  
0.6774193548387096 0.7989690721649485 0.6434668417596848  
0.6891304347826087 0.7538461538461538 0.693516699410609  
0.6846473029045643 0.8235294117647058 0.6754791804362195  
0.728421052631579 0.7894736842105263 0.6328279499011207  
0.6795918367346939 0.786096256684492 0.6491694352159468  
0.6528925619834711 0.8432432432432433 0.650363516192994  
0.693446088794926 0.7752808988764045 0.6681907250163291  
0.7267080745341615 0.745945945945946 0.6618229854689565  
0.6638115631691649 0.7696335078534031 0.6568241469816273  
0.657563025210084 0.7608695652173914 0.6898817345597897  
0.6991701244813278 0.7298850574712644 0.6782437745740498  
0.6827586206896552 0.8163265306122449 0.6879432624113475  
0.7270833333333333 0.7374301675977654 0.7005909389363099  
0.7253668763102725 0.7714285714285715 0.6797385620915033  
0.6836518046709129 0.7427184466019418 0.651827242524917  
0.6869565217391305 0.7373737373737373 0.6581364829396326  
0.6711711711711712 0.6492146596858639 0.6974789915966386  
0.7115384615384616 0.7837837837837838 0.6232831916285154  
0.7199170124481328 0.7539267015706806 0.634857521537442  
0.6703296703296703 0.7074468085106383 0.6985055230669266  
0.658695652173913 0.75 0.7033898305084746  
0.6923076923076923 0.7407407407407407 0.688556566970091  
0.643312101910828 0.7795698924731183 0.6885245901639344  
0.648870636550308 0.7708333333333334 0.7025948103792415  
0.6515463917525773 0.7673267326732673 0.6501672240802676  
0.7360515021459227 0.8152173913043478 0.6475195822454308  
0.7047413793103449 0.7081081081081081 0.6653620352250489  
0.6568421052631579 0.7010309278350515 0.6873760740251157  
0.6846652267818575 0.772020725388601 0.6710353866317169  
0.6843267108167771 0.7360406091370558 0.6847258485639687  
0.6431718061674009 0.7326732673267327 0.6893840104849279  
0.663135593220339 0.7717391304347826 0.6841415465268676  
0.652542372881356 0.7754010695187166 0.6520026263952725  
0.6912065439672802 0.8054054054054054 0.6624668435013262  
0.6939655172413793 0.757396449704142 0.6481601032924468  
0.6652631578947369 0.7653631284916201 0.6793193717277487  
0.6887966804979253 0.7382198952879581 0.6746189529489728  
0.6740442655935613 0.7301587301587301 0.7012032085561497  
0.7048832271762208 0.7679558011049724 0.677124183006536  
0.6987179487179487 0.7164948453608248 0.7098684210526316  
0.6319148936170212 0.7619047619047619 0.6844207723035952  
0.7142857142857143 0.8041237113402062 0.6448412698412699  
0.7238307349665924 0.7336683417085427 0.6701434159061278  
0.7427385892116183 0.7704918032786885 0.6545814106789717  
0.7461024498886414 0.732620320855615 0.6448900388098319  
0.6942800788954635 0.8307692307692308 0.6304054054054054  
0.6871035940803383 0.7112299465240641 0.6944809461235217  
0.6414342629482072 0.775 0.6864864864864865  
0.7477678571428571 0.8103448275862069 0.6685897435897435  
0.7381974248927039 0.7967032967032966 0.6434159061277706  
0.6867219917012448 0.732620320855615 0.7131526768010575  
0.6510638297872341 0.7305699481865285 0.6866359447004609  
0.6918238993710691 0.825136612021858 0.6662286465177398  
0.6968421052631579 0.7112299465240641 0.6447368421052632  
0.6951219512195121 0.7112299465240641 0.697272122421823  
0.6396588486140725 0.8085106382978723 0.6819672131147541  
0.7067510548523207 0.7473684210526316 0.6370223978919631  
0.7398720682302772 0.7272727272727273 0.6684141546526867  
0.6624472573839663 0.7902439024390244 0.6606786427145709  
0.6872246696035242 0.7165775401069518 0.6722907203114861  
0.7043478260869566 0.7849462365591398 0.6588541666666666  
0.6871035940803383 0.8105263157894737 0.6530612244897959  
0.6713995943204868 0.8021978021978022 0.6735235567352356  
0.7051546391752578 0.7708333333333334 0.6837209302325581  
0.6586826347305389 0.8256410256410256 0.6796769851951547  
0.6784968684759917 0.7471910112359551 0.6970491803278689  
0.6950207468879668 0.8351063829787234 0.6534391534391535  
0.6817248459958932 0.8121212121212121 0.6627450980392157  
0.6915113871635611 0.732620320855615 0.7129629629629629  
0.7060133630289532 0.7064676616915423 0.6977806788511749  
0.6886993603411514 0.7539267015706806 0.6609724047306176  
0.6645161290322581 0.7027027027027027 0.6768929503916449  
0.6910229645093946 0.8324873096446701 0.6248339973439575  
0.7067833698030634 0.7717391304347826 0.7034393251135627  
0.7148846960167715 0.7607655502392344 0.6470588235294118  
0.7035490605427975 0.8526315789473684 0.6615994712491738  
0.6858974358974359 0.7671957671957672 0.6767213114754098  
0.683982683982684 0.7230769230769231 0.6826229508196722  
0.6869565217391305 0.8368421052631579 0.6579634464751958  
0.6836734693877551 0.8061224489795918 0.6657754010695187  
0.6938325991189427 0.7339901477832512 0.7016393442622951  
0.7105831533477321 0.7722222222222223 0.6790123456790124  
0.7076923076923077 0.7632850241545893 0.7177631578947369  
0.6969072164948453 0.7362637362637363 0.6871287128712872  
0.6638115631691649 0.8137254901960784 0.6704169424222369  
0.6766595289079229 0.7795698924731183 0.6605624591236102  
0.7268722466960352 0.7540983606557377 0.6673139158576051  
0.7312072892938497 0.8046511627906977 0.6681937172774869  
0.6716101694915254 0.824468085106383 0.7122207621550591  
0.6528066528066528 0.8021978021978022 0.673469387755102  
0.6887966804979253 0.7988505747126436 0.7051114023591087  
0.7085106382978723 0.7407407407407407 0.6585686145764937  
0.6594827586206896 0.7333333333333333 0.7002600780234071  
0.6919831223628692 0.7897435897435897 0.713813615333774  
0.6943231441048034 0.7087378640776699 0.6785243741765481  
0.6740576496674058 0.7628865979381443 0.6948601171112557  
0.6483050847457628 0.7796610169491526 0.6705805609915199  
0.6894409937888198 0.8210526315789474 0.682571239231279  
0.68125 0.7081081081081081 0.6875411997363217  
0.6732456140350878 0.7360406091370558 0.6775670372792675  
0.7158119658119658 0.7241379310344828 0.6993506493506494  
0.6981891348088531 0.7151162790697675 0.6873760740251157  
0.7134020618556701 0.7788944723618091 0.6728971962616822  
0.696652719665272 0.7990430622009569 0.631438127090301  
0.6602150537634408 0.7 0.6848042468480424  
0.7139830508474576 0.7637362637362637 0.706151832460733  
0.6821192052980133 0.7222222222222222 0.6681907250163291  
0.6581740976645435 0.7877094972067039 0.6716710182767625  
0.6430155210643016 0.7346938775510204 0.7133550488599348  
0.7186813186813187 0.7717391304347826 0.6863253402462735  
0.6516129032258065 0.7677725118483413 0.649402390438247  
0.6901098901098901 0.7679558011049724 0.6836998706338939  
0.6886993603411514 0.7624309392265194 0.6801566579634465  
0.643956043956044 0.84375 0.6644951140065146  
0.6981519507186859 0.7593582887700535 0.6644562334217506  
0.6991341991341992 0.7789473684210526 0.6326797385620915  
0.668041237113402 0.7590361445783133 0.6806009144350098  
0.6788008565310493 0.7734806629834254 0.6890482398956975  
0.6743697478991597 0.7925531914893617 0.663372859025033  
0.6885245901639344 0.7311827956989247 0.6671087533156499  
0.6367432150313153 0.7383720930232558 0.6930111038536904  
0.6693227091633466 0.8176795580110497 0.6697798532354903  
0.6938325991189427 0.7734806629834254 0.6561085972850679  
0.6469344608879493 0.8061224489795918 0.7164573694646398  
0.6388888888888888 0.7373737373737373 0.6523746701846965  
0.7055084745762712 0.8229166666666666 0.6719367588932806  
0.6736401673640168 0.7424242424242424 0.6759628154050464  
0.6987704918032787 0.7512953367875648 0.6602265156562291  
0.6798336798336798 0.7578947368421053 0.671740569159497  
0.7091295116772823 0.7444444444444445 0.6910516002612671  
0.680672268907563 0.7819148936170213 0.6818181818181818  
0.6553911205073996 0.7351351351351352 0.6830708661417323  
0.722972972972973 0.785 0.6664499349804941  
0.6536796536796536 0.7551020408163265 0.6686351706036745  
0.6954545454545454 0.7931034482758621 0.6666666666666666  
0.6987179487179487 0.7142857142857143 0.695822454308094  
0.6645962732919255 0.7766990291262136 0.7012726054922974  
0.6716101694915254 0.7864583333333334 0.6765480895915679  
0.7230443974630021 0.7864077669902912 0.6533599467731205  
0.6617021276595745 0.7461139896373057 0.6655694535878868  
0.6824742268041237 0.8258426966292135 0.6728110599078341  
0.7021276595744681 0.7616580310880829 0.6675444371296906  
0.6952789699570815 0.7823834196891192 0.6552856204858831  
0.673036093418259 0.8021978021978022 0.6677567037279267  
0.7213438735177866 0.7486338797814208 0.6597454789015406  
0.6569037656903766 0.7806122448979592 0.6836870026525199  
0.7194860813704497 0.7377049180327869 0.6892950391644909  
0.7095435684647303 0.8342541436464088 0.6892692560895326  
0.7058823529411765 0.8128342245989305 0.6642527978933509  
0.7266949152542372 0.7142857142857143 0.6825916230366492  
0.6787878787878788 0.8055555555555556 0.6688785666887856  
0.6623931623931624 0.8235294117647058 0.630648330058939  
0.6815286624203821 0.7688442211055276 0.6858465608465608  
0.6824324324324325 0.7659574468085106 0.7083870967741935  
0.6927966101694916 0.7126436781609196 0.66796875  
0.6744186046511628 0.770949720670391 0.665359477124183  
0.6763485477178424 0.798941798941799 0.684976836532098  
0.6868475991649269 0.7821782178217822 0.6955363091272485  
0.7025316455696202 0.7724867724867724 0.6754443712969058  
0.6941649899396378 0.7668393782383419 0.6487935656836461  
0.695067264573991 0.6974358974358974 0.6541207008436081  
0.7095435684647303 0.7225130890052356 0.6567263088137839  
0.6822033898305084 0.7536231884057971 0.7125748502994012  
0.6949891067538126 0.7379679144385026 0.697265625  
0.7369519832985386 0.7539267015706806 0.6435185185185185  
0.672686230248307 0.75 0.6341305753070459  
0.7067510548523207 0.6988636363636364 0.6546997389033943  
0.6927966101694916 0.7680412371134021 0.658311345646438  
0.6575052854122622 0.8256410256410256 0.667107001321004  
0.665948275862069 0.7243243243243244 0.684931506849315  
0.6555323590814196 0.7526881720430108 0.6710613052076466  
0.7066381156316917 0.7894736842105263 0.6668852459016393  
0.6871035940803383 0.7921348314606742 0.6636185499673416  
0.6772823779193206 0.8118279569892473 0.6439344262295082  
0.7112526539278131 0.7083333333333334 0.662936142198815  
0.6609442060085837 0.8114285714285714 0.6560674886437379  
0.6801801801801802 0.7461928934010152 0.6768332251784556  
0.6728395061728395 0.8021978021978022 0.6585204755614267  
0.6863157894736842 0.8112244897959183 0.642620780939775  
0.7036247334754797 0.7626262626262627 0.6759075907590759  
0.708779443254818 0.7105263157894737 0.6872131147540984  
0.6351931330472103 0.8010471204188482 0.6780327868852459  
0.6936758893280632 0.7536231884057971 0.6555479918311776  
0.7126213592233009 0.7759562841530054 0.6893530997304582  
0.6674008810572687 0.828125 0.6171875  
0.7331975560081466 0.7292817679558011 0.6397350993377483  
0.7121848739495799 0.7853403141361257 0.6877887788778878  
0.7092050209205021 0.7344632768361582 0.6699410609037328  
0.6723404255319149 0.8167539267015707 0.6495726495726496  
0.693359375 0.775 0.6727891156462585  
0.6843267108167771 0.8011049723756906 0.6808785529715762  
0.6815286624203821 0.8228571428571428 0.6328125  
0.7300215982721382 0.7282608695652174 0.6742671009771987  
0.6736842105263158 0.7461139896373057 0.665785997357992  
0.6826086956521739 0.7794871794871795 0.6712508185985593  
0.6991701244813278 0.8223350253807107 0.6413838988689288  
0.6984815618221258 0.766497461928934 0.6751968503937008  
0.6591836734693878 0.7635467980295566 0.6823371390194761  
0.6589473684210526 0.7912087912087912 0.68  
0.6794055201698513 0.7333333333333333 0.6444591029023746  
0.6453608247422681 0.8074866310160428 0.6781456953642384  
0.6877729257641921 0.8153846153846154 0.6527141922825376  
0.6905263157894737 0.7619047619047619 0.6870882740447958  
0.679324894514768 0.7569060773480663 0.6594629993451212  
0.7109207708779444 0.7291666666666666 0.6743269862114248  
0.6631799163179917 0.7817258883248731 0.6808228268082283  
0.7347368421052631 0.7037037037037037 0.6488801054018445  
0.6949891067538126 0.797752808988764 0.6705501618122978  
0.7064989517819706 0.726775956284153 0.6511169513797634  
0.6487603305785123 0.7747252747252747 0.7104221635883905  
0.7142857142857143 0.7808219178082192 0.6226790450928382  
0.7051546391752578 0.7853403141361257 0.6726427622841965  
0.6847826086956522 0.806282722513089 0.6786414108425866  
0.6303030303030303 0.7853403141361257 0.6704545454545454  
0.7301587301587301 0.801980198019802 0.6744639376218323  
0.722457627118644 0.7814207650273224 0.6705959397511461  
0.7525150905432596 0.7551020408163265 0.664204163868368  
0.69593147751606 0.7593582887700535 0.6668848167539267  
0.6784968684759917 0.7608695652173914 0.6655694535878868  
0.6468085106382979 0.7106598984771574 0.6943894389438944  
0.6873614190687362 0.7616580310880829 0.665149544863459  
0.722707423580786 0.7213930348258707 0.6605384110308602  
0.643956043956044 0.7675675675675676 0.6964980544747081  
0.6883910386965377 0.8659217877094972 0.6924603174603174  
0.6798336798336798 0.7243243243243244 0.6655672823218998  
0.7194860813704497 0.7208121827411168 0.6910408432147562  
0.7018255578093306 0.7821782178217822 0.6590450571620713  
0.7098121085594989 0.8055555555555556 0.6973079448456992  
0.6688172043010753 0.8723404255319149 0.6187050359712231  
0.6873661670235546 0.7833333333333333 0.6892508143322476  
0.6843267108167771 0.7582417582417582 0.643180349062702  
0.6570247933884298 0.7567567567567568 0.6536682088565764  
0.71900826446281 0.7237569060773481 0.6895187870797627  
0.6828752642706131 0.7794117647058824 0.6584717607973422  
0.6471774193548387 0.7389162561576355 0.677006068779501  
0.6727272727272727 0.7171717171717171 0.6981865284974094  
0.7330595482546202 0.8072916666666666 0.6793080505655356  
0.6688172043010753 0.8235294117647058 0.6555555555555556  
0.6962025316455697 0.7953216374269005 0.6922576447625244  
0.7268817204301076 0.7789473684210526 0.6371971185330714  
0.6413043478260869 0.7722772277227723 0.6914473684210526  
0.7199170124481328 0.7282608695652174 0.679419525065963  
0.6516393442622951 0.7613636363636364 0.6725955204216074  
0.6734279918864098 0.8202247191011236 0.6704169424222369  
0.6864035087719298 0.7473118279569892 0.6694805194805195  
0.6639344262295082 0.7135922330097088 0.6915322580645161  
0.688659793814433 0.7777777777777778 0.6517678452301534  
0.7110187110187111 0.7853403141361257 0.6596026490066225  
0.6753246753246753 0.7259615384615384 0.6765873015873016  
0.7219827586206896 0.7819148936170213 0.6751633986928105  
0.6949152542372882 0.75 0.6847968545216252  
0.6921487603305785 0.8287292817679558 0.6446934739617667  
0.6974248927038627 0.8440860215053764 0.6692810457516339  
0.6814159292035398 0.772972972972973 0.6750809061488673  
0.6957403651115619 0.8406593406593407 0.6423357664233577  
0.6627450980392157 0.746031746031746 0.6601483479433581  
0.7181069958847737 0.6483516483516484 0.7126816380449141  
0.6659574468085107 0.76 0.7156084656084656  
0.7157676348547718 0.8057142857142857 0.6642622950819672  
0.6701680672268907 0.7627118644067796 0.6559843034663179  
0.6971544715447154 0.75 0.6733067729083665  
0.7133757961783439 0.7267441860465116 0.6998050682261209  
0.7226720647773279 0.7745664739884393 0.636963696369637  
0.6981981981981982 0.7806122448979592 0.6802853437094682  
0.6919739696312365 0.7955801104972375 0.674025974025974  
0.6572668112798264 0.8044692737430168 0.6977950713359273  
0.7261146496815286 0.7979274611398963 0.6673254281949934  
0.696969696969697 0.8494623655913979 0.666883963494133  
0.6680584551148225 0.7537688442211056 0.6808510638297872  
0.6639839034205232 0.8507462686567164 0.644878706199461  
0.6392405063291139 0.7562189054726368 0.6874585268745853  
0.7191489361702128 0.7409326424870466 0.6688610928242265  
0.6553191489361702 0.7905759162303665 0.6719263642340565  
0.7568710359408034 0.7745664739884393 0.650390625  
0.687089715536105 0.8385416666666666 0.6255707762557078  
0.683991683991684 0.7888888888888889 0.6738987508218277  
0.6764705882352942 0.8020304568527918 0.6428098078197482  
0.652452025586354 0.7684729064039408 0.695364238410596  
0.6760259179265659 0.7733990147783252 0.6649076517150396  
0.6900212314225053 0.7388888888888889 0.7008491182233834  
0.6290322580645161 0.8171428571428572 0.6637988087359364  
0.7136563876651982 0.7233009708737864 0.69053876478318  
0.6877637130801688 0.7637362637362637 0.6959370904325033  
0.6924731182795699 0.7142857142857143 0.7009162303664922  
0.6742738589211619 0.8351648351648352 0.6007905138339921  
0.7018633540372671 0.7878787878787878 0.6795469686875416  
0.6917960088691796 0.7553191489361702 0.6558651976668827  
0.696969696969697 0.7688442211055276 0.6955645161290323  
0.6481481481481481 0.7570621468926554 0.6932192231731402  
0.6708333333333333 0.7445652173913043 0.6772068511198946  
0.6412371134020619 0.8494623655913979 0.6472534745201853  
0.6550218340611353 0.7486338797814208 0.6898118105126542  
0.6833333333333333 0.7567567567567568 0.7000659195781147  
0.6877729257641921 0.765625 0.6697127937336814  
0.660455486542443 0.8469387755102041 0.6513639387890885  
0.6884531590413944 0.7164948453608248 0.6906474820143885  
0.6837782340862423 0.8112244897959183 0.6337558372248165  
0.67170626349892 0.7558139534883721 0.649644473173885  
0.6666666666666666 0.7989130434782609 0.672  
0.7265135699373695 0.7807486631016043 0.6418205804749341  
0.6744186046511628 0.8021978021978022 0.6699410609037328  
0.6927966101694916 0.8148148148148148 0.6469428007889546  
0.7176220806794055 0.7955801104972375 0.7137254901960784  
0.6974789915966386 0.6923076923076923 0.6909331568497684  
0.6639004149377593 0.7837837837837838 0.6772277227722773  
0.702819956616052 0.8209876543209876 0.6933932007697242  
0.6686868686868687 0.7474226804123711 0.6999330207635633  
0.7016806722689075 0.8102564102564103 0.6796823295830576  
0.701271186440678 0.8131868131868132 0.6865183246073299  
0.6623093681917211 0.7471264367816092 0.6701097482246611  
0.6659340659340659 0.6702127659574468 0.6946068875893437  
0.72 0.8152173913043478 0.6655540720961282  
0.6407322654462243 0.7905759162303665 0.6898326898326899  
0.6801705756929638 0.8146341463414634 0.6074270557029178  
0.7184873949579832 0.743455497382199 0.6673267326732674  
0.6573275862068966 0.7647058823529411 0.665785997357992  
0.7364016736401674 0.6839378238341969 0.6902713434811383  
0.7133891213389121 0.7458563535911602 0.7130663164806303  
0.6989690721649484 0.7052631578947368 0.7060384870603849  
0.6681222707423581 0.7931034482758621 0.6580645161290323  
0.688659793814433 0.6888888888888889 0.6802900461437047  
