0.9947 
0.9965 
0.9926 
0.9965 
0.9961 
0.9928 
0.9962 
0.9948 
1.0000 
0.9927 
0.9950 
0.9966 
0.9982 
0.9982 
0.9948 
0.9981 
0.9963 
0.9965 
1.0000 
0.9982 
0.9966 
0.9983 
0.9964 
0.9948 
1.0000 
0.9949 
0.9982 
0.9946 
0.9981 
0.9966 
0.9963 
0.9982 
0.9947 
0.9965 
0.9950 
0.9962 
0.9916 
1.0000 
1.0000 
0.9945 
0.9946 
0.9966 
0.9944 
0.9944 
0.9968 
0.9965 
0.9979 
0.9951 
0.9983 
0.9984 
0.9944 
0.9983 
0.9964 
0.9966 
0.9968 
0.9965 
0.9982 
0.9847 
0.9966 
0.9942 
0.9947 
0.9942 
0.9964 
0.9964 
0.9963 
0.9969 
0.9964 
0.9932 
0.9964 
0.9963 
0.9950 
0.9983 
0.9964 
0.9949 
0.9951 
0.9944 
0.9983 
1.0000 
0.9964 
0.9966 
0.9945 
0.9981 
0.9929 
0.9966 
0.9965 
0.9980 
0.9947 
1.0000 
0.9926 
0.9952 
0.9931 
0.9946 
0.9964 
0.9963 
0.9962 
1.0000 
0.9949 
0.9965 
0.9932 
0.9981 
0.9981 
1.0000 
0.9917 
0.9983 
0.9947 
0.9982 
0.9982 
0.9931 
1.0000 
0.9966 
0.9948 
0.9949 
1.0000 
0.9950 
0.9983 
0.9947 
0.9964 
0.9951 
0.9965 
0.9964 
0.9983 
0.9946 
0.9966 
0.9946 
0.9966 
0.9900 
0.9947 
0.9965 
0.9923 
0.9965 
0.9963 
0.9965 
0.9947 
0.9948 
0.9928 
1.0000 
0.9930 
0.9949 
0.9966 
0.9982 
0.9947 
0.9908 
0.9948 
0.9984 
0.9966 
0.9966 
0.9965 
0.9982 
0.9937 
0.9949 
0.9982 
0.9968 
0.9945 
0.9964 
0.9948 
0.9914 
0.9963 
0.9982 
0.9968 
0.9932 
0.9949 
0.9982 
0.9982 
0.9929 
0.9925 
0.9982 
0.9982 
0.9948 
0.9968 
0.9968 
0.9964 
0.9963 
0.9946 
0.9965 
0.9947 
0.9946 
0.9983 
0.9914 
1.0000 
0.9967 
0.9946 
0.9943 
0.9951 
0.9982 
0.9963 
0.9928 
0.9984 
0.9984 
0.9964 
0.9967 
0.9946 
0.9966 
0.9965 
0.9963 
0.9964 
0.9962 
0.9964 
0.9982 
0.9983 
1.0000 
1.0000 
0.9963 
0.9968 
0.9964 
0.9948 
0.9965 
0.9950 
0.9964 
0.9965 
0.9964 
0.9983 
0.9964 
1.0000 
0.9895 
0.9981 
0.9947 
0.9982 
0.9948 
0.9964 
0.9950 
0.9962 
0.9948 
0.9965 
0.9963 
0.9935 
0.9965 
0.9965 
0.9931 
0.9982 
0.9914 
0.9944 
0.9950 
0.9964 
0.9965 
0.9946 
0.9982 
0.9964 
0.9967 
0.9947 
0.9982 
0.9964 
0.9931 
0.9968 
0.9968 
0.9950 
0.9915 
0.9934 
0.9934 
0.9914 
0.9966 
0.9981 
0.9983 
0.9946 
0.9945 
0.9966 
0.9962 
0.9982 
0.9981 
0.9982 
0.9950 
0.9968 
0.9950 
0.9983 
0.9963 
0.9946 
1.0000 
0.9967 
0.9949 
0.9911 
0.9983 
0.9983 
0.9964 
0.9964 
0.9944 
0.9964 
0.9983 
0.9965 
0.9981 
0.9982 
0.9983 
0.9964 
0.9943 
0.9934 
0.9967 
0.9965 
0.9978 
0.9947 
0.9965 
1.0000 
0.9963 
0.9968 
1.0000 
0.9967 
0.9965 
0.9947 
0.9934 
0.9981 
0.9963 
0.9949 
0.9965 
0.9963 
0.9982 
0.9915 
1.0000 
0.9964 
0.9947 
0.9983 
0.9950 
0.9966 
1.0000 
0.9983 
0.9946 
0.9930 
0.9983 
0.9983 
0.9982 
0.9982 
0.9951 
0.9947 
0.9944 
0.9965 
0.9944 
0.9980 
0.9949 
0.9928 
0.9982 
0.9943 
0.9967 
0.9946 
0.9962 
0.9983 
1.0000 
0.9912 
0.9964 
1.0000 
0.9983 
0.9928 
0.9947 
0.9983 
0.9981 
0.9966 
0.9943 
0.9966 
0.9962 
0.9948 
0.9968 
0.9965 
0.9965 
0.9927 
0.9982 
0.9945 
0.9948 
0.9982 
0.9961 
0.9944 
0.9965 
0.9963 
0.9965 
0.9947 
0.9984 
0.9953 
0.9965 
0.9945 
0.9983 
0.9981 
0.9981 
1.0000 
0.9948 
1.0000 
0.9946 
0.9945 
1.0000 
0.9983 
0.9931 
0.9982 
0.9929 
0.9926 
1.0000 
0.9967 
0.9982 
0.9966 
0.9948 
0.9965 
0.9947 
0.9950 
0.9964 
0.9949 
0.9947 
0.9967 
0.9963 
0.9965 
0.9969 
1.0000 
0.9983 
0.9944 
0.9965 
0.9965 
0.9946 
0.9929 
0.9983 
0.9947 
0.9911 
0.9915 
0.9908 
0.9965 
0.9965 
0.9982 
0.9894 
0.9967 
0.9964 
0.9966 
1.0000 
0.9944 
0.9982 
0.9949 
1.0000 
0.9983 
0.9982 
0.9982 
1.0000 
1.0000 
0.9939 
0.9963 
0.9982 
0.9962 
0.9965 
0.9980 
0.9982 
0.9962 
0.9963 
1.0000 
0.9966 
0.9950 
0.9983 
0.9984 
0.9981 
0.9922 
0.9966 
0.9964 
0.9927 
0.9981 
0.9931 
0.9962 
0.9948 
0.9950 
0.9982 
0.9883 
0.9969 
0.9920 
0.9983 
0.9983 
0.9981 
0.9982 
0.9982 
0.9946 
0.9946 
1.0000 
0.9947 
0.9982 
0.9964 
0.9982 
0.9984 
0.9981 
0.9983 
0.9944 
0.9964 
0.9982 
0.9983 
0.9909 
0.9931 
0.9945 
0.9950 
0.9982 
0.9983 
0.9982 
0.9967 
0.9965 
0.9944 
0.9898 
0.9965 
0.9944 
0.9949 
0.9966 
0.9950 
0.9949 
0.9964 
0.9965 
0.9982 
0.9948 
0.9950 
0.9982 
0.9925 
0.9950 
0.9984 
0.9945 
0.9942 
0.9983 
1.0000 
0.9948 
1.0000 
0.9964 
0.9950 
0.9926 
0.9983 
1.0000 
0.9983 
1.0000 
0.9983 
0.9965 
0.9983 
0.9963 
0.9965 
0.9945 
0.9983 
0.9950 
1.0000 
0.9948 
0.9982 
0.9967 
0.9967 
0.9964 
0.9948 
0.9983 
0.9980 
0.9965 
0.9982 
0.9928 
0.9963 
0.9943 
0.9960 
0.9965 
0.9933 
0.9950 
0.9946 
0.9961 
0.9983 
0.9928 
0.9983 
0.9982 
0.9980 
1.0000 
0.9963 
0.9965 
0.9966 
0.9929 
0.9964 
0.9966 
1.0000 
0.9965 
0.9964 
1.0000 
0.9951 
0.9981 
0.9983 
0.9931 
0.9935 
0.9984 
0.9952 
0.9945 
1.0000 
0.9951 
0.9964 
0.9983 
0.9967 
0.9965 
0.9948 
0.9913 
0.9982 
0.9947 
1.0000 
0.9948 
0.9984 
0.9960 
0.9966 
0.9983 
0.9944 
0.9946 
0.9982 
0.9966 
0.9965 
0.9933 
0.9983 
0.9916 
0.9964 
0.9927 
0.9966 
0.9965 
0.9982 
0.9946 
0.9965 
0.9966 
0.9949 
0.9929 
0.9983 
0.9927 
0.9962 
0.9951 
0.9943 
0.9982 
0.9928 
0.9947 
0.9981 
0.9932 
0.9945 
1.0000 
0.9981 
0.9982 
0.9965 
0.9950 
1.0000 
0.9949 
0.9944 
0.9982 
0.9950 
0.9983 
0.9983 
1.0000 
0.9934 
1.0000 
0.9965 
1.0000 
0.9949 
0.9963 
0.9981 
0.9920 
0.9945 
0.9931 
0.9965 
0.9948 
0.9982 
0.9981 
0.9964 
0.9981 
0.9947 
0.9946 
1.0000 
0.9962 
1.0000 
0.9966 
0.9967 
0.9959 
0.9948 
0.9947 
0.9947 
0.9946 
0.9931 
1.0000 
0.9981 
0.9947 
0.9964 
0.9965 
0.9913 
0.9962 
0.9965 
0.9947 
1.0000 
0.9949 
0.9982 
0.9983 
0.9952 
0.9982 
0.9983 
0.9963 
0.9943 
0.9964 
0.9982 
0.9959 
0.9927 
0.9966 
0.9912 
0.9983 
0.9943 
0.9945 
0.9949 
0.9965 
0.9983 
0.9963 
0.9928 
0.9982 
0.9982 
0.9964 
0.9965 
0.9965 
0.9930 
0.9965 
0.9933 
0.9983 
0.9947 
0.9966 
0.9967 
0.9982 
0.9983 
0.9918 
0.9981 
0.9981 
0.9982 
0.9965 
1.0000 
0.9965 
1.0000 
0.9947 
0.9965 
0.9982 
0.9981 
0.9931 
0.9965 
0.9946 
0.9946 
0.9963 
0.9981 
0.9948 
0.9948 
0.9931 
0.9952 
0.9983 
0.9947 
0.9982 
0.9983 
1.0000 
0.9960 
0.9946 
0.9963 
0.9949 
0.9930 
0.9982 
0.9913 
1.0000 
0.9967 
0.9949 
0.9965 
0.9964 
0.9966 
0.9948 
0.9965 
0.9947 
0.9982 
0.9965 
0.9961 
0.9948 
0.9983 
0.9982 
0.9966 
0.9964 
0.9964 
0.9983 
0.9965 
0.9969 
0.9930 
0.9962 
0.9964 
0.9948 
0.9982 
0.9931 
1.0000 
0.9982 
0.9947 
0.9964 
0.9982 
0.9963 
0.9886 
0.9983 
0.9961 
0.9932 
0.9981 
0.9983 
0.9949 
1.0000 
0.9982 
0.9983 
0.9967 
0.9947 
0.9966 
0.9945 
0.9981 
0.9982 
0.9967 
0.9947 
0.9948 
1.0000 
1.0000 
0.9968 
0.9944 
0.9961 
0.9980 
0.9983 
0.9963 
0.9966 
0.9945 
0.9931 
0.9940 
0.9949 
0.9966 
0.9928 
0.9948 
0.9982 
0.9984 
0.9983 
0.9947 
0.9965 
0.9968 
0.9966 
0.9949 
0.9982 
0.9963 
1.0000 
0.9944 
0.9964 
0.9965 
0.9966 
0.9965 
0.9983 
0.9925 
0.9945 
0.9962 
0.9966 
0.9981 
0.9946 
0.9961 
0.9964 
0.9933 
0.9964 
0.9964 
0.9983 
0.9966 
0.9963 
0.9966 
0.9966 
0.9948 
0.9966 
0.9966 
0.9983 
0.9963 
0.9965 
0.9967 
0.9950 
0.9965 
0.9962 
0.9982 
0.9964 
0.9945 
0.9982 
0.9922 
0.9930 
1.0000 
0.9964 
0.9983 
0.9946 
0.9982 
0.9948 
0.9983 
0.9929 
0.9950 
0.9965 
0.9982 
0.9901 
0.9982 
0.9983 
0.9945 
0.9926 
0.9947 
0.9982 
1.0000 
0.9983 
1.0000 
0.9983 
0.9947 
1.0000 
0.9964 
0.9906 
0.9966 
0.9951 
0.9966 
0.9946 
0.9945 
0.9963 
0.9982 
0.9981 
0.9949 
0.9927 
0.9983 
0.9964 
0.9965 
0.9983 
0.9928 
0.9963 
1.0000 
0.9933 
0.9932 
0.9966 
0.9937 
0.9964 
0.9982 
0.9982 
0.9943 
0.9966 
0.9963 
0.9965 
0.9931 
0.9982 
1.0000 
0.9962 
0.9914 
0.9950 
0.9965 
0.9982 
0.9962 
0.9983 
1.0000 
0.9966 
0.9966 
0.9965 
0.9932 
0.9962 
1.0000 
0.9981 
0.9964 
0.9965 
0.9936 
1.0000 
0.9943 
0.9966 
0.9967 
0.9967 
0.9983 
0.9961 
0.9981 
0.9947 
0.9980 
1.0000 
1.0000 
0.9983 
0.9948 
0.9965 
0.9983 
0.9947 
0.9983 
1.0000 
0.9934 
0.9934 
0.9948 
0.9903 
1.0000 
0.9945 
0.9983 
0.9966 
0.9982 
0.9965 
0.9944 
0.9981 
0.9944 
0.9982 
0.9964 
0.9919 
0.9964 
0.9949 
0.9963 
0.9962 
0.9962 
0.9949 
0.9934 
0.9981 
0.9966 
0.9929 
0.9983 
0.9981 
0.9947 
0.9944 
0.9967 
0.9914 
0.9983 
0.9949 
0.9983 
0.9946 
0.9982 
0.9909 
0.9963 
0.9935 
0.9948 
0.9913 
0.9949 
0.9982 
0.9966 
0.9964 
0.9983 
0.9985 
0.9982 
0.9964 
0.9949 
0.9967 
0.9982 
0.9983 
0.9964 
0.9981 
0.9964 
0.9923 
0.9928 
0.9949 
0.9929 
0.9984 
0.9983 
